    0.00    0.00   5.190E-01  102.79  1.771E-05   -5.10      3.38458E+00                 0.0000   180.00   LINEAR
    2.00    0.00   5.149E-01  115.30  2.590E-05  -26.40      3.33136E+00                 0.0000   180.00   LINEAR
    4.00    0.00   5.027E-01  127.66  3.738E-05  -28.17      3.17621E+00                 0.0000   180.00   LINEAR
    6.00    0.00   4.830E-01  139.85  4.867E-05  -22.51      2.93139E+00                 0.0000   179.99   LINEAR
    8.00    0.00   4.562E-01  151.85  5.866E-05  -13.84      2.61580E+00                 0.0000   179.99   LINEAR
   10.00    0.00   4.234E-01  163.64  6.688E-05   -3.70      2.25273E+00                 0.0000   179.99   LINEAR
   12.00    0.00   3.855E-01  175.18  7.307E-05    7.25      1.86737E+00                 0.0000   179.99   LINEAR
   14.00    0.00   3.437E-01 -173.57  7.712E-05   18.71      1.48422E+00                 0.0000   179.99   LINEAR
   16.00    0.00   2.992E-01 -162.66  7.904E-05   30.51      1.12480E+00                 0.0001   179.99   LINEAR
   18.00    0.00   2.533E-01 -152.16  7.894E-05   42.58      8.05980E-01                 0.0001   179.98   LINEAR
   20.00    0.00   2.071E-01 -142.20  7.700E-05   54.89      5.38977E-01                 0.0001   179.98   LINEAR
   22.00    0.00   1.619E-01 -133.00  7.346E-05   67.46      3.29182E-01                 0.0002    -0.02   LINEAR
   24.00    0.00   1.185E-01 -125.02  6.863E-05   80.34      1.76607E-01                 0.0002    -0.03   LINEAR
   26.00    0.00   7.821E-02 -119.51  6.283E-05   93.62      7.68655E-02                 0.0004    -0.04   LINEAR
   28.00    0.00   4.227E-02 -121.43  5.641E-05  107.48      2.24519E-02                 0.0010    -0.05   LINEAR
   30.00    0.00   1.805E-02 -163.40  4.975E-05  122.14      4.09599E-03                 0.0027  -179.96   LINEAR
   32.00    0.00   3.093E-02  135.56  4.324E-05  137.92      1.20203E-02                 0.0001  -179.92   LINEAR
   34.00    0.00   5.423E-02  128.41  3.727E-05  155.21      3.69623E-02                 0.0003  -179.96   LINEAR
   36.00    0.00   7.511E-02  131.12  3.225E-05  174.37      7.08906E-02                 0.0003  -179.98   LINEAR
   38.00    0.00   9.245E-02  136.21  2.856E-05 -164.59      1.07406E-01                 0.0003  -179.99   LINEAR
   40.00    0.00   1.062E-01  141.99  2.642E-05 -142.44      1.41861E-01                 0.0002  -180.00   LINEAR
   42.00    0.00   1.167E-01  147.91  2.578E-05 -120.68      1.71253E-01                 0.0002   180.00   LINEAR
   44.00    0.00   1.242E-01  153.73  2.629E-05 -100.80      1.93989E-01                 0.0002   180.00   LINEAR
   46.00    0.00   1.291E-01  159.33  2.746E-05  -83.51      2.09561E-01                 0.0002   179.99   LINEAR
   48.00    0.00   1.318E-01  164.66  2.887E-05  -68.76      2.18222E-01                 0.0002   179.99   LINEAR
   50.00    0.00   1.325E-01  169.68  3.023E-05  -56.18      2.20696E-01                 0.0002   179.99   LINEAR
   52.00    0.00   1.317E-01  174.40  3.136E-05  -45.35      2.17934E-01                 0.0002   179.99   LINEAR
   54.00    0.00   1.296E-01  178.82  3.218E-05  -35.94      2.10946E-01                 0.0001   179.99   LINEAR
   56.00    0.00   1.264E-01 -177.05  3.266E-05  -27.70      2.00687E-01                 0.0001   179.99   LINEAR
   58.00    0.00   1.223E-01 -173.19  3.282E-05  -20.45      1.88002E-01                 0.0001   179.99   LINEAR
   60.00    0.00   1.175E-01 -169.59  3.267E-05  -14.05      1.73602E-01                 0.0001   179.99   LINEAR
   62.00    0.00   1.122E-01 -166.21  3.226E-05   -8.40      1.58068E-01                 0.0001   179.98   LINEAR
   64.00    0.00   1.063E-01 -163.05  3.163E-05   -3.44      1.41873E-01                 0.0001   179.98   LINEAR
   66.00    0.00   9.990E-02 -160.08  3.083E-05    0.90      1.25404E-01                 0.0001   179.98   LINEAR
   68.00    0.00   9.313E-02 -157.27  2.990E-05    4.64      1.08981E-01                 0.0001   179.98   LINEAR
   70.00    0.00   8.597E-02 -154.61  2.888E-05    7.83      9.28825E-02                 0.0001   179.98   LINEAR
   72.00    0.00   7.846E-02 -152.05  2.781E-05   10.48      7.73588E-02                 0.0001   179.98   LINEAR
   74.00    0.00   7.060E-02 -149.55  2.671E-05   12.63      6.26423E-02                 0.0001   179.98   LINEAR
   76.00    0.00   6.242E-02 -147.04  2.563E-05   14.27      4.89576E-02                 0.0001   179.98   LINEAR
   78.00    0.00   5.391E-02 -144.38  2.457E-05   15.44      3.65272E-02                 0.0002   179.98   LINEAR
   80.00    0.00   4.511E-02 -141.35  2.357E-05   16.15      2.55768E-02                 0.0002   179.97   LINEAR
   82.00    0.00   3.606E-02 -137.42  2.264E-05   16.39      1.63397E-02                 0.0003   179.97   LINEAR
   84.00    0.00   2.685E-02 -131.34  2.179E-05   16.20      9.06159E-03                 0.0004    -0.04   LINEAR
   86.00    0.00   1.785E-02 -119.31  2.104E-05   15.58      4.00475E-03                 0.0008    -0.05   LINEAR
   88.00    0.00   1.075E-02  -87.23  2.040E-05   14.55      1.45189E-03                 0.0019    -0.02   LINEAR
   90.00    0.00   1.166E-02  -29.83  1.986E-05   13.12      1.70913E-03                 0.0012     0.07   LINEAR
   92.00    0.00   2.016E-02   -2.58  1.943E-05   11.31      5.10711E-03                 0.0002     0.05   LINEAR
   94.00    0.00   3.090E-02    7.03  1.912E-05    9.12      1.19994E-02                 0.0000     0.04   LINEAR
   96.00    0.00   4.256E-02   10.95  1.890E-05    6.56      2.27573E-02                 0.0000     0.03   LINEAR
   98.00    0.00   5.482E-02   12.41  1.879E-05    3.64      3.77591E-02                 0.0001     0.02   LINEAR
  100.00    0.00   6.757E-02   12.51  1.878E-05    0.34      5.73738E-02                 0.0001     0.02   LINEAR
  102.00    0.00   8.075E-02   11.72  1.884E-05   -3.34      8.19370E-02                 0.0001     0.01   LINEAR
  104.00    0.00   9.429E-02   10.26  1.899E-05   -7.44      1.11718E-01                 0.0001     0.01   LINEAR
  106.00    0.00   1.081E-01    8.25  1.920E-05  -11.97      1.46879E-01                 0.0001     0.01   LINEAR
  108.00    0.00   1.221E-01    5.76  1.947E-05  -16.97      1.87422E-01                 0.0001     0.01   LINEAR
  110.00    0.00   1.362E-01    2.85  1.978E-05  -22.49      2.33135E-01                 0.0001     0.01   LINEAR
  112.00    0.00   1.502E-01   -0.47  2.014E-05  -28.56      2.83522E-01                 0.0001     0.01   LINEAR
  114.00    0.00   1.639E-01   -4.16  2.055E-05  -35.25      3.37737E-01                 0.0001     0.01   LINEAR
  116.00    0.00   1.772E-01   -8.22  2.100E-05  -42.60      3.94524E-01                 0.0001     0.01   LINEAR
  118.00    0.00   1.897E-01  -12.62  2.150E-05  -50.65      4.52165E-01                 0.0001     0.01   LINEAR
  120.00    0.00   2.011E-01  -17.35  2.209E-05  -59.44      5.08450E-01                 0.0001     0.00   LINEAR
  122.00    0.00   2.112E-01  -22.41  2.279E-05  -68.99      5.60687E-01                 0.0001     0.00   LINEAR
  124.00    0.00   2.196E-01  -27.78  2.365E-05  -79.29      6.05752E-01                 0.0001     0.00   LINEAR
  126.00    0.00   2.257E-01  -33.45  2.471E-05  -90.28      6.40217E-01                 0.0001     0.00   LINEAR
  128.00    0.00   2.293E-01  -39.40  2.605E-05 -101.87      6.60543E-01                 0.0001     0.00   LINEAR
  130.00    0.00   2.298E-01  -45.61  2.771E-05 -113.93      6.63367E-01                 0.0001     0.00   LINEAR
  132.00    0.00   2.267E-01  -52.07  2.976E-05 -126.31      6.45882E-01                 0.0001     0.00   LINEAR
  134.00    0.00   2.197E-01  -58.73  3.223E-05 -138.86      6.06303E-01                 0.0001     0.00   LINEAR
  136.00    0.00   2.081E-01  -65.54  3.514E-05 -151.43      5.44400E-01                 0.0002     0.00   LINEAR
  138.00    0.00   1.918E-01  -72.41  3.848E-05 -163.94      4.62068E-01                 0.0002    -0.00   LINEAR
  140.00    0.00   1.702E-01  -79.18  4.222E-05 -176.31      3.63876E-01                 0.0002    -0.00   LINEAR
  142.00    0.00   1.432E-01  -85.50  4.629E-05  171.46      2.57521E-01                 0.0003    -0.00   LINEAR
  144.00    0.00   1.107E-01  -90.50  5.060E-05  159.38      1.54102E-01                 0.0004    -0.01   LINEAR
  146.00    0.00   7.362E-02  -91.25  5.503E-05  147.44      6.81144E-02                 0.0006    -0.02   LINEAR
  148.00    0.00   3.686E-02  -71.38  5.946E-05  135.59      1.70700E-02                 0.0007    -0.08   LINEAR
  150.00    0.00   4.055E-02    0.88  6.372E-05  123.83      2.06640E-02                 0.0013    -0.05   LINEAR
  152.00    0.00   8.896E-02   18.06  6.764E-05  112.12      9.94538E-02                 0.0008    -0.00   LINEAR
  154.00    0.00   1.474E-01   15.83  7.103E-05  100.45      2.73069E-01                 0.0005     0.00   LINEAR
  156.00    0.00   2.107E-01    9.06  7.372E-05   88.80      5.58047E-01                 0.0003     0.00   LINEAR
  158.00    0.00   2.772E-01    0.50  7.551E-05   77.19      9.65478E-01                 0.0003     0.00   LINEAR
  160.00    0.00   3.453E-01   -9.03  7.623E-05   65.62      1.49871E+00                 0.0002     0.00   LINEAR
  162.00    0.00   4.138E-01  -19.19  7.575E-05   54.11      2.15141E+00                 0.0002     0.00   LINEAR
  164.00    0.00   4.809E-01  -29.80  7.393E-05   42.72      2.90639E+00                 0.0001     0.00   LINEAR
  166.00    0.00   5.452E-01  -40.79  7.071E-05   31.52      3.73538E+00                 0.0001     0.00   LINEAR
  168.00    0.00   6.050E-01  -52.09  6.606E-05   20.64      4.60001E+00                 0.0001     0.00   LINEAR
  170.00    0.00   6.588E-01  -63.65  6.003E-05   10.27      5.45415E+00                 0.0001     0.00   LINEAR
  172.00    0.00   7.051E-01  -75.44  5.274E-05    0.79      6.24733E+00                 0.0001     0.00   LINEAR
  174.00    0.00   7.426E-01  -87.44  4.443E-05   -7.14      6.92906E+00                 0.0001     0.00   LINEAR
  176.00    0.00   7.702E-01  -99.63  3.555E-05  -12.11      7.45351E+00                 0.0000     0.00   LINEAR
  178.00    0.00   7.870E-01 -111.99  2.703E-05  -11.04      7.78407E+00                 0.0000    -0.00   LINEAR
  180.00    0.00   7.927E-01 -124.50  2.101E-05    1.42      7.89710E+00                 0.0000    -0.00   LINEAR
  182.00    0.00   7.871E-01 -137.14  2.107E-05   23.04      7.78441E+00                 0.0000   180.00   LINEAR
  184.00    0.00   7.702E-01 -149.90  2.754E-05   36.14      7.45416E+00                 0.0000   180.00   LINEAR
  186.00    0.00   7.426E-01 -162.76  3.708E-05   37.63      6.92997E+00                 0.0000   180.00   LINEAR
  188.00    0.00   7.051E-01 -175.72  4.748E-05   32.90      6.24843E+00                 0.0000   180.00   LINEAR
  190.00    0.00   6.589E-01  171.24  5.773E-05   25.14      5.45536E+00                 0.0000   180.00   LINEAR
  192.00    0.00   6.051E-01  158.11  6.728E-05   15.82      4.60124E+00                 0.0001   179.99   LINEAR
  194.00    0.00   5.453E-01  144.90  7.577E-05    5.66      3.73655E+00                 0.0001   179.99   LINEAR
  196.00    0.00   4.810E-01  131.59  8.296E-05   -4.95      2.90745E+00                 0.0001   179.99   LINEAR
  198.00    0.00   4.139E-01  118.16  8.869E-05  -15.78      2.15231E+00                 0.0002   179.99   LINEAR
  200.00    0.00   3.454E-01  104.54  9.286E-05  -26.65      1.49942E+00                 0.0002   179.99   LINEAR
  202.00    0.00   2.773E-01   90.58  9.543E-05  -37.46      9.66007E-01                 0.0003   179.99   LINEAR
  204.00    0.00   2.108E-01   75.99  9.642E-05  -48.11      5.58405E-01                 0.0004   179.99   LINEAR
  206.00    0.00   1.475E-01   59.96  9.588E-05  -58.50      2.73285E-01                 0.0006   179.98   LINEAR
  208.00    0.00   8.901E-02   39.78  9.394E-05  -68.55      9.95656E-02                 0.0010    -0.02   LINEAR
  210.00    0.00   4.060E-02    0.60  9.073E-05  -78.17      2.07131E-02                 0.0022     0.02   LINEAR
  212.00    0.00   3.688E-02  -93.14  8.643E-05  -87.26      1.70960E-02                 0.0002     0.13   LINEAR
  214.00    0.00   7.364E-02 -134.12  8.127E-05  -95.69      6.81516E-02                 0.0007     0.05   LINEAR
  216.00    0.00   1.108E-01 -153.99  7.547E-05 -103.33      1.54177E-01                 0.0005  -179.98   LINEAR
  218.00    0.00   1.432E-01 -169.08  6.929E-05 -110.00      2.57651E-01                 0.0004  -179.99   LINEAR
  220.00    0.00   1.702E-01  177.70  6.301E-05 -115.50      3.64068E-01                 0.0003  -179.99   LINEAR
  222.00    0.00   1.918E-01  165.48  5.694E-05 -119.58      4.62322E-01                 0.0003  -180.00   LINEAR
  224.00    0.00   2.082E-01  153.96  5.142E-05 -122.02      5.44709E-01                 0.0002  -180.00   LINEAR
  226.00    0.00   2.197E-01  142.99  4.678E-05 -122.66      6.06655E-01                 0.0002   180.00   LINEAR
  228.00    0.00   2.268E-01  132.50  4.336E-05 -121.59      6.46263E-01                 0.0002   180.00   LINEAR
  230.00    0.00   2.298E-01  122.46  4.139E-05 -119.24      6.63761E-01                 0.0002   180.00   LINEAR
  232.00    0.00   2.293E-01  112.85  4.092E-05 -116.38      6.60936E-01                 0.0001   179.99   LINEAR
  234.00    0.00   2.258E-01  103.66  4.179E-05 -113.84      6.40596E-01                 0.0001   179.99   LINEAR
  236.00    0.00   2.196E-01   94.90  4.368E-05 -112.18      6.06107E-01                 0.0001   179.99   LINEAR
  238.00    0.00   2.113E-01   86.57  4.625E-05 -111.56      5.61010E-01                 0.0001   179.99   LINEAR
  240.00    0.00   2.012E-01   78.68  4.917E-05 -111.90      5.08738E-01                 0.0000   179.99   LINEAR
  242.00    0.00   1.897E-01   71.22  5.221E-05 -113.00      4.52414E-01                 0.0000   179.98   LINEAR
  244.00    0.00   1.772E-01   64.20  5.520E-05 -114.62      3.94734E-01                 0.0000   179.98   LINEAR
  246.00    0.00   1.640E-01   57.62  5.804E-05 -116.56      3.37910E-01                 0.0000   179.98   LINEAR
  248.00    0.00   1.502E-01   51.49  6.067E-05 -118.68      2.83662E-01                 0.0001   179.98   LINEAR
  250.00    0.00   1.362E-01   45.79  6.305E-05 -120.84      2.33246E-01                 0.0001   179.97   LINEAR
  252.00    0.00   1.222E-01   40.52  6.519E-05 -122.95      1.87507E-01                 0.0002    -0.03   LINEAR
  254.00    0.00   1.081E-01   35.65  6.708E-05 -124.93      1.46941E-01                 0.0002    -0.03   LINEAR
  256.00    0.00   9.431E-02   31.15  6.874E-05 -126.74      1.11763E-01                 0.0003    -0.04   LINEAR
  258.00    0.00   8.076E-02   26.95  7.019E-05 -128.33      8.19683E-02                 0.0004    -0.05   LINEAR
  260.00    0.00   6.758E-02   22.94  7.145E-05 -129.66      5.73948E-02                 0.0005    -0.05   LINEAR
  262.00    0.00   5.483E-02   18.89  7.255E-05 -130.73      3.77728E-02                 0.0007    -0.07   LINEAR
  264.00    0.00   4.256E-02   14.35  7.351E-05 -131.51      2.27664E-02                 0.0010    -0.08   LINEAR
  266.00    0.00   3.091E-02    8.22  7.435E-05 -131.99      1.20063E-02                 0.0015    -0.11   LINEAR
  268.00    0.00   2.017E-02   -2.74  7.508E-05 -132.15      5.11375E-03                 0.0029    -0.14   LINEAR
  270.00    0.00   1.169E-02  -30.47  7.571E-05 -132.00      1.71743E-03                 0.0063    -0.07   LINEAR
  272.00    0.00   1.079E-02  -87.26  7.626E-05 -131.53      1.46354E-03                 0.0049     0.29   LINEAR
  274.00    0.00   1.789E-02 -117.97  7.671E-05 -130.73      4.02134E-03                 0.0009     0.24   LINEAR
  276.00    0.00   2.689E-02 -127.83  7.708E-05 -129.60      9.08465E-03                 0.0001     0.16   LINEAR
  278.00    0.00   3.609E-02 -130.85  7.735E-05 -128.15      1.63707E-02                 0.0001     0.12   LINEAR
  280.00    0.00   4.515E-02 -130.85  7.750E-05 -126.38      2.56172E-02                 0.0001     0.10   LINEAR
  282.00    0.00   5.395E-02 -129.10  7.752E-05 -124.29      3.65784E-02                 0.0001     0.08   LINEAR
  284.00    0.00   6.246E-02 -126.10  7.737E-05 -121.89      4.90207E-02                 0.0001     0.07   LINEAR
  286.00    0.00   7.065E-02 -122.11  7.704E-05 -119.19      6.27184E-02                 0.0001     0.06   LINEAR
  288.00    0.00   7.851E-02 -117.26  7.647E-05 -116.21      7.74483E-02                 0.0000     0.06   LINEAR
  290.00    0.00   8.602E-02 -111.64  7.565E-05 -112.99      9.29856E-02                 0.0000     0.05   LINEAR
  292.00    0.00   9.318E-02 -105.30  7.451E-05 -109.54      1.09096E-01                 0.0001     0.05   LINEAR
  294.00    0.00   9.995E-02  -98.28  7.304E-05 -105.92      1.25530E-01                 0.0001     0.04   LINEAR
  296.00    0.00   1.063E-01  -90.63  7.119E-05 -102.19      1.42008E-01                 0.0001     0.04   LINEAR
  298.00    0.00   1.122E-01  -82.38  6.895E-05  -98.43      1.58207E-01                 0.0002     0.03   LINEAR
  300.00    0.00   1.176E-01  -73.56  6.630E-05  -94.76      1.73740E-01                 0.0002     0.03   LINEAR
  302.00    0.00   1.224E-01  -64.22  6.326E-05  -91.30      1.88133E-01                 0.0002     0.03   LINEAR
  304.00    0.00   1.264E-01  -54.38  5.992E-05  -88.28      2.00802E-01                 0.0003     0.02   LINEAR
  306.00    0.00   1.296E-01  -44.09  5.638E-05  -85.92      2.11037E-01                 0.0003     0.02   LINEAR
  308.00    0.00   1.317E-01  -33.37  5.286E-05  -84.52      2.17993E-01                 0.0003     0.01   LINEAR
  310.00    0.00   1.325E-01  -22.27  4.970E-05  -84.39      2.20715E-01                 0.0003     0.01   LINEAR
  312.00    0.00   1.318E-01  -10.80  4.736E-05  -85.70      2.18197E-01                 0.0003     0.01   LINEAR
  314.00    0.00   1.291E-01    1.03  4.639E-05  -88.25      2.09489E-01                 0.0004     0.00   LINEAR
  316.00    0.00   1.242E-01   13.21  4.727E-05  -91.30      1.93873E-01                 0.0004    -0.01   LINEAR
  318.00    0.00   1.167E-01   25.79  5.022E-05  -93.73      1.71099E-01                 0.0004    -0.01   LINEAR
  320.00    0.00   1.062E-01   38.85  5.511E-05  -94.58      1.41680E-01                 0.0004    -0.02   LINEAR
  322.00    0.00   9.237E-02   52.62  6.153E-05  -93.43      1.07218E-01                 0.0004   179.97   LINEAR
  324.00    0.00   7.502E-02   67.63  6.894E-05  -90.30      7.07165E-02                 0.0003   179.95   LINEAR
  326.00    0.00   5.414E-02   85.55  7.681E-05  -85.48      3.68288E-02                 0.0002   179.92   LINEAR
  328.00    0.00   3.084E-02  113.91  8.463E-05  -79.28      1.19553E-02                 0.0006   179.85   LINEAR
  330.00    0.00   1.812E-02 -163.30  9.194E-05  -71.97      4.12626E-03                 0.0051   179.99   LINEAR
  332.00    0.00   4.241E-02  -99.68  9.832E-05  -63.80      2.26010E-02                 0.0014     0.11   LINEAR
  334.00    0.00   7.835E-02  -75.39  1.034E-04  -54.93      7.71504E-02                 0.0005     0.07   LINEAR
  336.00    0.00   1.187E-01  -58.10  1.068E-04  -45.53      1.77036E-01                 0.0002     0.05   LINEAR
  338.00    0.00   1.620E-01  -42.93  1.083E-04  -35.71      3.29754E-01                 0.0001     0.04   LINEAR
  340.00    0.00   2.072E-01  -28.65  1.077E-04  -25.57      5.39678E-01                 0.0000     0.03   LINEAR
  342.00    0.00   2.534E-01  -14.83  1.049E-04  -15.21      8.06787E-01                 0.0000     0.02   LINEAR
  344.00    0.00   2.993E-01   -1.28  9.971E-05   -4.75      1.12568E+00                 0.0000     0.02   LINEAR
  346.00    0.00   3.438E-01   12.11  9.231E-05    5.69      1.48513E+00                 0.0000     0.02   LINEAR
  348.00    0.00   3.856E-01   25.36  8.282E-05   15.94      1.86827E+00                 0.0000     0.01   LINEAR
  350.00    0.00   4.235E-01   38.51  7.151E-05   25.71      2.25357E+00                 0.0000     0.01   LINEAR
  352.00    0.00   4.563E-01   51.57  5.875E-05   34.49      2.61653E+00                 0.0000  -179.99   LINEAR
  354.00    0.00   4.830E-01   64.53  4.511E-05   41.13      2.93198E+00                 0.0000  -180.00   LINEAR
  356.00    0.00   5.028E-01   77.39  3.151E-05   42.65      3.17662E+00                 0.0000  -180.00   LINEAR
  358.00    0.00   5.149E-01   90.15  2.026E-05   30.12      3.33158E+00                 0.0000  -180.00   LINEAR
  360.00    0.00   5.190E-01  102.79  1.771E-05   -5.10      3.38458E+00                 0.0000   180.00   LINEAR