  0.00    0.00   7.088E-01  177.52  1.409E-04 -165.21      6.31391E+00                 0.0001  -179.99   LINEAR
    2.00    0.00   7.026E-01 -170.00  1.264E-04 -160.70      6.20319E+00                 0.0000  -179.99   LINEAR
    4.00    0.00   6.841E-01 -157.73  1.096E-04 -158.35      5.88114E+00                 0.0000  -179.99   LINEAR
    6.00    0.00   6.541E-01 -145.68  9.277E-05 -159.46      5.37619E+00                 0.0000  -179.99   LINEAR
    8.00    0.00   6.136E-01 -133.88  7.917E-05 -165.41      4.73158E+00                 0.0001     0.01   LINEAR
   10.00    0.00   5.642E-01 -122.33  7.257E-05 -175.91      3.99992E+00                 0.0001     0.00   LINEAR
   12.00    0.00   5.075E-01 -111.06  7.469E-05  173.06      3.23678E+00                 0.0001     0.00   LINEAR
   14.00    0.00   4.455E-01 -100.09  8.328E-05  165.91      2.49455E+00                 0.0002    -0.00   LINEAR
   16.00    0.00   3.803E-01  -89.42  9.426E-05  163.32      1.81709E+00                 0.0002    -0.00   LINEAR
   18.00    0.00   3.137E-01  -79.08  1.044E-04  163.97      1.23628E+00                 0.0003    -0.01   LINEAR
   20.00    0.00   2.476E-01  -69.05  1.118E-04  166.48      7.70359E-01                 0.0004    -0.01   LINEAR
   22.00    0.00   1.838E-01  -59.31  1.155E-04  169.84      4.24326E-01                 0.0005    -0.02   LINEAR
   24.00    0.00   1.236E-01  -49.75  1.151E-04  173.31      1.91881E-01                 0.0006    -0.04   LINEAR
   26.00    0.00   6.817E-02  -39.82  1.110E-04  176.25      5.84013E-02                 0.0010    -0.08   LINEAR
   28.00    0.00   1.856E-02  -23.63  1.038E-04  178.00      4.32857E-03                 0.0021    -0.30   LINEAR
   30.00    0.00   2.583E-02  145.00  9.465E-05  177.80      8.38355E-03                 0.0020  -179.82   LINEAR
   32.00    0.00   6.320E-02  156.85  8.544E-05  174.81      5.01946E-02                 0.0004  -179.93   LINEAR
   34.00    0.00   9.445E-02  164.56  7.840E-05  168.53      1.12109E-01                 0.0001  -179.95   LINEAR
   36.00    0.00   1.197E-01  171.16  7.585E-05  159.68      1.80155E-01                 0.0001  -179.96   LINEAR
   38.00    0.00   1.394E-01  177.05  7.890E-05  150.64      2.44263E-01                 0.0003  -179.97   LINEAR
   40.00    0.00   1.540E-01 -177.67  8.673E-05  143.80      2.97966E-01                 0.0004  -179.97   LINEAR
   42.00    0.00   1.640E-01 -172.93  9.728E-05  139.95      3.37791E-01                 0.0004  -179.98   LINEAR
   44.00    0.00   1.699E-01 -168.72  1.086E-04  138.63      3.62550E-01                 0.0005  -179.98   LINEAR
   46.00    0.00   1.722E-01 -165.02  1.191E-04  139.11      3.72677E-01                 0.0006  -179.98   LINEAR
   48.00    0.00   1.715E-01 -161.83  1.279E-04  140.72      3.69672E-01                 0.0006  -179.98   LINEAR
   50.00    0.00   1.682E-01 -159.18  1.345E-04  143.00      3.55692E-01                 0.0007  -179.98   LINEAR
   52.00    0.00   1.628E-01 -157.07  1.385E-04  145.64      3.33234E-01                 0.0007  -179.97   LINEAR
   54.00    0.00   1.558E-01 -155.57  1.399E-04  148.39      3.04919E-01                 0.0007  -179.97   LINEAR
   56.00    0.00   1.475E-01 -154.71  1.388E-04  151.09      2.73303E-01                 0.0008  -179.97   LINEAR
   58.00    0.00   1.384E-01 -154.55  1.355E-04  153.62      2.40724E-01                 0.0008  -179.97   LINEAR
   60.00    0.00   1.290E-01 -155.16  1.302E-04  155.85      2.09166E-01                 0.0008  -179.96   LINEAR
   62.00    0.00   1.197E-01 -156.57  1.233E-04  157.71      1.80152E-01                 0.0007  -179.96   LINEAR
   64.00    0.00   1.109E-01 -158.79  1.153E-04  159.12      1.54679E-01                 0.0007  -179.96   LINEAR
   66.00    0.00   1.030E-01 -161.73  1.065E-04  160.01      1.33197E-01                 0.0006  -179.95   LINEAR
   68.00    0.00   9.593E-02 -165.27  9.723E-05  160.29      1.15647E-01                 0.0006  -179.95   LINEAR
   70.00    0.00   8.989E-02 -169.18  8.790E-05  159.91      1.01545E-01                 0.0005  -179.95   LINEAR
   72.00    0.00   8.468E-02 -173.18  7.880E-05  158.81      9.01101E-02                 0.0004  -179.95   LINEAR
   74.00    0.00   7.999E-02 -177.00  7.015E-05  156.92      8.04110E-02                 0.0004  -179.95   LINEAR
   76.00    0.00   7.544E-02  179.60  6.215E-05  154.21      7.15190E-02                 0.0004  -179.96   LINEAR
   78.00    0.00   7.061E-02  176.81  5.495E-05  150.67      6.26510E-02                 0.0003  -179.96   LINEAR
   80.00    0.00   6.512E-02  174.78  4.860E-05  146.33      5.32880E-02                 0.0004  -179.96   LINEAR
   82.00    0.00   5.867E-02  173.72  4.315E-05  141.27      4.32604E-02                 0.0004  -179.96   LINEAR
   84.00    0.00   5.109E-02  173.98  3.857E-05  135.64      3.27950E-02                 0.0005  -179.97   LINEAR
   86.00    0.00   4.234E-02  176.33  3.479E-05  129.63      2.25233E-02                 0.0006  -179.97   LINEAR
   88.00    0.00   3.272E-02 -177.24  3.174E-05  123.50      1.34511E-02                 0.0008  -179.97   LINEAR
   90.00    0.00   2.342E-02 -161.29  2.934E-05  117.49      6.89291E-03                 0.0012  -179.99   LINEAR
   92.00    0.00   1.866E-02 -125.81  2.752E-05  111.85      4.37428E-03                 0.0012    -0.05   LINEAR
   94.00    0.00   2.444E-02  -87.89  2.625E-05  106.79      7.50716E-03                 0.0003    -0.06   LINEAR
   96.00    0.00   3.768E-02  -69.84  2.554E-05  102.45      1.78445E-02                 0.0001    -0.04   LINEAR
   98.00    0.00   5.406E-02  -62.42  2.544E-05   98.89      3.67227E-02                 0.0002    -0.03   LINEAR
  100.00    0.00   7.198E-02  -59.37  2.604E-05   96.02      6.51033E-02                 0.0002    -0.02   LINEAR
  102.00    0.00   9.072E-02  -58.38  2.746E-05   93.62      1.03431E-01                 0.0001    -0.02   LINEAR
  104.00    0.00   1.098E-01  -58.50  2.983E-05   91.40      1.51523E-01                 0.0001    -0.01   LINEAR
  106.00    0.00   1.288E-01  -59.30  3.326E-05   89.01      2.08522E-01                 0.0001    -0.01   LINEAR
  108.00    0.00   1.474E-01  -60.50  3.786E-05   86.22      2.72917E-01                 0.0001    -0.01   LINEAR
  110.00    0.00   1.651E-01  -61.97  4.366E-05   82.88      3.42662E-01                 0.0002    -0.01   LINEAR
  112.00    0.00   1.818E-01  -63.58  5.068E-05   78.96      4.15391E-01                 0.0002    -0.01   LINEAR
  114.00    0.00   1.972E-01  -65.26  5.889E-05   74.49      4.88713E-01                 0.0002    -0.01   LINEAR
  116.00    0.00   2.112E-01  -66.94  6.819E-05   69.53      5.60555E-01                 0.0002    -0.01   LINEAR
  118.00    0.00   2.238E-01  -68.58  7.843E-05   64.15      6.29479E-01                 0.0003    -0.01   LINEAR
  120.00    0.00   2.352E-01  -70.15  8.941E-05   58.40      6.94910E-01                 0.0003    -0.01   LINEAR
  122.00    0.00   2.455E-01  -71.65  1.009E-04   52.35      7.57166E-01                 0.0003    -0.01   LINEAR
  124.00    0.00   2.550E-01  -73.13  1.124E-04   46.03      8.17217E-01                 0.0004    -0.01   LINEAR
  126.00    0.00   2.640E-01  -74.67  1.238E-04   39.50      8.76139E-01                 0.0004    -0.01   LINEAR
  128.00    0.00   2.727E-01  -76.38  1.344E-04   32.78      9.34279E-01                 0.0005    -0.01   LINEAR
  130.00    0.00   2.807E-01  -78.39  1.440E-04   25.92      9.90260E-01                 0.0005    -0.01   LINEAR
  132.00    0.00   2.877E-01  -80.84  1.520E-04   18.95      1.04006E+00                 0.0005    -0.01   LINEAR
  134.00    0.00   2.927E-01  -83.85  1.581E-04   11.93      1.07642E+00                 0.0005    -0.00   LINEAR
  136.00    0.00   2.944E-01  -87.52  1.620E-04    4.89      1.08907E+00                 0.0005    -0.00   LINEAR
  138.00    0.00   2.912E-01  -91.88  1.632E-04   -2.09      1.06584E+00                 0.0006     0.00   LINEAR
  140.00    0.00   2.814E-01  -96.96  1.618E-04   -8.94      9.95186E-01                 0.0006     0.00   LINEAR
  142.00    0.00   2.631E-01 -102.73  1.577E-04  -15.56      8.69747E-01                 0.0006     0.00   LINEAR
  144.00    0.00   2.345E-01 -109.14  1.510E-04  -21.82      6.90854E-01                 0.0006     0.00   LINEAR
  146.00    0.00   1.940E-01 -116.11  1.420E-04  -27.55      4.73166E-01                 0.0007     0.00   LINEAR
  148.00    0.00   1.406E-01 -123.48  1.313E-04  -32.54      2.48537E-01                 0.0009    -0.00   LINEAR
  150.00    0.00   7.356E-02 -130.49  1.195E-04  -36.52      6.80024E-02                 0.0016    -0.01   LINEAR
  152.00    0.00   8.208E-03   13.05  1.074E-04  -39.17      8.46787E-04                 0.0103     0.46   RIGHT 
  154.00    0.00   1.017E-01   26.78  9.595E-05  -40.18      1.30031E-01                 0.0009     0.02   LINEAR
  156.00    0.00   2.080E-01   18.09  8.621E-05  -39.38      5.43797E-01                 0.0003     0.01   LINEAR
  158.00    0.00   3.246E-01    8.35  7.897E-05  -36.96      1.32399E+00                 0.0002     0.01   LINEAR
  160.00    0.00   4.489E-01   -1.90  7.455E-05  -33.65      2.53243E+00                 0.0001     0.01   LINEAR
  162.00    0.00   5.779E-01  -12.54  7.263E-05  -30.45      4.19721E+00                 0.0000     0.01   LINEAR
  164.00    0.00   7.081E-01  -23.51  7.231E-05  -28.12      6.30138E+00                 0.0000     0.01   LINEAR
  166.00    0.00   8.357E-01  -34.75  7.254E-05  -26.89      8.77622E+00                 0.0000     0.00   LINEAR
  168.00    0.00   9.567E-01  -46.25  7.251E-05  -26.48      1.15009E+01                 0.0000     0.00   LINEAR
  170.00    0.00   1.067E+00  -57.97  7.181E-05  -26.40      1.43095E+01                 0.0000     0.00   LINEAR
  172.00    0.00   1.163E+00  -69.89  7.048E-05  -26.07      1.70056E+01                 0.0000     0.00   LINEAR
  174.00    0.00   1.242E+00  -81.99  6.896E-05  -25.04      1.93817E+01                 0.0000     0.00   LINEAR
  176.00    0.00   1.300E+00  -94.25  6.801E-05  -23.09      2.12428E+01                 0.0000     0.00   LINEAR
  178.00    0.00   1.336E+00 -106.65  6.846E-05  -20.50      2.24295E+01                 0.0001     0.00   LINEAR
  180.00    0.00   1.348E+00 -119.17  7.087E-05  -18.03      2.28371E+01                 0.0001    -0.00   LINEAR
  182.00    0.00   1.336E+00 -131.79  7.522E-05  -16.58      2.24292E+01                 0.0001    -0.00   LINEAR
  184.00    0.00   1.300E+00 -144.51  8.096E-05  -16.77      2.12424E+01                 0.0000   180.00   LINEAR
  186.00    0.00   1.242E+00 -157.31  8.716E-05  -18.74      1.93811E+01                 0.0000   180.00   LINEAR
  188.00    0.00   1.163E+00 -170.17  9.283E-05  -22.33      1.70049E+01                 0.0000   180.00   LINEAR
  190.00    0.00   1.067E+00  176.91  9.702E-05  -27.26      1.43088E+01                 0.0000   180.00   LINEAR
  192.00    0.00   9.566E-01  163.94  9.896E-05  -33.21      1.15002E+01                 0.0000   179.99   LINEAR
  194.00    0.00   8.357E-01  150.94  9.806E-05  -39.94      8.77565E+00                 0.0000   179.99   LINEAR
  196.00    0.00   7.081E-01  137.89  9.390E-05  -47.24      6.30092E+00                 0.0000   179.99   LINEAR
  198.00    0.00   5.779E-01  124.81  8.625E-05  -54.94      4.19685E+00                 0.0000   179.99   LINEAR
  200.00    0.00   4.489E-01  111.67  7.506E-05  -62.89      2.53217E+00                 0.0000   179.99   LINEAR
  202.00    0.00   3.246E-01   98.45  6.047E-05  -70.95      1.32382E+00                 0.0000   179.99   LINEAR
  204.00    0.00   2.080E-01   85.04  4.277E-05  -78.86      5.43685E-01                 0.0001   179.99   LINEAR
  206.00    0.00   1.017E-01   70.96  2.240E-05  -85.73      1.29972E-01                 0.0001   179.99   LINEAR
  208.00    0.00   8.156E-03   35.20  1.379E-06   -1.79      8.36015E-04                 0.0001     0.01   LINEAR
  210.00    0.00   7.358E-02 -130.81  2.416E-05   70.37      6.80405E-02                 0.0001    -0.02   LINEAR
  212.00    0.00   1.407E-01 -145.32  4.887E-05   63.47      2.48624E-01                 0.0002   179.98   LINEAR
  214.00    0.00   1.941E-01 -159.04  7.361E-05   55.53      4.73296E-01                 0.0002   179.98   LINEAR
  216.00    0.00   2.345E-01 -172.66  9.764E-05   47.39      6.91014E-01                 0.0003   179.98   LINEAR
  218.00    0.00   2.631E-01  173.67  1.203E-04   39.22      8.69914E-01                 0.0003   179.98   LINEAR
  220.00    0.00   2.814E-01  159.90  1.409E-04   31.11      9.95328E-01                 0.0004   179.98   LINEAR
  222.00    0.00   2.912E-01  146.00  1.589E-04   23.07      1.06592E+00                 0.0005   179.98   LINEAR
  224.00    0.00   2.944E-01  131.97  1.741E-04   15.12      1.08905E+00                 0.0005   179.98   LINEAR
  226.00    0.00   2.927E-01  117.86  1.860E-04    7.25      1.07628E+00                 0.0006   179.99   LINEAR
  228.00    0.00   2.876E-01  103.72  1.946E-04   -0.52      1.03977E+00                 0.0007   179.99   LINEAR
  230.00    0.00   2.807E-01   89.68  1.998E-04   -8.24      9.89823E-01                 0.0007   179.99   LINEAR
  232.00    0.00   2.726E-01   75.86  2.019E-04  -15.91      9.33701E-01                 0.0007   180.00   LINEAR
  234.00    0.00   2.639E-01   62.43  2.010E-04  -23.57      8.75445E-01                 0.0008  -180.00   LINEAR
  236.00    0.00   2.549E-01   49.54  1.975E-04  -31.26      8.16438E-01                 0.0008  -179.99   LINEAR
  238.00    0.00   2.453E-01   37.32  1.919E-04  -39.05      7.56341E-01                 0.0008     0.01   LINEAR
  240.00    0.00   2.350E-01   25.87  1.846E-04  -46.98      6.94079E-01                 0.0008     0.01   LINEAR
  242.00    0.00   2.237E-01   15.24  1.764E-04  -55.14      6.28680E-01                 0.0007     0.02   LINEAR
  244.00    0.00   2.111E-01    5.45  1.677E-04  -63.58      5.59819E-01                 0.0007     0.02   LINEAR
  246.00    0.00   1.971E-01   -3.50  1.593E-04  -72.35      4.88064E-01                 0.0008     0.02   LINEAR
  248.00    0.00   1.817E-01  -11.66  1.518E-04  -81.45      4.14844E-01                 0.0008     0.02   LINEAR
  250.00    0.00   1.650E-01  -19.07  1.456E-04  -90.80      3.42223E-01                 0.0008     0.02   LINEAR
  252.00    0.00   1.473E-01  -25.80  1.414E-04 -100.23      2.72585E-01                 0.0009     0.01   LINEAR
  254.00    0.00   1.287E-01  -31.95  1.392E-04 -109.49      2.08290E-01                 0.0011     0.01   LINEAR
  256.00    0.00   1.098E-01  -37.69  1.392E-04 -118.29      1.51379E-01                 0.0013     0.01   LINEAR
  258.00    0.00   9.069E-02  -43.23  1.411E-04 -126.33      1.03359E-01                 0.0015     0.01   LINEAR
  260.00    0.00   7.197E-02  -49.04  1.446E-04 -133.43      6.50877E-02                 0.0020     0.01   LINEAR
  262.00    0.00   5.408E-02  -56.07  1.494E-04 -139.46      3.67476E-02                 0.0027     0.02   LINEAR
  264.00    0.00   3.774E-02  -66.60  1.549E-04 -144.40      1.78952E-02                 0.0040     0.05   LINEAR
  266.00    0.00   2.454E-02  -86.87  1.607E-04 -148.29      7.57094E-03                 0.0057     0.18   LINEAR
  268.00    0.00   1.880E-02 -125.87  1.664E-04 -151.21      4.44076E-03                 0.0038     0.46   LINEAR
  270.00    0.00   2.352E-02 -161.57  1.717E-04 -153.24      6.95428E-03                 0.0011  -179.59   LINEAR
  272.00    0.00   3.278E-02 -177.09  1.764E-04 -154.47      1.35021E-02                 0.0021  -179.72   LINEAR
  274.00    0.00   4.237E-02  177.76  1.801E-04 -154.97      2.25609E-02                 0.0019  -179.78   LINEAR
  276.00    0.00   5.110E-02  177.57  1.825E-04 -154.83      3.28184E-02                 0.0017  -179.82   LINEAR
  278.00    0.00   5.868E-02 -179.64  1.835E-04 -154.10      4.32703E-02                 0.0013  -179.84   LINEAR
  280.00    0.00   6.512E-02 -174.66  1.828E-04 -152.86      5.32861E-02                 0.0010  -179.85   LINEAR
  282.00    0.00   7.060E-02 -167.85  1.802E-04 -151.16      6.26397E-02                 0.0007  -179.86   LINEAR
  284.00    0.00   7.543E-02 -159.41  1.755E-04 -149.07      7.15006E-02                 0.0004  -179.87   LINEAR
  286.00    0.00   7.998E-02 -149.50  1.686E-04 -146.64      8.03873E-02                 0.0001  -179.88   LINEAR
  288.00    0.00   8.467E-02 -138.34  1.591E-04 -143.96      9.00818E-02                 0.0002  -179.89   LINEAR
  290.00    0.00   8.988E-02 -126.15  1.472E-04 -141.15      1.01511E-01                 0.0004     0.09   LINEAR
  292.00    0.00   9.591E-02 -113.24  1.327E-04 -138.36      1.15605E-01                 0.0006     0.07   LINEAR
  294.00    0.00   1.029E-01  -99.88  1.156E-04 -135.88      1.33145E-01                 0.0007     0.05   LINEAR
  296.00    0.00   1.109E-01  -86.31  9.627E-05 -134.26      1.54610E-01                 0.0006     0.03   LINEAR
  298.00    0.00   1.197E-01  -72.68  7.515E-05 -134.74      1.80061E-01                 0.0006     0.02   LINEAR
  300.00    0.00   1.290E-01  -59.08  5.357E-05 -140.61      2.09046E-01                 0.0004     0.00   LINEAR
  302.00    0.00   1.384E-01  -45.52  3.585E-05 -161.44      2.40572E-01                 0.0002    -0.01   LINEAR
  304.00    0.00   1.474E-01  -31.98  3.451E-05  157.30      2.73115E-01                 0.0000    -0.01   LINEAR
  306.00    0.00   1.557E-01  -18.41  5.273E-05  132.79      3.04695E-01                 0.0002    -0.02   LINEAR
  308.00    0.00   1.628E-01   -4.79  7.814E-05  126.40      3.32977E-01                 0.0004    -0.02   LINEAR
  310.00    0.00   1.682E-01    8.94  1.051E-04  127.04      3.55408E-01                 0.0006    -0.02   LINEAR
  312.00    0.00   1.714E-01   22.78  1.314E-04  130.72      3.69372E-01                 0.0007    -0.01   LINEAR
  314.00    0.00   1.721E-01   36.75  1.558E-04  135.99      3.72371E-01                 0.0009    -0.01   LINEAR
  316.00    0.00   1.698E-01   50.83  1.772E-04  142.20      3.62252E-01                 0.0010   180.00   LINEAR
  318.00    0.00   1.639E-01   65.01  1.947E-04  149.01      3.37511E-01                 0.0012  -179.99   LINEAR
  320.00    0.00   1.539E-01   79.26  2.075E-04  156.21      2.97716E-01                 0.0013  -179.98   LINEAR
  322.00    0.00   1.394E-01   93.52  2.151E-04  163.66      2.44049E-01                 0.0015  -179.97   LINEAR
  324.00    0.00   1.197E-01  107.72  2.169E-04  171.22      1.79982E-01                 0.0016  -179.95   LINEAR
  326.00    0.00   9.440E-02  121.73  2.129E-04  178.72      1.11981E-01                 0.0019  -179.93   LINEAR
  328.00    0.00   6.315E-02  135.12  2.030E-04 -174.00      5.01120E-02                 0.0025  -179.88   LINEAR
  330.00    0.00   2.577E-02  144.88  1.877E-04 -167.22      8.34871E-03                 0.0054  -179.72   LINEAR
  332.00    0.00   1.860E-02   -2.03  1.677E-04 -161.33      4.34573E-03                 0.0032    -0.48   LINEAR
  334.00    0.00   6.822E-02    4.32  1.444E-04 -157.03      5.84777E-02                 0.0007    -0.11   LINEAR
  336.00    0.00   1.236E-01   17.20  1.198E-04 -155.48      1.92027E-01                 0.0001    -0.06   LINEAR
  338.00    0.00   1.838E-01   30.79  9.694E-05 -158.69      4.24552E-01                 0.0001    -0.03   LINEAR
  340.00    0.00   2.476E-01   44.54  8.109E-05 -168.77      7.70675E-01                 0.0002    -0.02   LINEAR
  342.00    0.00   3.137E-01   58.29  7.799E-05  176.30      1.23669E+00                 0.0002   179.99   LINEAR
  344.00    0.00   3.803E-01   71.99  8.799E-05  164.52      1.81759E+00                 0.0002   180.00   LINEAR
  346.00    0.00   4.456E-01   85.62  1.050E-04  159.76      2.49512E+00                 0.0002  -180.00   LINEAR
  348.00    0.00   5.076E-01   99.15  1.232E-04  160.36      3.23741E+00                 0.0002  -179.99   LINEAR
  350.00    0.00   5.642E-01  112.56  1.390E-04  164.10      4.00055E+00                 0.0002  -179.99   LINEAR
  352.00    0.00   6.137E-01  125.85  1.505E-04  169.57      4.73218E+00                 0.0002  -179.99   LINEAR
  354.00    0.00   6.541E-01  139.01  1.565E-04  175.90      5.37669E+00                 0.0001  -179.99   LINEAR
  356.00    0.00   6.841E-01  152.01  1.568E-04 -177.47      5.88151E+00                 0.0001  -179.99   LINEAR
  358.00    0.00   7.026E-01  164.86  1.514E-04 -171.01      6.20338E+00                 0.0001  -179.99   LINEAR
  360.00    0.00   7.088E-01  177.52  1.409E-04 -165.21      6.31391E+00                 0.0001  -179.99   LINEAR