0.00    0.00   2.319E-01   60.45  7.517E-05  175.24      6.75686E-01                 0.0003   179.99   LINEAR
    2.00    0.00   2.397E-01   74.89  6.233E-05 -168.39      7.21824E-01                 0.0002   179.99   LINEAR
    4.00    0.00   2.361E-01   89.17  4.638E-05 -150.91      7.00563E-01                 0.0002   179.99   LINEAR
    6.00    0.00   2.214E-01  103.49  2.820E-05 -129.37      6.15974E-01                 0.0001   180.00   LINEAR
    8.00    0.00   1.963E-01  118.13  1.068E-05  -79.31      4.84183E-01                 0.0000   180.00   LINEAR
   10.00    0.00   1.622E-01  133.61  1.736E-05   31.58      3.30503E-01                 0.0001   180.00   LINEAR
   12.00    0.00   1.212E-01  151.22  3.754E-05   61.89      1.84618E-01                 0.0003  -180.00   LINEAR
   14.00    0.00   7.710E-02  175.25  5.783E-05   80.25      7.46932E-02                 0.0007   180.00   LINEAR
   16.00    0.00   4.147E-02 -134.42  7.669E-05   95.84      2.16091E-02                 0.0014    -0.07   LINEAR
   18.00    0.00   5.246E-02  -56.81  9.334E-05  110.28      3.45815E-02                 0.0004    -0.10   LINEAR
   20.00    0.00   9.321E-02  -21.92  1.072E-04  124.04      1.09180E-01                 0.0006    -0.05   LINEAR
   22.00    0.00   1.348E-01   -2.08  1.180E-04  137.32      2.28268E-01                 0.0006    -0.04   LINEAR
   24.00    0.00   1.706E-01   13.46  1.254E-04  150.21      3.65714E-01                 0.0005    -0.03   LINEAR
   26.00    0.00   1.979E-01   27.22  1.295E-04  162.75      4.92065E-01                 0.0005    -0.03   LINEAR
   28.00    0.00   2.150E-01   40.07  1.305E-04  174.96      5.80896E-01                 0.0004    -0.02   LINEAR
   30.00    0.00   2.211E-01   52.38  1.286E-04 -173.16      6.14372E-01                 0.0004   179.98   LINEAR
   32.00    0.00   2.161E-01   64.38  1.242E-04 -161.58      5.86758E-01                 0.0004   179.98   LINEAR
   34.00    0.00   2.005E-01   76.26  1.179E-04 -150.31      5.05126E-01                 0.0004   179.98   LINEAR
   36.00    0.00   1.755E-01   88.26  1.099E-04 -139.35      3.87196E-01                 0.0005   179.98   LINEAR
   38.00    0.00   1.430E-01  100.83  1.009E-04 -128.70      2.56947E-01                 0.0005   179.97   LINEAR
   40.00    0.00   1.052E-01  115.06  9.123E-05 -118.34      1.39110E-01                 0.0007   179.97   LINEAR
   42.00    0.00   6.548E-02  134.66  8.132E-05 -108.30      5.38842E-02                 0.0011   179.97   LINEAR
   44.00    0.00   3.221E-02  178.97  7.149E-05  -98.57      1.30381E-02                 0.0022  -179.98   LINEAR
   46.00    0.00   3.801E-02  -99.43  6.198E-05  -89.21      1.81536E-02                 0.0003     0.09   LINEAR
   48.00    0.00   6.979E-02  -66.97  5.296E-05  -80.29      6.12141E-02                 0.0002     0.04   LINEAR
   50.00    0.00   1.006E-01  -51.08  4.455E-05  -71.97      1.27169E-01                 0.0002     0.02   LINEAR
   52.00    0.00   1.254E-01  -39.73  3.680E-05  -64.54      1.97719E-01                 0.0001     0.02   LINEAR
   54.00    0.00   1.426E-01  -30.39  2.974E-05  -58.53      2.55385E-01                 0.0001     0.01   LINEAR
   56.00    0.00   1.511E-01  -22.27  2.341E-05  -54.92      2.86992E-01                 0.0001     0.01   LINEAR
   58.00    0.00   1.508E-01  -15.11  1.797E-05  -55.63      2.85944E-01                 0.0001     0.01   LINEAR
   60.00    0.00   1.419E-01   -8.84  1.388E-05  -63.94      2.53021E-01                 0.0001     0.00   LINEAR
   62.00    0.00   1.248E-01   -3.58  1.217E-05  -81.61      1.95768E-01                 0.0001     0.00   LINEAR
   64.00    0.00   1.005E-01    0.23  1.363E-05 -100.26      1.26821E-01                 0.0001    -0.00   LINEAR
   66.00    0.00   7.004E-02    1.12  1.755E-05 -110.68      6.16491E-02                 0.0002    -0.01   LINEAR
   68.00    0.00   3.593E-02   -8.74  2.278E-05 -114.09      1.62198E-02                 0.0006    -0.01   LINEAR
   70.00    0.00   1.995E-02  -93.05  2.871E-05 -113.79      5.00280E-03                 0.0005     0.08   LINEAR
   72.00    0.00   5.611E-02 -132.65  3.506E-05 -111.74      3.95649E-02                 0.0002     0.03   LINEAR
   74.00    0.00   1.009E-01 -137.32  4.167E-05 -108.95      1.27861E-01                 0.0002  -179.98   LINEAR
   76.00    0.00   1.477E-01 -137.43  4.840E-05 -105.95      2.74173E-01                 0.0002  -179.98   LINEAR
   78.00    0.00   1.953E-01 -136.47  5.516E-05 -103.04      4.79540E-01                 0.0002  -179.99   LINEAR
   80.00    0.00   2.431E-01 -135.33  6.184E-05 -100.39      7.42495E-01                 0.0001  -179.99   LINEAR
   82.00    0.00   2.904E-01 -134.33  6.835E-05  -98.10      1.05989E+00                 0.0001     0.01   LINEAR
   84.00    0.00   3.371E-01 -133.62  7.459E-05  -96.24      1.42764E+00                 0.0001     0.01   LINEAR
   86.00    0.00   3.828E-01 -133.27  8.050E-05  -94.85      1.84128E+00                 0.0001     0.01   LINEAR
   88.00    0.00   4.275E-01 -133.32  8.600E-05  -93.97      2.29619E+00                 0.0001     0.01   LINEAR
   90.00    0.00   4.710E-01 -133.81  9.105E-05  -93.62      2.78758E+00                 0.0001     0.01   LINEAR
   92.00    0.00   5.132E-01 -134.74  9.560E-05  -93.81      3.31005E+00                 0.0001     0.01   LINEAR
   94.00    0.00   5.540E-01 -136.14  9.963E-05  -94.56      3.85701E+00                 0.0001  -179.99   LINEAR
   96.00    0.00   5.931E-01 -138.01  1.031E-04  -95.87      4.41983E+00                 0.0001  -179.99   LINEAR
   98.00    0.00   6.300E-01 -140.35  1.060E-04  -97.75      4.98688E+00                 0.0001  -179.99   LINEAR
  100.00    0.00   6.641E-01 -143.17  1.084E-04 -100.21      5.54273E+00                 0.0001  -179.99   LINEAR
  102.00    0.00   6.949E-01 -146.49  1.103E-04 -103.23      6.06745E+00                 0.0001  -179.99   LINEAR
  104.00    0.00   7.212E-01 -150.30  1.116E-04 -106.82      6.53652E+00                 0.0001  -179.99   LINEAR
  106.00    0.00   7.421E-01 -154.65  1.124E-04 -110.97      6.92133E+00                 0.0001  -179.99   LINEAR
  108.00    0.00   7.565E-01 -159.53  1.127E-04 -115.67      7.19070E+00                 0.0001  -179.99   LINEAR
  110.00    0.00   7.629E-01 -165.00  1.125E-04 -120.90      7.31349E+00                 0.0001  -179.99   LINEAR
  112.00    0.00   7.602E-01 -171.10  1.118E-04 -126.65      7.26237E+00                 0.0001  -179.99   LINEAR
  114.00    0.00   7.473E-01 -177.91  1.106E-04 -132.91      7.01851E+00                 0.0001  -179.99   LINEAR
  116.00    0.00   7.234E-01  174.47  1.088E-04 -139.66      6.57692E+00                 0.0001  -179.99   LINEAR
  118.00    0.00   6.882E-01  165.88  1.066E-04 -146.90      5.95137E+00                 0.0001  -179.99   LINEAR
  120.00    0.00   6.419E-01  156.08  1.037E-04 -154.64      5.17822E+00                 0.0001  -179.99   LINEAR
  122.00    0.00   5.862E-01  144.68  1.004E-04 -162.87      4.31769E+00                 0.0001  -179.99   LINEAR
  124.00    0.00   5.241E-01  131.10  9.644E-05 -171.63      3.45154E+00                 0.0002  -179.99   LINEAR
  126.00    0.00   4.615E-01  114.47  9.199E-05  179.03      2.67648E+00                 0.0002  -180.00   LINEAR
  128.00    0.00   4.081E-01   93.81  8.709E-05  169.04      2.09294E+00                 0.0002  -180.00   LINEAR
  130.00    0.00   3.775E-01   68.88  8.182E-05  158.30      1.79032E+00                 0.0002  -180.00   LINEAR
  132.00    0.00   3.816E-01   41.78  7.634E-05  146.66      1.83032E+00                 0.0002    -0.00   LINEAR
  134.00    0.00   4.214E-01   16.26  7.087E-05  133.95      2.23147E+00                 0.0001    -0.00   LINEAR
  136.00    0.00   4.852E-01   -5.60  6.567E-05  119.98      2.95805E+00                 0.0001    -0.00   LINEAR
  138.00    0.00   5.583E-01  -24.05  6.110E-05  104.62      3.91705E+00                 0.0001    -0.00   LINEAR
  140.00    0.00   6.286E-01  -40.07  5.754E-05   87.86      4.96545E+00                 0.0001    -0.00   LINEAR
  142.00    0.00   6.869E-01  -54.53  5.534E-05   69.93      5.92855E+00                 0.0001    -0.00   LINEAR
  144.00    0.00   7.262E-01  -68.01  5.471E-05   51.39      6.62779E+00                 0.0001    -0.00   LINEAR
  146.00    0.00   7.417E-01  -80.89  5.562E-05   32.95      6.91368E+00                 0.0001    -0.00   LINEAR
  148.00    0.00   7.301E-01  -93.43  5.780E-05   15.22      6.69773E+00                 0.0001    -0.00   LINEAR
  150.00    0.00   6.896E-01 -105.82  6.078E-05   -1.47      5.97621E+00                 0.0001    -0.00   LINEAR
  152.00    0.00   6.206E-01 -118.22  6.405E-05  -17.08      4.83918E+00                 0.0001    -0.00   LINEAR
  154.00    0.00   5.248E-01 -130.84  6.711E-05  -31.72      3.46101E+00                 0.0001    -0.00   LINEAR
  156.00    0.00   4.061E-01 -144.10  6.952E-05  -45.60      2.07200E+00                 0.0002   180.00   LINEAR
  158.00    0.00   2.699E-01 -159.23  7.092E-05  -58.88      9.15534E-01                 0.0003   180.00   LINEAR
  160.00    0.00   1.259E-01  176.67  7.101E-05  -71.72      1.99141E-01                 0.0005   179.99   LINEAR
  162.00    0.00   6.304E-02   60.72  6.960E-05  -84.24      4.99360E-02                 0.0006   179.95   LINEAR
  164.00    0.00   1.965E-01   12.11  6.659E-05  -96.48      4.85271E-01                 0.0003    -0.01   LINEAR
  166.00    0.00   3.345E-01   -4.98  6.196E-05 -108.49      1.40633E+00                 0.0002    -0.00   LINEAR
  168.00    0.00   4.564E-01  -18.01  5.581E-05 -120.22      2.61747E+00                 0.0001    -0.00   LINEAR
  170.00    0.00   5.548E-01  -29.53  4.833E-05 -131.57      3.86789E+00                 0.0001    -0.00   LINEAR
  172.00    0.00   6.249E-01  -40.08  3.980E-05 -142.27      4.90648E+00                 0.0001    -0.00   LINEAR
  174.00    0.00   6.638E-01  -49.73  3.062E-05 -151.73      5.53698E+00                 0.0000    -0.00   LINEAR
  176.00    0.00   6.711E-01  -58.36  2.127E-05 -158.33      5.66002E+00                 0.0000    -0.00   LINEAR
  178.00    0.00   6.489E-01  -65.67  1.257E-05 -156.41      5.29180E+00                 0.0000    -0.00   LINEAR
  180.00    0.00   6.021E-01  -71.15  7.069E-06 -123.57      4.55494E+00                 0.0000     0.00   LINEAR
  182.00    0.00   5.385E-01  -74.03  9.733E-06  -80.33      3.64456E+00                 0.0000     0.00   LINEAR
  184.00    0.00   4.703E-01  -73.16  1.540E-05  -74.00      2.77941E+00                 0.0000     0.00   LINEAR
  186.00    0.00   4.138E-01  -67.37  2.034E-05  -79.35      2.15192E+00                 0.0000     0.00   LINEAR
  188.00    0.00   3.880E-01  -56.95  2.379E-05  -88.28      1.89154E+00                 0.0000     0.00   LINEAR
  190.00    0.00   4.041E-01  -45.20  2.551E-05  -98.62      2.05190E+00                 0.0001     0.00   LINEAR
  192.00    0.00   4.571E-01  -35.93  2.548E-05 -109.55      2.62519E+00                 0.0001     0.00   LINEAR
  194.00    0.00   5.337E-01  -30.09  2.379E-05 -120.62      3.57892E+00                 0.0000    -0.00   LINEAR
  196.00    0.00   6.246E-01  -26.79  2.062E-05 -131.49      4.90323E+00                 0.0000    -0.00   LINEAR
  198.00    0.00   7.276E-01  -25.08  1.624E-05 -141.67      6.65269E+00                 0.0000    -0.00   LINEAR
  200.00    0.00   8.448E-01  -24.47  1.099E-05 -149.92      8.96759E+00                 0.0000    -0.00   LINEAR
  202.00    0.00   9.798E-01  -24.84  5.313E-06 -149.88      1.20646E+01                 0.0000    -0.00   LINEAR
  204.00    0.00   1.135E+00  -26.27  2.316E-06  -62.38      1.61951E+01                 0.0000     0.00   LINEAR
  206.00    0.00   1.310E+00  -28.82  7.480E-06  -29.72      2.15795E+01                 0.0000     0.00   LINEAR
  208.00    0.00   1.502E+00  -32.47  1.301E-05  -33.89      2.83313E+01                 0.0000     0.00   LINEAR
  210.00    0.00   1.702E+00  -37.15  1.802E-05  -41.89      3.63913E+01                 0.0000     0.00   LINEAR
  212.00    0.00   1.903E+00  -42.69  2.227E-05  -50.73      4.54887E+01                 0.0000     0.00   LINEAR
  214.00    0.00   2.095E+00  -48.96  2.566E-05  -59.68      5.51414E+01                 0.0000     0.00   LINEAR
  216.00    0.00   2.269E+00  -55.79  2.813E-05  -68.44      6.46979E+01                 0.0000     0.00   LINEAR
  218.00    0.00   2.417E+00  -63.07  2.970E-05  -76.87      7.34152E+01                 0.0000     0.00   LINEAR
  220.00    0.00   2.532E+00  -70.68  3.044E-05  -84.89      8.05575E+01                 0.0000     0.00   LINEAR
  222.00    0.00   2.608E+00  -78.53  3.042E-05  -92.46      8.54982E+01                 0.0000     0.00   LINEAR
  224.00    0.00   2.643E+00  -86.56  2.976E-05  -99.56      8.78048E+01                 0.0000     0.00   LINEAR
  226.00    0.00   2.636E+00  -94.72  2.857E-05 -106.18      8.72938E+01                 0.0000     0.00   LINEAR
  228.00    0.00   2.586E+00 -102.97  2.695E-05 -112.36      8.40475E+01                 0.0000     0.00   LINEAR
  230.00    0.00   2.498E+00 -111.31  2.501E-05 -118.09      7.83918E+01                 0.0000     0.00   LINEAR
  232.00    0.00   2.374E+00 -119.73  2.280E-05 -123.39      7.08427E+01                 0.0000     0.00   LINEAR
  234.00    0.00   2.222E+00 -128.26  2.040E-05 -128.25      6.20327E+01                 0.0000     0.00   LINEAR
  236.00    0.00   2.047E+00 -136.94  1.784E-05 -132.58      5.26306E+01                 0.0000  -180.00   LINEAR
  238.00    0.00   1.856E+00 -145.85  1.517E-05 -136.18      4.32680E+01                 0.0000  -180.00   LINEAR
  240.00    0.00   1.656E+00 -155.12  1.245E-05 -138.61      3.44799E+01                 0.0000  -180.00   LINEAR
  242.00    0.00   1.457E+00 -164.90  9.746E-06 -138.92      2.66679E+01                 0.0000  -180.00   LINEAR
  244.00    0.00   1.264E+00 -175.44  7.197E-06 -134.83      2.00841E+01                 0.0000  -180.00   LINEAR
  246.00    0.00   1.087E+00  172.97  5.123E-06 -121.13      1.48356E+01                 0.0000  -180.00   LINEAR
  248.00    0.00   9.315E-01  159.99  4.285E-06  -92.75      1.09040E+01                 0.0000   180.00   LINEAR
  250.00    0.00   8.065E-01  145.43  5.233E-06  -66.14      8.17333E+00                 0.0000   180.00   LINEAR
  252.00    0.00   7.171E-01  129.48  7.214E-06  -54.49      6.46274E+00                 0.0000   180.00   LINEAR
  254.00    0.00   6.650E-01  113.01  9.528E-06  -51.70      5.55724E+00                 0.0000   180.00   LINEAR
  256.00    0.00   6.454E-01   97.34  1.192E-05  -52.98      5.23442E+00                 0.0000   180.00   LINEAR
  258.00    0.00   6.485E-01   83.62  1.433E-05  -56.24      5.28502E+00                 0.0000   180.00   LINEAR
  260.00    0.00   6.632E-01   72.34  1.672E-05  -60.48      5.52683E+00                 0.0000   180.00   LINEAR
  262.00    0.00   6.801E-01   63.46  1.912E-05  -65.16      5.81251E+00                 0.0000   180.00   LINEAR
  264.00    0.00   6.928E-01   56.68  2.153E-05  -69.93      6.03227E+00                 0.0000   180.00   LINEAR
  266.00    0.00   6.975E-01   51.71  2.400E-05  -74.55      6.11304E+00                 0.0000   180.00   LINEAR
  268.00    0.00   6.919E-01   48.33  2.652E-05  -78.83      6.01510E+00                 0.0000   180.00   LINEAR
  270.00    0.00   6.751E-01   46.38  2.911E-05  -82.60      5.72754E+00                 0.0000   180.00   LINEAR
  272.00    0.00   6.472E-01   45.80  3.175E-05  -85.75      5.26329E+00                 0.0000   180.00   LINEAR
  274.00    0.00   6.086E-01   46.61  3.444E-05  -88.17      4.65423E+00                 0.0000   180.00   LINEAR
  276.00    0.00   5.604E-01   48.97  3.714E-05  -89.81      3.94661E+00                 0.0000   180.00   LINEAR
  278.00    0.00   5.044E-01   53.15  3.981E-05  -90.60      3.19691E+00                 0.0000   180.00   LINEAR
  280.00    0.00   4.432E-01   59.69  4.241E-05  -90.49      2.46783E+00                 0.0000   180.00   LINEAR
  282.00    0.00   3.810E-01   69.49  4.488E-05  -89.45      1.82448E+00                 0.0000   179.99   LINEAR
  284.00    0.00   3.254E-01   83.90  4.718E-05  -87.45      1.33039E+00                 0.0000   179.99   LINEAR
  286.00    0.00   2.881E-01  104.08  4.926E-05  -84.45      1.04332E+00                 0.0000   179.99   LINEAR
  288.00    0.00   2.836E-01  128.53  5.108E-05  -80.41      1.01094E+00                 0.0001   179.99   LINEAR
  290.00    0.00   3.175E-01  152.13  5.261E-05  -75.29      1.26652E+00                 0.0001   179.99   LINEAR
  292.00    0.00   3.811E-01  171.31  5.384E-05  -69.04      1.82495E+00                 0.0001   180.00   LINEAR
  294.00    0.00   4.618E-01 -173.69  5.480E-05  -61.61      2.67954E+00                 0.0001   180.00   LINEAR
  296.00    0.00   5.499E-01 -161.42  5.554E-05  -52.95      3.80029E+00                 0.0001   180.00   LINEAR
  298.00    0.00   6.392E-01 -150.71  5.615E-05  -43.01      5.13391E+00                 0.0001   180.00   LINEAR
  300.00    0.00   7.251E-01 -140.83  5.675E-05  -31.79      6.60619E+00                 0.0001   180.00   LINEAR
  302.00    0.00   8.042E-01 -131.34  5.753E-05  -19.31      8.12673E+00                 0.0001    -0.00   LINEAR
  304.00    0.00   8.739E-01 -121.96  5.868E-05   -5.69      9.59600E+00                 0.0001    -0.00   LINEAR
  306.00    0.00   9.319E-01 -112.51  6.039E-05    8.88      1.09140E+01                 0.0001    -0.00   LINEAR
  308.00    0.00   9.768E-01 -102.87  6.277E-05   24.12      1.19894E+01                 0.0001    -0.00   LINEAR
  310.00    0.00   1.007E+00  -92.96  6.587E-05   39.74      1.27492E+01                 0.0000    -0.00   LINEAR
  312.00    0.00   1.023E+00  -82.71  6.960E-05   55.47      1.31452E+01                 0.0000    -0.00   LINEAR
  314.00    0.00   1.023E+00  -72.08  7.375E-05   71.14      1.31591E+01                 0.0000    -0.00   LINEAR
  316.00    0.00   1.009E+00  -61.03  7.803E-05   86.64      1.28030E+01                 0.0000    -0.00   LINEAR
  318.00    0.00   9.820E-01  -49.53  8.205E-05  101.97      1.21174E+01                 0.0000    -0.00   LINEAR
  320.00    0.00   9.426E-01  -37.56  8.540E-05  117.20      1.11643E+01                 0.0000    -0.00   LINEAR
  322.00    0.00   8.929E-01  -25.08  8.768E-05  132.41      1.00195E+01                 0.0000    -0.01   LINEAR
  324.00    0.00   8.351E-01  -12.10  8.851E-05  147.75      8.76303E+00                 0.0000    -0.01   LINEAR
  326.00    0.00   7.710E-01    1.39  8.759E-05  163.40      7.47056E+00                 0.0000    -0.01   LINEAR
  328.00    0.00   7.028E-01   15.38  8.473E-05  179.59      6.20658E+00                 0.0000    -0.01   LINEAR
  330.00    0.00   6.321E-01   29.85  7.990E-05 -163.36      5.02035E+00                 0.0000    -0.01   LINEAR
  332.00    0.00   5.603E-01   44.78  7.330E-05 -144.94      3.94486E+00                 0.0000    -0.01   LINEAR
  334.00    0.00   4.885E-01   60.12  6.542E-05 -124.43      2.99843E+00                 0.0000   179.99   LINEAR
  336.00    0.00   4.173E-01   75.86  5.726E-05 -100.70      2.18812E+00                 0.0000   179.99   LINEAR
  338.00    0.00   3.471E-01   91.98  5.048E-05  -72.54      1.51380E+00                 0.0000   179.99   LINEAR
  340.00    0.00   2.781E-01  108.58  4.732E-05  -40.02      9.71743E-01                 0.0001   179.99   LINEAR
  342.00    0.00   2.105E-01  125.96  4.939E-05   -6.43      5.57008E-01                 0.0002   179.99   LINEAR
  344.00    0.00   1.450E-01  145.12  5.610E-05   23.87      2.64217E-01                 0.0003   179.99   LINEAR
  346.00    0.00   8.312E-02  169.96  6.527E-05   49.58      8.68260E-02                 0.0007   179.98   LINEAR
  348.00    0.00   3.508E-02 -132.77  7.474E-05   71.66      1.54676E-02                 0.0009    -0.11   LINEAR
  350.00    0.00   5.363E-02  -39.28  8.288E-05   91.31      3.61449E-02                 0.0012    -0.06   LINEAR
  352.00    0.00   1.014E-01   -6.73  8.856E-05  109.40      1.29080E-01                 0.0008    -0.02   LINEAR
  354.00    0.00   1.463E-01   13.33  9.097E-05  126.51      2.68849E-01                 0.0006    -0.01   LINEAR
  356.00    0.00   1.841E-01   30.15  8.965E-05  143.00      4.26089E-01                 0.0004    -0.01   LINEAR
  358.00    0.00   2.131E-01   45.64  8.437E-05  159.16      5.70653E-01                 0.0004   179.99   LINEAR
  360.00    0.00   2.319E-01   60.45  7.517E-05  175.24      6.75686E-01                 0.0003   179.99   LINEAR