 0.00    0.00   8.942E-01  -31.93  3.590E-06  -97.54      1.00474E+01                 0.0000     0.00   LINEAR
    2.00    0.00   8.877E-01  -19.47  1.440E-05 -114.20      9.90319E+00                 0.0000    -0.00   LINEAR
    4.00    0.00   8.686E-01   -7.28  2.510E-05 -105.31      9.48091E+00                 0.0000    -0.00   LINEAR
    6.00    0.00   8.373E-01    4.64  3.469E-05  -93.88      8.81046E+00                 0.0000    -0.00   LINEAR
    8.00    0.00   7.948E-01   16.27  4.271E-05  -81.58      7.93829E+00                 0.0001    -0.00   LINEAR
   10.00    0.00   7.422E-01   27.60  4.881E-05  -68.78      6.92270E+00                 0.0001    -0.00   LINEAR
   12.00    0.00   6.810E-01   38.60  5.273E-05  -55.60      5.82828E+00                 0.0001    -0.00   LINEAR
   14.00    0.00   6.129E-01   49.26  5.438E-05  -42.04      4.71997E+00                 0.0001   180.00   LINEAR
   16.00    0.00   5.395E-01   59.56  5.377E-05  -28.02      3.65754E+00                 0.0001  -180.00   LINEAR
   18.00    0.00   4.628E-01   69.44  5.104E-05  -13.37      2.69107E+00                 0.0001  -180.00   LINEAR
   20.00    0.00   3.845E-01   78.86  4.649E-05    2.21      1.85777E+00                 0.0001  -180.00   LINEAR
   22.00    0.00   3.065E-01   87.70  4.052E-05   19.29      1.18039E+00                 0.0001  -180.00   LINEAR
   24.00    0.00   2.304E-01   95.74  3.375E-05   38.95      6.67190E-01                 0.0001  -180.00   LINEAR
   26.00    0.00   1.579E-01  102.42  2.709E-05   63.19      3.13276E-01                 0.0001  -179.99   LINEAR
   28.00    0.00   9.054E-02  105.69  2.202E-05   94.81      1.03009E-01                 0.0000  -179.99   LINEAR
   30.00    0.00   3.227E-02   89.69  2.054E-05  133.15      1.30852E-02                 0.0004  -179.97   LINEAR
   32.00    0.00   3.554E-02  -13.68  2.329E-05  169.11      1.58708E-02                 0.0000    -0.04   LINEAR
   34.00    0.00   8.108E-02  -25.23  2.860E-05 -163.17      8.26061E-02                 0.0002    -0.02   LINEAR
   36.00    0.00   1.217E-01  -22.90  3.465E-05 -141.89      1.86158E-01                 0.0002    -0.01   LINEAR
   38.00    0.00   1.553E-01  -18.36  4.043E-05 -124.43      3.03097E-01                 0.0003    -0.00   LINEAR
   40.00    0.00   1.817E-01  -13.33  4.542E-05 -109.22      4.14989E-01                 0.0002    -0.00   LINEAR
   42.00    0.00   2.012E-01   -8.32  4.939E-05  -95.43      5.08897E-01                 0.0002     0.00   LINEAR
   44.00    0.00   2.143E-01   -3.52  5.226E-05  -82.59      5.77207E-01                 0.0002     0.00   LINEAR
   46.00    0.00   2.216E-01    0.96  5.404E-05  -70.42      6.16927E-01                 0.0002     0.00   LINEAR
   48.00    0.00   2.237E-01    5.07  5.481E-05  -58.76      6.28680E-01                 0.0002     0.01   LINEAR
   50.00    0.00   2.213E-01    8.77  5.471E-05  -47.50      6.15581E-01                 0.0002     0.01   LINEAR
   52.00    0.00   2.152E-01   12.07  5.390E-05  -36.57      5.82178E-01                 0.0002     0.01   LINEAR
   54.00    0.00   2.061E-01   14.94  5.257E-05  -25.92      5.33571E-01                 0.0002     0.01   LINEAR
   56.00    0.00   1.944E-01   17.38  5.089E-05  -15.57      4.74772E-01                 0.0001     0.01   LINEAR
   58.00    0.00   1.807E-01   19.40  4.904E-05   -5.52      4.10312E-01                 0.0001     0.01   LINEAR
   60.00    0.00   1.655E-01   20.98  4.716E-05    4.16      3.44056E-01                 0.0001     0.02   LINEAR
   62.00    0.00   1.491E-01   22.09  4.538E-05   13.40      2.79176E-01                 0.0000     0.02   LINEAR
   64.00    0.00   1.318E-01   22.67  4.379E-05   22.07      2.18204E-01                 0.0000     0.02   LINEAR
   66.00    0.00   1.139E-01   22.58  4.243E-05   30.04      1.63118E-01                 0.0000     0.02   LINEAR
   68.00    0.00   9.584E-02   21.58  4.132E-05   37.19      1.15416E-01                 0.0001     0.02   LINEAR
   70.00    0.00   7.785E-02   19.18  4.047E-05   43.40      7.61618E-02                 0.0002     0.03   LINEAR
   72.00    0.00   6.049E-02   14.37  3.985E-05   48.58      4.59872E-02                 0.0004     0.03   LINEAR
   74.00    0.00   4.467E-02    4.93  3.945E-05   52.70      2.50801E-02                 0.0007     0.03   LINEAR
   76.00    0.00   3.236E-02  -13.71  3.923E-05   55.75      1.31602E-02                 0.0011     0.02   LINEAR
   78.00    0.00   2.745E-02  -44.49  3.917E-05   57.77      9.47088E-03                 0.0014    -0.02   LINEAR
   80.00    0.00   3.192E-02  -73.35  3.926E-05   58.81      1.28031E-02                 0.0009    -0.05   LINEAR
   82.00    0.00   4.142E-02  -89.53  3.946E-05   58.97      2.15640E-02                 0.0005    -0.05   LINEAR
   84.00    0.00   5.194E-02  -97.31  3.974E-05   58.33      3.38985E-02                 0.0003    -0.04   LINEAR
   86.00    0.00   6.172E-02 -100.72  4.009E-05   56.99      4.78639E-02                 0.0002    -0.03   LINEAR
   88.00    0.00   7.004E-02 -101.55  4.044E-05   55.04      6.16536E-02                 0.0002    -0.03   LINEAR
   90.00    0.00   7.666E-02 -100.51  4.077E-05   52.56      7.38589E-02                 0.0002    -0.03   LINEAR
   92.00    0.00   8.164E-02  -97.83  4.102E-05   49.61      8.37520E-02                 0.0003    -0.02   LINEAR
   94.00    0.00   8.536E-02  -93.49  4.114E-05   46.24      9.15695E-02                 0.0003    -0.02   LINEAR
   96.00    0.00   8.865E-02  -87.40  4.108E-05   42.49      9.87657E-02                 0.0004    -0.02   LINEAR
   98.00    0.00   9.279E-02  -79.62  4.079E-05   38.38      1.08203E-01                 0.0004    -0.01   LINEAR
  100.00    0.00   9.943E-02  -70.61  4.023E-05   33.92      1.24236E-01                 0.0004    -0.01   LINEAR
  102.00    0.00   1.102E-01  -61.31  3.937E-05   29.13      1.52652E-01                 0.0004    -0.00   LINEAR
  104.00    0.00   1.263E-01  -52.85  3.818E-05   23.99      2.00423E-01                 0.0003     0.00   LINEAR
  106.00    0.00   1.480E-01  -46.00  3.667E-05   18.52      2.75242E-01                 0.0002     0.01   LINEAR
  108.00    0.00   1.750E-01  -41.04  3.481E-05   12.69      3.84836E-01                 0.0002     0.01   LINEAR
  110.00    0.00   2.065E-01  -37.86  3.264E-05    6.48      5.36066E-01                 0.0001     0.01   LINEAR
  112.00    0.00   2.417E-01  -36.19  3.017E-05   -0.14      7.33871E-01                 0.0001     0.01   LINEAR
  114.00    0.00   2.793E-01  -35.76  2.745E-05   -7.23      9.80155E-01                 0.0000     0.00   LINEAR
  116.00    0.00   3.182E-01  -36.33  2.453E-05  -14.87      1.27273E+00                 0.0000     0.00   LINEAR
  118.00    0.00   3.573E-01  -37.70  2.148E-05  -23.20      1.60450E+00                 0.0000     0.00   LINEAR
  120.00    0.00   3.952E-01  -39.73  1.838E-05  -32.45      1.96300E+00                 0.0000     0.00   LINEAR
  122.00    0.00   4.306E-01  -42.28  1.534E-05  -43.00      2.33048E+00                 0.0000     0.00   LINEAR
  124.00    0.00   4.622E-01  -45.28  1.246E-05  -55.49      2.68459E+00                 0.0000     0.00   LINEAR
  126.00    0.00   4.886E-01  -48.63  9.909E-06  -71.01      2.99975E+00                 0.0000     0.00   LINEAR
  128.00    0.00   5.085E-01  -52.27  7.885E-06  -90.98      3.24897E+00                 0.0000     0.00   LINEAR
  130.00    0.00   5.206E-01  -56.15  6.647E-06 -116.06      3.40628E+00                 0.0000     0.00   LINEAR
  132.00    0.00   5.239E-01  -60.18  6.351E-06 -143.21      3.44930E+00                 0.0000     0.00   LINEAR
  134.00    0.00   5.172E-01  -64.31  6.825E-06 -166.93      3.36204E+00                 0.0000    -0.00   LINEAR
  136.00    0.00   4.997E-01  -68.43  7.696E-06  174.94      3.13756E+00                 0.0000    -0.00   LINEAR
  138.00    0.00   4.704E-01  -72.41  8.684E-06  161.37      2.78080E+00                 0.0000    -0.00   LINEAR
  140.00    0.00   4.289E-01  -76.00  9.657E-06  150.85      2.31121E+00                 0.0000    -0.00   LINEAR
  142.00    0.00   3.748E-01  -78.71  1.057E-05  142.26      1.76557E+00                 0.0000    -0.00   LINEAR
  144.00    0.00   3.091E-01  -79.49  1.143E-05  134.81      1.20064E+00                 0.0000    -0.00   LINEAR
  146.00    0.00   2.353E-01  -75.59  1.223E-05  127.93      6.95545E-01                 0.0000    -0.00   LINEAR
  148.00    0.00   1.676E-01  -59.33  1.299E-05  121.20      3.52996E-01                 0.0000    -0.00   LINEAR
  150.00    0.00   1.541E-01  -22.83  1.369E-05  114.30      2.98587E-01                 0.0001    -0.00   LINEAR
  152.00    0.00   2.321E-01    3.90  1.430E-05  107.01      6.76733E-01                 0.0001    -0.00   LINEAR
  154.00    0.00   3.615E-01   11.36  1.479E-05   99.20      1.64218E+00                 0.0000     0.00   LINEAR
  156.00    0.00   5.160E-01   10.43  1.513E-05   90.81      3.34627E+00                 0.0000     0.00   LINEAR
  158.00    0.00   6.863E-01    5.81  1.527E-05   81.82      5.91822E+00                 0.0000     0.00   LINEAR
  160.00    0.00   8.668E-01   -0.79  1.518E-05   72.28      9.44264E+00                 0.0000     0.00   LINEAR
  162.00    0.00   1.053E+00   -8.66  1.487E-05   62.23      1.39362E+01                 0.0000     0.00   LINEAR
  164.00    0.00   1.240E+00  -17.43  1.430E-05   51.72      1.93271E+01                 0.0000     0.00   LINEAR
  166.00    0.00   1.423E+00  -26.91  1.350E-05   40.85      2.54423E+01                 0.0000     0.00   LINEAR
  168.00    0.00   1.596E+00  -36.97  1.246E-05   29.68      3.20058E+01                 0.0000     0.00   LINEAR
  170.00    0.00   1.754E+00  -47.54  1.119E-05   18.34      3.86519E+01                 0.0000     0.00   LINEAR
  172.00    0.00   1.891E+00  -58.55  9.715E-06    6.95      4.49526E+01                 0.0000     0.00   LINEAR
  174.00    0.00   2.004E+00  -69.96  8.042E-06   -4.26      5.04585E+01                 0.0000     0.00   LINEAR
  176.00    0.00   2.087E+00  -81.73  6.190E-06  -14.87      5.47470E+01                 0.0000     0.00   LINEAR
  178.00    0.00   2.139E+00  -93.84  4.180E-06  -23.62      5.74722E+01                 0.0000     0.00   LINEAR
  180.00    0.00   2.156E+00 -106.27  2.079E-06  -24.21      5.84070E+01                 0.0000     0.00   LINEAR
  182.00    0.00   2.139E+00 -118.99  9.166E-07   56.46      5.74722E+01                 0.0000    -0.00   LINEAR
  184.00    0.00   2.087E+00 -131.99  2.942E-06   91.26      5.47470E+01                 0.0000    -0.00   LINEAR
  186.00    0.00   2.004E+00 -145.27  5.363E-06   86.13      5.04584E+01                 0.0000   180.00   LINEAR
  188.00    0.00   1.891E+00 -158.82  7.827E-06   76.40      4.49526E+01                 0.0000   180.00   LINEAR
  190.00    0.00   1.754E+00 -172.65  1.025E-05   65.35      3.86519E+01                 0.0000   180.00   LINEAR
  192.00    0.00   1.596E+00  173.23  1.256E-05   53.74      3.20058E+01                 0.0000   180.00   LINEAR
  194.00    0.00   1.423E+00  158.78  1.468E-05   41.84      2.54423E+01                 0.0000   180.00   LINEAR
  196.00    0.00   1.240E+00  143.97  1.655E-05   29.79      1.93271E+01                 0.0000   180.00   LINEAR
  198.00    0.00   1.053E+00  128.69  1.810E-05   17.62      1.39362E+01                 0.0000   180.00   LINEAR
  200.00    0.00   8.668E-01  112.78  1.927E-05    5.38      9.44267E+00                 0.0000   180.00   LINEAR
  202.00    0.00   6.863E-01   95.91  2.001E-05   -6.92      5.91825E+00                 0.0000   180.00   LINEAR
  204.00    0.00   5.160E-01   77.38  2.033E-05  -19.27      3.34630E+00                 0.0000   180.00   LINEAR
  206.00    0.00   3.615E-01   55.51  2.020E-05  -31.68      1.64219E+00                 0.0001  -180.00   LINEAR
  208.00    0.00   2.321E-01   25.65  1.966E-05  -44.13      6.76742E-01                 0.0001     0.00   LINEAR
  210.00    0.00   1.541E-01  -23.08  1.874E-05  -56.62      2.98587E-01                 0.0001     0.01   LINEAR
  212.00    0.00   1.676E-01  -81.14  1.751E-05  -69.09      3.52989E-01                 0.0000     0.01   LINEAR
  214.00    0.00   2.353E-01 -118.49  1.604E-05  -81.51      6.95531E-01                 0.0000     0.00   LINEAR
  216.00    0.00   3.091E-01 -142.99  1.439E-05  -93.73      1.20063E+00                 0.0000  -180.00   LINEAR
  218.00    0.00   3.748E-01 -162.29  1.263E-05 -105.57      1.76555E+00                 0.0000  -180.00   LINEAR
  220.00    0.00   4.289E-01 -179.13  1.083E-05 -116.65      2.31119E+00                 0.0000  -180.00   LINEAR
  222.00    0.00   4.704E-01  165.48  9.033E-06 -126.32      2.78078E+00                 0.0000  -180.00   LINEAR
  224.00    0.00   4.997E-01  151.07  7.293E-06 -133.40      3.13755E+00                 0.0000  -180.00   LINEAR
  226.00    0.00   5.172E-01  137.41  5.701E-06 -135.57      3.36202E+00                 0.0000  -180.00   LINEAR
  228.00    0.00   5.239E-01  124.38  4.486E-06 -128.87      3.44929E+00                 0.0000   180.00   LINEAR
  230.00    0.00   5.206E-01  111.92  4.126E-06 -111.76      3.40626E+00                 0.0000   180.00   LINEAR
  232.00    0.00   5.085E-01   99.97  4.966E-06  -95.43      3.24895E+00                 0.0000   180.00   LINEAR
  234.00    0.00   4.886E-01   88.47  6.691E-06  -88.53      2.99974E+00                 0.0000   180.00   LINEAR
  236.00    0.00   4.622E-01   77.40  8.895E-06  -88.23      2.68459E+00                 0.0000   180.00   LINEAR
  238.00    0.00   4.306E-01   66.70  1.136E-05  -91.05      2.33047E+00                 0.0000   180.00   LINEAR
  240.00    0.00   3.952E-01   56.30  1.397E-05  -95.13      1.96300E+00                 0.0000   180.00   LINEAR
  242.00    0.00   3.573E-01   46.14  1.663E-05  -99.61      1.60450E+00                 0.0000   180.00   LINEAR
  244.00    0.00   3.182E-01   36.09  1.929E-05 -104.02      1.27273E+00                 0.0000    -0.00   LINEAR
  246.00    0.00   2.793E-01   26.03  2.187E-05 -108.14      9.80156E-01                 0.0001    -0.00   LINEAR
  248.00    0.00   2.417E-01   15.78  2.432E-05 -111.83      7.33874E-01                 0.0001    -0.00   LINEAR
  250.00    0.00   2.065E-01    5.10  2.659E-05 -115.02      5.36070E-01                 0.0001    -0.00   LINEAR
  252.00    0.00   1.750E-01   -6.27  2.865E-05 -117.68      3.84841E-01                 0.0002    -0.00   LINEAR
  254.00    0.00   1.480E-01  -18.59  3.046E-05 -119.77      2.75248E-01                 0.0002    -0.00   LINEAR
  256.00    0.00   1.263E-01  -31.94  3.200E-05 -121.28      2.00430E-01                 0.0003     0.00   LINEAR
  258.00    0.00   1.102E-01  -46.07  3.327E-05 -122.23      1.52660E-01                 0.0003     0.00   LINEAR
  260.00    0.00   9.943E-02  -60.16  3.428E-05 -122.60      1.24244E-01                 0.0003     0.01   LINEAR
  262.00    0.00   9.280E-02  -73.10  3.502E-05 -122.42      1.08212E-01                 0.0003     0.01   LINEAR
  264.00    0.00   8.866E-02  -83.95  3.554E-05 -121.69      9.87749E-02                 0.0002     0.02   LINEAR
  266.00    0.00   8.537E-02  -92.23  3.584E-05 -120.46      9.15787E-02                 0.0002     0.02   LINEAR
  268.00    0.00   8.164E-02  -97.89  3.597E-05 -118.75      8.37612E-02                 0.0002     0.02   LINEAR
  270.00    0.00   7.667E-02 -101.01  3.596E-05 -116.62      7.38677E-02                 0.0001     0.03   LINEAR
  272.00    0.00   7.005E-02 -101.60  3.585E-05 -114.13      6.16618E-02                 0.0001     0.03   LINEAR
  274.00    0.00   6.172E-02  -99.46  3.567E-05 -111.37      4.78713E-02                 0.0001     0.03   LINEAR
  276.00    0.00   5.194E-02  -93.86  3.546E-05 -108.41      3.39050E-02                 0.0002     0.04   LINEAR
  278.00    0.00   4.143E-02  -83.01  3.525E-05 -105.37      2.15695E-02                 0.0003     0.05   LINEAR
  280.00    0.00   3.192E-02  -62.90  3.506E-05 -102.34      1.28074E-02                 0.0007     0.05   LINEAR
  282.00    0.00   2.746E-02  -29.25  3.492E-05  -99.44      9.47397E-03                 0.0012     0.02   LINEAR
  284.00    0.00   3.236E-02    7.18  3.487E-05  -96.76      1.31621E-02                 0.0010    -0.01   LINEAR
  286.00    0.00   4.468E-02   32.34  3.494E-05  -94.37      2.50810E-02                 0.0006    -0.03   LINEAR
  288.00    0.00   6.049E-02   49.13  3.518E-05  -92.30      4.59873E-02                 0.0004   179.97   LINEAR
  290.00    0.00   7.785E-02   62.13  3.563E-05  -90.54      7.61613E-02                 0.0002   179.98   LINEAR
  292.00    0.00   9.584E-02   73.54  3.635E-05  -89.02      1.15416E-01                 0.0001   179.98   LINEAR
  294.00    0.00   1.139E-01   84.37  3.739E-05  -87.63      1.63117E-01                 0.0000   179.98   LINEAR
  296.00    0.00   1.318E-01   95.08  3.876E-05  -86.21      2.18204E-01                 0.0000   179.98   LINEAR
  298.00    0.00   1.491E-01  105.93  4.044E-05  -84.58      2.79178E-01                 0.0000   179.98   LINEAR
  300.00    0.00   1.655E-01  117.01  4.240E-05  -82.58      3.44060E-01                 0.0001   179.99   LINEAR
  302.00    0.00   1.807E-01  128.38  4.452E-05  -80.12      4.10318E-01                 0.0001   179.99   LINEAR
  304.00    0.00   1.944E-01  140.06  4.668E-05  -77.10      4.74782E-01                 0.0001   179.99   LINEAR
  306.00    0.00   2.061E-01  152.04  4.870E-05  -73.54      5.33585E-01                 0.0002   179.99   LINEAR
  308.00    0.00   2.152E-01  164.31  5.040E-05  -69.44      5.82197E-01                 0.0002   179.99   LINEAR
  310.00    0.00   2.213E-01  176.84  5.157E-05  -64.87      6.15605E-01                 0.0002   179.99   LINEAR
  312.00    0.00   2.237E-01 -170.37  5.204E-05  -59.94      6.28708E-01                 0.0002   180.00   LINEAR
  314.00    0.00   2.216E-01 -157.32  5.163E-05  -54.75      6.16959E-01                 0.0002   180.00   LINEAR
  316.00    0.00   2.143E-01 -144.02  5.021E-05  -49.48      5.77241E-01                 0.0002   180.00   LINEAR
  318.00    0.00   2.012E-01 -130.42  4.773E-05  -44.36      5.08932E-01                 0.0002     0.00   LINEAR
  320.00    0.00   1.817E-01 -116.46  4.417E-05  -39.73      4.15023E-01                 0.0002     0.00   LINEAR
  322.00    0.00   1.553E-01 -101.94  3.969E-05  -36.15      3.03128E-01                 0.0002     0.01   LINEAR
  324.00    0.00   1.217E-01  -86.40  3.456E-05  -34.49      1.86182E-01                 0.0002     0.01   LINEAR
  326.00    0.00   8.109E-02  -68.13  2.940E-05  -36.20      8.26214E-02                 0.0002     0.02   LINEAR
  328.00    0.00   3.554E-02  -35.49  2.526E-05  -43.05      1.58754E-02                 0.0001     0.04   LINEAR
  330.00    0.00   3.226E-02   89.43  2.364E-05  -54.95      1.30781E-02                 0.0004   179.97   LINEAR
  332.00    0.00   9.053E-02  127.44  2.552E-05  -66.85      1.02990E-01                 0.0001   179.98   LINEAR
  334.00    0.00   1.579E-01  146.57  3.018E-05  -73.36      3.13247E-01                 0.0001   179.99   LINEAR
  336.00    0.00   2.304E-01  162.69  3.612E-05  -74.04      6.67153E-01                 0.0001   180.00   LINEAR
  338.00    0.00   3.065E-01  177.79  4.208E-05  -70.62      1.18035E+00                 0.0001   180.00   LINEAR
  340.00    0.00   3.845E-01 -167.57  4.720E-05  -64.59      1.85773E+00                 0.0001   180.00   LINEAR
  342.00    0.00   4.628E-01 -153.20  5.089E-05  -56.86      2.69103E+00                 0.0001   180.00   LINEAR
  344.00    0.00   5.395E-01 -139.04  5.274E-05  -47.99      3.65751E+00                 0.0001   180.00   LINEAR
  346.00    0.00   6.129E-01 -125.04  5.247E-05  -38.32      4.71995E+00                 0.0001     0.00   LINEAR
  348.00    0.00   6.810E-01 -111.20  4.998E-05  -28.10      5.82827E+00                 0.0001     0.00   LINEAR
  350.00    0.00   7.422E-01  -97.51  4.526E-05  -17.50      6.92269E+00                 0.0001     0.00   LINEAR
  352.00    0.00   7.948E-01  -84.00  3.846E-05   -6.73      7.93829E+00                 0.0000     0.00   LINEAR
  354.00    0.00   8.373E-01  -70.67  2.985E-05    3.92      8.81047E+00                 0.0000     0.00   LINEAR
  356.00    0.00   8.686E-01  -57.54  1.983E-05   13.64      9.48091E+00                 0.0000     0.00   LINEAR
  358.00    0.00   8.877E-01  -44.62  8.946E-06   17.85      9.90319E+00                 0.0000     0.00   LINEAR
  360.00    0.00   8.942E-01  -31.93  3.590E-06  -97.54      1.00474E+01                 0.0000     0.00   LINEAR