    0.00    0.00   8.260E-01 -105.72  1.654E-06 -156.48      8.57359E+00                 0.0000     0.00   LINEAR
    2.00    0.00   8.191E-01  -93.24  1.208E-05   43.48      8.43077E+00                 0.0000    -0.00   LINEAR
    4.00    0.00   7.986E-01  -80.94  2.525E-05   55.24      8.01438E+00                 0.0000    -0.00   LINEAR
    6.00    0.00   7.653E-01  -68.86  3.735E-05   67.04      7.35918E+00                 0.0000    -0.00   LINEAR
    8.00    0.00   7.202E-01  -57.00  4.790E-05   78.60      6.51838E+00                 0.0000    -0.00   LINEAR
   10.00    0.00   6.650E-01  -45.40  5.652E-05   89.81      5.55731E+00                 0.0001    -0.00   LINEAR
   12.00    0.00   6.015E-01  -34.10  6.295E-05  100.62      4.54597E+00                 0.0001    -0.00   LINEAR
   14.00    0.00   5.316E-01  -23.12  6.705E-05  110.91      3.55152E+00                 0.0001    -0.01   LINEAR
   16.00    0.00   4.576E-01  -12.53  6.884E-05  120.60      2.63186E+00                 0.0001    -0.01   LINEAR
   18.00    0.00   3.817E-01   -2.41  6.844E-05  129.52      1.83085E+00                 0.0001    -0.01   LINEAR
   20.00    0.00   3.059E-01    7.12  6.613E-05  137.50      1.17583E+00                 0.0002    -0.01   LINEAR
   22.00    0.00   2.322E-01   15.79  6.230E-05  144.28      6.77409E-01                 0.0002    -0.01   LINEAR
   24.00    0.00   1.624E-01   23.02  5.743E-05  149.53      3.31229E-01                 0.0003    -0.01   LINEAR
   26.00    0.00   9.819E-02   26.90  5.215E-05  152.85      1.21162E-01                 0.0004    -0.02   LINEAR
   28.00    0.00   4.305E-02   16.92  4.716E-05  153.84      2.32844E-02                 0.0007    -0.05   LINEAR
   30.00    0.00   2.813E-02  -66.63  4.319E-05  152.36      9.94160E-03                 0.0010    -0.07   LINEAR
   32.00    0.00   6.517E-02  -93.17  4.089E-05  148.87      5.33656E-02                 0.0006    -0.02   LINEAR
   34.00    0.00   1.011E-01  -93.14  4.057E-05  144.59      1.28459E-01                 0.0003    -0.01   LINEAR
   36.00    0.00   1.307E-01  -89.06  4.204E-05  140.98      2.14589E-01                 0.0002    -0.01   LINEAR
   38.00    0.00   1.536E-01  -83.99  4.476E-05  138.92      2.96399E-01                 0.0002    -0.01   LINEAR
   40.00    0.00   1.702E-01  -78.75  4.812E-05  138.52      3.63812E-01                 0.0002    -0.01   LINEAR
   42.00    0.00   1.809E-01  -73.68  5.163E-05  139.48      4.11437E-01                 0.0002    -0.01   LINEAR
   44.00    0.00   1.866E-01  -68.93  5.498E-05  141.40      4.37648E-01                 0.0001    -0.01   LINEAR
   46.00    0.00   1.879E-01  -64.60  5.799E-05  143.93      4.43545E-01                 0.0001    -0.02   LINEAR
   48.00    0.00   1.854E-01  -60.75  6.059E-05  146.80      4.31977E-01                 0.0002    -0.02   LINEAR
   50.00    0.00   1.799E-01  -57.44  6.278E-05  149.83      4.06710E-01                 0.0002    -0.02   LINEAR
   52.00    0.00   1.720E-01  -54.73  6.459E-05  152.89      3.71799E-01                 0.0002    -0.02   LINEAR
   54.00    0.00   1.623E-01  -52.69  6.609E-05  155.90      3.31158E-01                 0.0002    -0.02   LINEAR
   56.00    0.00   1.515E-01  -51.41  6.733E-05  158.81      2.88278E-01                 0.0002    -0.02   LINEAR
   58.00    0.00   1.399E-01  -50.98  6.837E-05  161.60      2.46091E-01                 0.0003    -0.02   LINEAR
   60.00    0.00   1.283E-01  -51.52  6.928E-05  164.25      2.06901E-01                 0.0003    -0.03   LINEAR
   62.00    0.00   1.171E-01  -53.16  7.008E-05  166.76      1.72375E-01                 0.0004    -0.03   LINEAR
   64.00    0.00   1.069E-01  -56.00  7.081E-05  169.13      1.43572E-01                 0.0005    -0.03   LINEAR
   66.00    0.00   9.812E-02  -60.07  7.148E-05  171.36      1.20983E-01                 0.0006    -0.03   LINEAR
   68.00    0.00   9.123E-02  -65.23  7.212E-05  173.46      1.04597E-01                 0.0007    -0.02   LINEAR
   70.00    0.00   8.647E-02  -71.15  7.271E-05  175.40      9.39673E-02                 0.0008    -0.02   LINEAR
   72.00    0.00   8.383E-02  -77.30  7.328E-05  177.19      8.83028E-02                 0.0008    -0.01   LINEAR
   74.00    0.00   8.299E-02  -83.11  7.381E-05  178.81      8.65587E-02                 0.0009    -0.01   LINEAR
   76.00    0.00   8.346E-02  -88.11  7.432E-05 -179.75      8.75399E-02                 0.0009    -0.00   LINEAR
   78.00    0.00   8.463E-02  -92.04  7.479E-05 -178.52      9.00066E-02                 0.0009     0.00   LINEAR
   80.00    0.00   8.593E-02  -94.80  7.524E-05 -177.50      9.27813E-02                 0.0009     0.01   LINEAR
   82.00    0.00   8.688E-02  -96.39  7.566E-05 -176.71      9.48521E-02                 0.0009     0.01   LINEAR
   84.00    0.00   8.716E-02  -96.80  7.605E-05 -176.19      9.54712E-02                 0.0009     0.01   LINEAR
   86.00    0.00   8.660E-02  -96.00  7.642E-05 -175.94      9.42453E-02                 0.0009     0.01   LINEAR
   88.00    0.00   8.520E-02  -93.89  7.675E-05 -175.99      9.12164E-02                 0.0009     0.01   LINEAR
   90.00    0.00   8.317E-02  -90.29  7.704E-05 -176.37      8.69300E-02                 0.0009     0.00   LINEAR
   92.00    0.00   8.102E-02  -84.94  7.729E-05 -177.08      8.24874E-02                 0.0010    -0.00   LINEAR
   94.00    0.00   7.958E-02  -77.67  7.748E-05 -178.16      7.95777E-02                 0.0010    -0.01   LINEAR
   96.00    0.00   8.003E-02  -68.61  7.760E-05 -179.62      8.04815E-02                 0.0009    -0.02   LINEAR
   98.00    0.00   8.370E-02  -58.44  7.764E-05  178.52      8.80393E-02                 0.0008    -0.03   LINEAR
  100.00    0.00   9.166E-02  -48.42  7.757E-05  176.22      1.05572E-01                 0.0006    -0.03   LINEAR
  102.00    0.00   1.043E-01  -39.75  7.739E-05  173.49      1.36748E-01                 0.0004    -0.04   LINEAR
  104.00    0.00   1.215E-01  -33.06  7.706E-05  170.29      1.85380E-01                 0.0003    -0.03   LINEAR
  106.00    0.00   1.425E-01  -28.42  7.657E-05  166.62      2.55157E-01                 0.0001    -0.03   LINEAR
  108.00    0.00   1.667E-01  -25.57  7.591E-05  162.46      3.49301E-01                 0.0001    -0.03   LINEAR
  110.00    0.00   1.934E-01  -24.19  7.504E-05  157.80      4.70171E-01                 0.0000    -0.02   LINEAR
  112.00    0.00   2.219E-01  -23.99  7.395E-05  152.64      6.18820E-01                 0.0000    -0.02   LINEAR
  114.00    0.00   2.515E-01  -24.74  7.263E-05  146.97      7.94550E-01                 0.0000    -0.02   LINEAR
  116.00    0.00   2.813E-01  -26.25  7.107E-05  140.78      9.94503E-01                 0.0001    -0.01   LINEAR
  118.00    0.00   3.107E-01  -28.41  6.925E-05  134.09      1.21334E+00                 0.0001    -0.01   LINEAR
  120.00    0.00   3.389E-01  -31.10  6.718E-05  126.89      1.44306E+00                 0.0001    -0.01   LINEAR
  122.00    0.00   3.649E-01  -34.25  6.486E-05  119.19      1.67303E+00                 0.0001    -0.01   LINEAR
  124.00    0.00   3.878E-01  -37.79  6.230E-05  110.98      1.89025E+00                 0.0001    -0.01   LINEAR
  126.00    0.00   4.068E-01  -41.68  5.950E-05  102.27      2.07987E+00                 0.0001    -0.01   LINEAR
  128.00    0.00   4.209E-01  -45.86  5.649E-05   93.04      2.22607E+00                 0.0001    -0.01   LINEAR
  130.00    0.00   4.290E-01  -50.29  5.329E-05   83.30      2.31320E+00                 0.0001    -0.00   LINEAR
  132.00    0.00   4.303E-01  -54.92  4.994E-05   73.00      2.32720E+00                 0.0001    -0.00   LINEAR
  134.00    0.00   4.238E-01  -59.70  4.650E-05   62.12      2.25733E+00                 0.0001    -0.00   LINEAR
  136.00    0.00   4.086E-01  -64.55  4.300E-05   50.58      2.09815E+00                 0.0001    -0.00   LINEAR
  138.00    0.00   3.839E-01  -69.33  3.954E-05   38.32      1.85172E+00                 0.0001    -0.00   LINEAR
  140.00    0.00   3.489E-01  -73.81  3.618E-05   25.22      1.52996E+00                 0.0001    -0.00   LINEAR
  142.00    0.00   3.034E-01  -77.57  3.303E-05   11.19      1.15695E+00                 0.0001     0.00   LINEAR
  144.00    0.00   2.477E-01  -79.56  3.019E-05   -3.88      7.71045E-01                 0.0001     0.00   LINEAR
  146.00    0.00   1.842E-01  -77.04  2.777E-05  -20.01      4.26282E-01                 0.0001     0.00   LINEAR
  148.00    0.00   1.238E-01  -61.13  2.586E-05  -37.11      1.92681E-01                 0.0001     0.01   LINEAR
  150.00    0.00   1.110E-01  -19.51  2.450E-05  -54.90      1.54740E-01                 0.0001     0.01   LINEAR
  152.00    0.00   1.801E-01    8.28  2.370E-05  -72.97      4.07562E-01                 0.0001     0.00   LINEAR
  154.00    0.00   2.891E-01   14.07  2.335E-05  -90.83      1.05016E+00                 0.0001    -0.00   LINEAR
  156.00    0.00   4.161E-01   11.76  2.332E-05 -108.12      2.17582E+00                 0.0000    -0.00   LINEAR
  158.00    0.00   5.542E-01    6.09  2.343E-05 -124.63      3.85998E+00                 0.0000    -0.00   LINEAR
  160.00    0.00   6.994E-01   -1.34  2.348E-05 -140.35      6.14672E+00                 0.0000    -0.00   LINEAR
  162.00    0.00   8.479E-01   -9.88  2.332E-05 -155.35      9.03546E+00                 0.0000    -0.00   LINEAR
  164.00    0.00   9.962E-01  -19.20  2.279E-05 -169.79      1.24703E+01                 0.0000    -0.00   LINEAR
  166.00    0.00   1.140E+00  -29.14  2.179E-05  176.20      1.63343E+01                 0.0000    -0.00   LINEAR
  168.00    0.00   1.276E+00  -39.57  2.024E-05  162.46      2.04502E+01                 0.0000    -0.00   LINEAR
  170.00    0.00   1.399E+00  -50.44  1.812E-05  148.85      2.45902E+01                 0.0000    -0.00   LINEAR
  172.00    0.00   1.506E+00  -61.69  1.543E-05  135.20      2.84928E+01                 0.0000    -0.00   LINEAR
  174.00    0.00   1.593E+00  -73.28  1.221E-05  121.25      3.18875E+01                 0.0000    -0.00   LINEAR
  176.00    0.00   1.657E+00  -85.18  8.556E-06  106.35      3.45225E+01                 0.0000    -0.00   LINEAR
  178.00    0.00   1.697E+00  -97.36  4.602E-06   87.63      3.61930E+01                 0.0000    -0.00   LINEAR
  180.00    0.00   1.710E+00 -109.81  1.056E-06   13.30      3.67653E+01                 0.0000    -0.00   LINEAR
  182.00    0.00   1.697E+00 -122.51  4.094E-06  -90.57      3.61930E+01                 0.0000     0.00   LINEAR
  184.00    0.00   1.657E+00 -135.44  8.172E-06 -110.34      3.45225E+01                 0.0000  -180.00   LINEAR
  186.00    0.00   1.593E+00 -148.59  1.204E-05 -125.05      3.18875E+01                 0.0000  -180.00   LINEAR
  188.00    0.00   1.506E+00 -161.96  1.554E-05 -138.39      2.84928E+01                 0.0000  -180.00   LINEAR
  190.00    0.00   1.399E+00 -175.56  1.855E-05 -151.03      2.45902E+01                 0.0000  -180.00   LINEAR
  192.00    0.00   1.276E+00  170.63  2.102E-05 -163.13      2.04503E+01                 0.0000  -180.00   LINEAR
  194.00    0.00   1.140E+00  156.56  2.291E-05 -174.71      1.63343E+01                 0.0000  -180.00   LINEAR
  196.00    0.00   9.962E-01  142.20  2.424E-05  174.29      1.24704E+01                 0.0000  -180.00   LINEAR
  198.00    0.00   8.480E-01  127.47  2.504E-05  163.98      9.03548E+00                 0.0000  -180.00   LINEAR
  200.00    0.00   6.994E-01  112.23  2.541E-05  154.50      6.14673E+00                 0.0000  -180.00   LINEAR
  202.00    0.00   5.542E-01   96.18  2.546E-05  145.97      3.85999E+00                 0.0000  -180.00   LINEAR
  204.00    0.00   4.161E-01   78.70  2.536E-05  138.54      2.17582E+00                 0.0001  -180.00   LINEAR
  206.00    0.00   2.891E-01   58.23  2.528E-05  132.26      1.05016E+00                 0.0001  -180.00   LINEAR
  208.00    0.00   1.801E-01   30.03  2.541E-05  127.05      4.07565E-01                 0.0001    -0.00   LINEAR
  210.00    0.00   1.110E-01  -19.76  2.591E-05  122.71      1.54741E-01                 0.0001    -0.01   LINEAR
  212.00    0.00   1.238E-01  -82.94  2.692E-05  118.85      1.92681E-01                 0.0001    -0.01   LINEAR
  214.00    0.00   1.842E-01 -119.94  2.849E-05  115.05      4.26280E-01                 0.0001    -0.01   LINEAR
  216.00    0.00   2.477E-01 -143.06  3.061E-05  110.98      7.71040E-01                 0.0001   180.00   LINEAR
  218.00    0.00   3.034E-01 -161.15  3.321E-05  106.45      1.15694E+00                 0.0001   180.00   LINEAR
  220.00    0.00   3.489E-01 -176.94  3.620E-05  101.43      1.52995E+00                 0.0001  -180.00   LINEAR
  222.00    0.00   3.839E-01  168.57  3.946E-05   95.98      1.85170E+00                 0.0001  -180.00   LINEAR
  224.00    0.00   4.086E-01  154.95  4.290E-05   90.22      2.09813E+00                 0.0001  -180.00   LINEAR
  226.00    0.00   4.238E-01  142.01  4.642E-05   84.25      2.25731E+00                 0.0001  -180.00   LINEAR
  228.00    0.00   4.303E-01  129.64  4.994E-05   78.19      2.32718E+00                 0.0001  -180.00   LINEAR
  230.00    0.00   4.290E-01  117.78  5.339E-05   72.14      2.31319E+00                 0.0001  -180.00   LINEAR
  232.00    0.00   4.209E-01  106.38  5.672E-05   66.15      2.22605E+00                 0.0001  -179.99   LINEAR
  234.00    0.00   4.068E-01   95.43  5.989E-05   60.30      2.07985E+00                 0.0001  -179.99   LINEAR
  236.00    0.00   3.878E-01   84.89  6.285E-05   54.62      1.89024E+00                 0.0001  -179.99   LINEAR
  238.00    0.00   3.649E-01   74.73  6.559E-05   49.14      1.67303E+00                 0.0001  -179.99   LINEAR
  240.00    0.00   3.389E-01   64.93  6.809E-05   43.89      1.44306E+00                 0.0001  -179.99   LINEAR
  242.00    0.00   3.107E-01   55.43  7.034E-05   38.89      1.21334E+00                 0.0001  -179.99   LINEAR
  244.00    0.00   2.813E-01   46.17  7.233E-05   34.16      9.94509E-01                 0.0001  -179.99   LINEAR
  246.00    0.00   2.515E-01   37.05  7.406E-05   29.71      7.94559E-01                 0.0000     0.02   LINEAR
  248.00    0.00   2.219E-01   27.97  7.555E-05   25.57      6.18831E-01                 0.0000     0.02   LINEAR
  250.00    0.00   1.934E-01   18.76  7.679E-05   21.74      4.70184E-01                 0.0000     0.02   LINEAR
  252.00    0.00   1.667E-01    9.19  7.781E-05   18.24      3.49314E-01                 0.0001     0.03   LINEAR
  254.00    0.00   1.425E-01   -1.01  7.862E-05   15.10      2.55170E-01                 0.0002     0.03   LINEAR
  256.00    0.00   1.215E-01  -12.16  7.923E-05   12.34      1.85393E-01                 0.0003     0.03   LINEAR
  258.00    0.00   1.043E-01  -24.50  7.966E-05    9.96      1.36759E-01                 0.0004     0.04   LINEAR
  260.00    0.00   9.166E-02  -37.97  7.993E-05    8.01      1.05582E-01                 0.0006     0.03   LINEAR
  262.00    0.00   8.371E-02  -51.93  8.007E-05    6.49      8.80474E-02                 0.0008     0.03   LINEAR
  264.00    0.00   8.003E-02  -65.15  8.008E-05    5.43      8.04879E-02                 0.0009     0.02   LINEAR
  266.00    0.00   7.958E-02  -76.41  7.999E-05    4.86      7.95822E-02                 0.0010     0.01   LINEAR
  268.00    0.00   8.102E-02  -84.99  7.981E-05    4.79      8.24902E-02                 0.0010     0.00   LINEAR
  270.00    0.00   8.317E-02  -90.78  7.956E-05    5.25      8.69312E-02                 0.0010    -0.01   LINEAR
  272.00    0.00   8.520E-02  -93.95  7.923E-05    6.25      9.12164E-02                 0.0009    -0.01   LINEAR
  274.00    0.00   8.660E-02  -94.74  7.885E-05    7.82      9.42442E-02                 0.0009    -0.01   LINEAR
  276.00    0.00   8.716E-02  -93.34  7.842E-05    9.97      9.54695E-02                 0.0009    -0.01   LINEAR
  278.00    0.00   8.688E-02  -89.87  7.794E-05   12.71      9.48500E-02                 0.0009    -0.01   LINEAR
  280.00    0.00   8.593E-02  -84.35  7.742E-05   16.07      9.27792E-02                 0.0009    -0.01   LINEAR
  282.00    0.00   8.463E-02  -76.79  7.687E-05   20.05      9.00048E-02                 0.0009    -0.01   LINEAR
  284.00    0.00   8.346E-02  -67.20  7.629E-05   24.67      8.75387E-02                 0.0009    -0.00   LINEAR
  286.00    0.00   8.299E-02  -55.69  7.568E-05   29.93      8.65583E-02                 0.0009     0.00   LINEAR
  288.00    0.00   8.383E-02  -42.53  7.505E-05   35.84      8.83033E-02                 0.0009     0.01   LINEAR
  290.00    0.00   8.647E-02  -28.19  7.439E-05   42.40      9.39687E-02                 0.0008     0.02   LINEAR
  292.00    0.00   9.123E-02  -13.26  7.373E-05   49.62      1.04599E-01                 0.0007     0.02   LINEAR
  294.00    0.00   9.812E-02    1.73  7.304E-05   57.48      1.20986E-01                 0.0006     0.02   LINEAR
  296.00    0.00   1.069E-01   16.42  7.233E-05   65.99      1.43575E-01                 0.0005     0.03   LINEAR
  298.00    0.00   1.171E-01   30.68  7.159E-05   75.13      1.72379E-01                 0.0004     0.03   LINEAR
  300.00    0.00   1.283E-01   44.51  7.081E-05   84.88      2.06905E-01                 0.0004     0.02   LINEAR
  302.00    0.00   1.399E-01   58.01  6.994E-05   95.23      2.46095E-01                 0.0003  -179.98   LINEAR
  304.00    0.00   1.515E-01   71.28  6.896E-05  106.16      2.88282E-01                 0.0003  -179.98   LINEAR
  306.00    0.00   1.623E-01   84.42  6.781E-05  117.68      3.31161E-01                 0.0002  -179.98   LINEAR
  308.00    0.00   1.720E-01   97.51  6.642E-05  129.79      3.71803E-01                 0.0002  -179.98   LINEAR
  310.00    0.00   1.799E-01  110.63  6.475E-05  142.52      4.06714E-01                 0.0002  -179.98   LINEAR
  312.00    0.00   1.854E-01  123.82  6.272E-05  155.93      4.31983E-01                 0.0002  -179.98   LINEAR
  314.00    0.00   1.879E-01  137.12  6.030E-05  170.12      4.43553E-01                 0.0002  -179.98   LINEAR
  316.00    0.00   1.866E-01  150.57  5.750E-05 -174.75      4.37657E-01                 0.0002  -179.99   LINEAR
  318.00    0.00   1.809E-01  164.22  5.439E-05 -158.47      4.11449E-01                 0.0002  -179.99   LINEAR
  320.00    0.00   1.702E-01  178.12  5.113E-05 -140.76      3.63826E-01                 0.0002  -179.99   LINEAR
  322.00    0.00   1.536E-01 -167.57  4.802E-05 -121.31      2.96415E-01                 0.0002  -179.99   LINEAR
  324.00    0.00   1.307E-01 -152.56  4.551E-05  -99.93      2.14606E-01                 0.0003  -179.99   LINEAR
  326.00    0.00   1.011E-01 -136.03  4.412E-05  -76.76      1.28476E-01                 0.0004  -179.99   LINEAR
  328.00    0.00   6.518E-02 -114.96  4.436E-05  -52.51      5.33801E-02                 0.0006     0.02   LINEAR
  330.00    0.00   2.814E-02  -66.87  4.641E-05  -28.37      9.95153E-03                 0.0010     0.07   LINEAR
  332.00    0.00   4.305E-02   38.65  5.005E-05   -5.43      2.32875E-02                 0.0008     0.05   LINEAR
  334.00    0.00   9.819E-02   71.05  5.474E-05   15.78      1.21157E-01                 0.0005  -179.98   LINEAR
  336.00    0.00   1.623E-01   89.96  5.978E-05   35.25      3.31213E-01                 0.0003  -179.99   LINEAR
  338.00    0.00   2.322E-01  105.89  6.449E-05   53.24      6.77381E-01                 0.0002  -179.99   LINEAR
  340.00    0.00   3.059E-01  120.69  6.827E-05   70.05      1.17579E+00                 0.0002  -179.99   LINEAR
  342.00    0.00   3.817E-01  134.95  7.061E-05   85.96      1.83080E+00                 0.0001  -179.99   LINEAR
  344.00    0.00   4.576E-01  148.87  7.109E-05  101.19      2.63181E+00                 0.0001  -179.99   LINEAR
  346.00    0.00   5.316E-01  162.57  6.944E-05  115.88      3.55146E+00                 0.0001  -179.99   LINEAR
  348.00    0.00   6.015E-01  176.10  6.550E-05  130.14      4.54590E+00                 0.0001  -180.00   LINEAR
  350.00    0.00   6.650E-01 -170.52  5.925E-05  144.06      5.55725E+00                 0.0001  -180.00   LINEAR
  352.00    0.00   7.202E-01 -157.28  5.080E-05  157.68      6.51833E+00                 0.0000  -180.00   LINEAR
  354.00    0.00   7.653E-01 -144.17  4.041E-05  171.02      7.35913E+00                 0.0000  -180.00   LINEAR
  356.00    0.00   7.986E-01 -131.20  2.844E-05 -175.93      8.01434E+00                 0.0000     0.00   LINEAR
  358.00    0.00   8.191E-01 -118.38  1.534E-05 -163.32      8.43075E+00                 0.0000     0.00   LINEAR
  360.00    0.00   8.260E-01 -105.72  1.654E-06 -156.48      8.57359E+00                 0.0000     0.00   LINEAR