    0.00    0.00   1.902E-01 -100.34  1.633E-04 -100.79      4.54409E-01                 0.0000     0.05   LINEAR
    2.00    0.00   1.626E-01  -99.16  1.656E-04  -93.55      3.32403E-01                 0.0001     0.06   LINEAR
    4.00    0.00   1.376E-01 -100.93  1.620E-04  -86.31      2.38018E-01                 0.0003     0.07   LINEAR
    6.00    0.00   1.184E-01 -106.27  1.526E-04  -79.44      1.76195E-01                 0.0006     0.07   LINEAR
    8.00    0.00   1.076E-01 -114.54  1.379E-04  -73.40      1.45602E-01                 0.0008     0.06   LINEAR
   10.00    0.00   1.058E-01 -123.35  1.190E-04  -68.90      1.40733E-01                 0.0009     0.04   LINEAR
   12.00    0.00   1.107E-01 -130.12  9.735E-05  -67.25      1.54047E-01                 0.0008     0.02   LINEAR
   14.00    0.00   1.189E-01 -133.92  7.564E-05  -71.19      1.77677E-01                 0.0006     0.02   LINEAR
   16.00    0.00   1.276E-01 -135.18  5.939E-05  -85.34      2.04490E-01                 0.0004  -179.98   LINEAR
   18.00    0.00   1.349E-01 -134.66  5.741E-05 -108.72      2.28593E-01                 0.0002     0.02   LINEAR
   20.00    0.00   1.398E-01 -133.02  7.171E-05 -126.18      2.45468E-01                 0.0001     0.03   LINEAR
   22.00    0.00   1.416E-01 -130.76  9.420E-05 -132.64      2.52003E-01                 0.0000     0.04   LINEAR
   24.00    0.00   1.401E-01 -128.31  1.184E-04 -132.59      2.46579E-01                 0.0001     0.05   LINEAR
   26.00    0.00   1.351E-01 -126.06  1.411E-04 -129.28      2.29246E-01                 0.0001     0.06   LINEAR
   28.00    0.00   1.268E-01 -124.51  1.604E-04 -124.24      2.01918E-01                 0.0000     0.07   LINEAR
   30.00    0.00   1.158E-01 -124.33  1.754E-04 -118.23      1.68409E-01                 0.0002     0.09   LINEAR
   32.00    0.00   1.033E-01 -126.47  1.851E-04 -111.62      1.34142E-01                 0.0005     0.10   LINEAR
   34.00    0.00   9.161E-02 -132.13  1.894E-04 -104.63      1.05469E-01                 0.0010     0.11   LINEAR
   36.00    0.00   8.398E-02 -142.03  1.881E-04  -97.36      8.86219E-02                 0.0016  -179.91   LINEAR
   38.00    0.00   8.391E-02 -154.59  1.815E-04  -89.84      8.84893E-02                 0.0020  -179.95   LINEAR
   40.00    0.00   9.249E-02 -165.80  1.701E-04  -82.05      1.07489E-01                 0.0018  -179.99   LINEAR
   42.00    0.00   1.074E-01 -172.98  1.544E-04  -73.89      1.44817E-01                 0.0014   179.99   LINEAR
   44.00    0.00   1.250E-01 -176.26  1.355E-04  -65.15      1.96299E-01                 0.0010   179.98   LINEAR
   46.00    0.00   1.424E-01 -176.79  1.145E-04  -55.42      2.54922E-01                 0.0007   179.98   LINEAR
   48.00    0.00   1.576E-01 -175.64  9.258E-05  -43.92      3.11972E-01                 0.0004   179.98   LINEAR
   50.00    0.00   1.689E-01 -173.55  7.154E-05  -29.08      3.58567E-01                 0.0002   179.98   LINEAR
   52.00    0.00   1.755E-01 -171.04  5.390E-05   -7.96      3.87248E-01                 0.0001   179.98   LINEAR
   54.00    0.00   1.769E-01 -168.53  4.375E-05   22.21      3.93335E-01                 0.0000   179.99   LINEAR
   56.00    0.00   1.729E-01 -166.36  4.442E-05   55.33      3.75765E-01                 0.0002   179.99   LINEAR
   58.00    0.00   1.638E-01 -164.91  5.304E-05   80.18      3.37289E-01                 0.0003   179.99   LINEAR
   60.00    0.00   1.503E-01 -164.69  6.420E-05   96.17      2.84002E-01                 0.0004   180.00   LINEAR
   62.00    0.00   1.336E-01 -166.39  7.479E-05  106.76      2.24359E-01                 0.0006  -180.00   LINEAR
   64.00    0.00   1.156E-01 -171.12  8.348E-05  114.16      1.67864E-01                 0.0007  -179.99   LINEAR
   66.00    0.00   9.921E-02  179.63  8.979E-05  119.49      1.23691E-01                 0.0008  -179.97   LINEAR
   68.00    0.00   8.897E-02  164.88  9.359E-05  123.32      9.94616E-02                 0.0007  -179.95   LINEAR
   70.00    0.00   8.936E-02  146.89  9.501E-05  125.95      1.00345E-01                 0.0004  -179.94   LINEAR
   72.00    0.00   1.012E-01  131.02  9.426E-05  127.51      1.28575E-01                 0.0001  -179.95   LINEAR
   74.00    0.00   1.208E-01  120.02  9.164E-05  128.07      1.83387E-01                 0.0001  -179.96   LINEAR
   76.00    0.00   1.442E-01  113.15  8.748E-05  127.60      2.61321E-01                 0.0002  -179.97   LINEAR
   78.00    0.00   1.685E-01  108.92  8.214E-05  126.07      3.56790E-01                 0.0001  -179.97   LINEAR
   80.00    0.00   1.919E-01  106.21  7.594E-05  123.35      4.62794E-01                 0.0001  -179.98   LINEAR
   82.00    0.00   2.133E-01  104.34  6.924E-05  119.26      5.71676E-01                 0.0001  -179.98   LINEAR
   84.00    0.00   2.319E-01  102.88  6.238E-05  113.52      6.75817E-01                 0.0000  -179.98   LINEAR
   86.00    0.00   2.473E-01  101.55  5.574E-05  105.73      7.68228E-01                 0.0000  -179.99   LINEAR
   88.00    0.00   2.590E-01  100.16  4.982E-05   95.41      8.42992E-01                 0.0000  -179.99   LINEAR
   90.00    0.00   2.670E-01   98.56  4.525E-05   82.13      8.95576E-01                 0.0000  -179.99   LINEAR
   92.00    0.00   2.710E-01   96.66  4.281E-05   65.99      9.23003E-01                 0.0001  -179.99   LINEAR
   94.00    0.00   2.712E-01   94.35  4.322E-05   48.21      9.23935E-01                 0.0001  -179.99   LINEAR
   96.00    0.00   2.674E-01   91.51  4.676E-05   30.81      8.98679E-01                 0.0002  -180.00   LINEAR
   98.00    0.00   2.599E-01   88.05  5.318E-05   15.37      8.49150E-01                 0.0002  -180.00   LINEAR
  100.00    0.00   2.489E-01   83.81  6.191E-05    2.31      7.78799E-01                 0.0002  -180.00   LINEAR
  102.00    0.00   2.348E-01   78.60  7.241E-05   -8.70      6.92523E-01                 0.0003  -180.00   LINEAR
  104.00    0.00   2.179E-01   72.15  8.420E-05  -18.16      5.96531E-01                 0.0004   180.00   LINEAR
  106.00    0.00   1.991E-01   64.09  9.691E-05  -26.54      4.98175E-01                 0.0005   180.00   LINEAR
  108.00    0.00   1.797E-01   53.87  1.101E-04  -34.14      4.05704E-01                 0.0006  -180.00   LINEAR
  110.00    0.00   1.615E-01   40.81  1.235E-04  -41.21      3.27917E-01                 0.0008     0.01   LINEAR
  112.00    0.00   1.476E-01   24.33  1.366E-04  -47.90      2.73707E-01                 0.0009     0.02   LINEAR
  114.00    0.00   1.415E-01    4.68  1.490E-04  -54.30      2.51468E-01                 0.0009     0.03   LINEAR
  116.00    0.00   1.461E-01  -16.32  1.602E-04  -60.46      2.68375E-01                 0.0008     0.05   LINEAR
  118.00    0.00   1.619E-01  -36.10  1.696E-04  -66.41      3.29573E-01                 0.0005     0.05   LINEAR
  120.00    0.00   1.865E-01  -53.24  1.769E-04  -72.12      4.37319E-01                 0.0003     0.05   LINEAR
  122.00    0.00   2.167E-01  -67.76  1.816E-04  -77.54      5.90180E-01                 0.0001     0.05   LINEAR
  124.00    0.00   2.495E-01  -80.30  1.834E-04  -82.59      7.82403E-01                 0.0000     0.04   LINEAR
  126.00    0.00   2.826E-01  -91.51  1.823E-04  -87.13      1.00359E+00                 0.0000     0.04   LINEAR
  128.00    0.00   3.140E-01 -101.87  1.783E-04  -90.99      1.23881E+00                 0.0001     0.03   LINEAR
  130.00    0.00   3.419E-01 -111.71  1.722E-04  -93.93      1.46933E+00                 0.0002     0.03   LINEAR
  132.00    0.00   3.650E-01 -121.25  1.646E-04  -95.69      1.67390E+00                 0.0002     0.02   LINEAR
  134.00    0.00   3.817E-01 -130.63  1.571E-04  -96.07      1.83076E+00                 0.0002     0.02   LINEAR
  136.00    0.00   3.909E-01 -139.95  1.513E-04  -95.03      1.92010E+00                 0.0003  -179.98   LINEAR
  138.00    0.00   3.916E-01 -149.27  1.487E-04  -92.95      1.92683E+00                 0.0003  -179.99   LINEAR
  140.00    0.00   3.830E-01 -158.61  1.505E-04  -90.61      1.84322E+00                 0.0004  -179.99   LINEAR
  142.00    0.00   3.647E-01 -167.97  1.565E-04  -88.98      1.67109E+00                 0.0004  -180.00   LINEAR
  144.00    0.00   3.365E-01 -177.35  1.655E-04  -88.75      1.42296E+00                 0.0005  -180.00   LINEAR
  146.00    0.00   2.988E-01  173.33  1.754E-04  -90.15      1.12186E+00                 0.0006   180.00   LINEAR
  148.00    0.00   2.522E-01  164.19  1.843E-04  -93.02      7.99457E-01                 0.0007   179.99   LINEAR
  150.00    0.00   1.980E-01  155.52  1.905E-04  -97.07      4.92595E-01                 0.0009   179.98   LINEAR
  152.00    0.00   1.377E-01  148.13  1.928E-04 -101.93      2.38441E-01                 0.0013   179.97   LINEAR
  154.00    0.00   7.408E-02  145.67  1.903E-04 -107.21      6.89659E-02                 0.0025   179.96   LINEAR
  156.00    0.00   2.113E-02 -161.39  1.829E-04 -112.51      5.61293E-03                 0.0065  -179.67   LINEAR
  158.00    0.00   6.627E-02  -88.92  1.709E-04 -117.38      5.51834E-02                 0.0012     0.13   LINEAR
  160.00    0.00   1.286E-01  -89.82  1.556E-04 -121.25      2.07927E-01                 0.0006     0.06   LINEAR
  162.00    0.00   1.868E-01  -96.58  1.385E-04 -123.36      4.38495E-01                 0.0003     0.04   LINEAR
  164.00    0.00   2.377E-01 -104.57  1.222E-04 -122.91      7.09929E-01                 0.0002     0.03   LINEAR
  166.00    0.00   2.793E-01 -112.76  1.099E-04 -119.42      9.80176E-01                 0.0000     0.02   LINEAR
  168.00    0.00   3.103E-01 -120.68  1.044E-04 -113.81      1.21000E+00                 0.0000     0.02   LINEAR
  170.00    0.00   3.303E-01 -128.03  1.065E-04 -108.61      1.37062E+00                 0.0001     0.02   LINEAR
  172.00    0.00   3.396E-01 -134.52  1.141E-04 -106.19      1.44927E+00                 0.0002     0.02   LINEAR
  174.00    0.00   3.398E-01 -139.85  1.237E-04 -107.17      1.45117E+00                 0.0002  -179.98   LINEAR
  176.00    0.00   3.334E-01 -143.76  1.323E-04 -111.01      1.39709E+00                 0.0002  -179.98   LINEAR
  178.00    0.00   3.237E-01 -146.03  1.377E-04 -116.93      1.31692E+00                 0.0002  -179.98   LINEAR
  180.00    0.00   3.142E-01 -146.65  1.388E-04 -124.27      1.24078E+00                 0.0002  -179.98   LINEAR
  182.00    0.00   3.078E-01 -145.88  1.351E-04 -132.58      1.19039E+00                 0.0001  -179.98   LINEAR
  184.00    0.00   3.056E-01 -144.16  1.266E-04 -141.50      1.17370E+00                 0.0000  -179.98   LINEAR
  186.00    0.00   3.072E-01 -141.86  1.139E-04 -150.76      1.18554E+00                 0.0001  -179.98   LINEAR
  188.00    0.00   3.110E-01 -138.99  9.768E-05 -160.10      1.21574E+00                 0.0001  -179.98   LINEAR
  190.00    0.00   3.172E-01 -135.16  7.893E-05 -169.17      1.26406E+00                 0.0001  -179.99   LINEAR
  192.00    0.00   3.289E-01 -129.88  5.875E-05 -177.31      1.35910E+00                 0.0001     0.01   LINEAR
  194.00    0.00   3.542E-01 -123.22  3.838E-05  177.35      1.57615E+00                 0.0001     0.00   LINEAR
  196.00    0.00   4.037E-01 -116.43  1.965E-05 -176.90      2.04835E+00                 0.0000     0.00   LINEAR
  198.00    0.00   4.858E-01 -111.43  1.120E-05 -117.92      2.96542E+00                 0.0000     0.00   LINEAR
  200.00    0.00   6.022E-01 -109.38  2.267E-05  -82.63      4.55685E+00                 0.0000     0.00   LINEAR
  202.00    0.00   7.495E-01 -110.32  3.638E-05  -83.65      7.05946E+00                 0.0000     0.00   LINEAR
  204.00    0.00   9.216E-01 -113.69  4.831E-05  -91.95      1.06733E+01                 0.0000     0.00   LINEAR
  206.00    0.00   1.111E+00 -118.86  5.809E-05 -102.89      1.55135E+01                 0.0000     0.00   LINEAR
  208.00    0.00   1.310E+00 -125.33  6.599E-05 -115.25      2.15673E+01                 0.0000     0.00   LINEAR
  210.00    0.00   1.510E+00 -132.70  7.250E-05 -128.57      2.86668E+01                 0.0000     0.00   LINEAR
  212.00    0.00   1.704E+00 -140.72  7.828E-05 -142.48      3.64842E+01                 0.0000  -180.00   LINEAR
  214.00    0.00   1.883E+00 -149.18  8.395E-05 -156.64      4.45532E+01                 0.0000  -180.00   LINEAR
  216.00    0.00   2.040E+00 -157.94  9.004E-05 -170.63      5.23153E+01                 0.0000  -180.00   LINEAR
  218.00    0.00   2.170E+00 -166.91  9.682E-05  175.93      5.91840E+01                 0.0000  -180.00   LINEAR
  220.00    0.00   2.268E+00 -176.02  1.043E-04  163.38      6.46161E+01                 0.0000  -180.00   LINEAR
  222.00    0.00   2.329E+00  174.80  1.124E-04  151.89      6.81796E+01                 0.0000  -180.00   LINEAR
  224.00    0.00   2.354E+00  165.56  1.206E-04  141.57      6.96064E+01                 0.0000  -180.00   LINEAR
  226.00    0.00   2.340E+00  156.29  1.287E-04  132.39      6.88212E+01                 0.0000  -180.00   LINEAR
  228.00    0.00   2.291E+00  146.98  1.362E-04  124.30      6.59449E+01                 0.0000  -180.00   LINEAR
  230.00    0.00   2.208E+00  137.63  1.428E-04  117.23      6.12719E+01                 0.0000  -180.00   LINEAR
  232.00    0.00   2.096E+00  128.19  1.483E-04  111.10      5.52274E+01                 0.0000  -180.00   LINEAR
  234.00    0.00   1.961E+00  118.60  1.525E-04  105.85      4.83125E+01                 0.0000  -180.00   LINEAR
  236.00    0.00   1.807E+00  108.78  1.552E-04  101.42      4.10462E+01                 0.0000  -180.00   LINEAR
  238.00    0.00   1.643E+00   98.59  1.564E-04   97.78      3.39124E+01                 0.0000  -179.99   LINEAR
  240.00    0.00   1.474E+00   87.86  1.563E-04   94.90      2.73180E+01                 0.0000  -179.99   LINEAR
  242.00    0.00   1.310E+00   76.38  1.549E-04   92.77      2.15662E+01                 0.0000  -179.99   LINEAR
  244.00    0.00   1.158E+00   63.88  1.523E-04   91.38      1.68453E+01                 0.0001  -179.99   LINEAR
  246.00    0.00   1.026E+00   50.16  1.489E-04   90.73      1.32313E+01                 0.0001  -179.99   LINEAR
  248.00    0.00   9.229E-01   35.19  1.447E-04   90.82      1.07023E+01                 0.0001     0.01   LINEAR
  250.00    0.00   8.537E-01   19.36  1.402E-04   91.66      9.15881E+00                 0.0002     0.00   LINEAR
  252.00    0.00   8.199E-01    3.50  1.354E-04   93.25      8.44758E+00                 0.0002     0.00   LINEAR
  254.00    0.00   8.169E-01  -11.34  1.307E-04   95.58      8.38526E+00                 0.0002    -0.00   LINEAR
  256.00    0.00   8.358E-01  -24.40  1.262E-04   98.64      8.77884E+00                 0.0001    -0.00   LINEAR
  258.00    0.00   8.668E-01  -35.39  1.222E-04  102.40      9.44209E+00                 0.0001    -0.01   LINEAR
  260.00    0.00   9.013E-01  -44.37  1.188E-04  106.83      1.02072E+01                 0.0001    -0.01   LINEAR
  262.00    0.00   9.327E-01  -51.60  1.162E-04  111.87      1.09318E+01                 0.0000    -0.01   LINEAR
  264.00    0.00   9.567E-01  -57.34  1.144E-04  117.47      1.15029E+01                 0.0000    -0.01   LINEAR
  266.00    0.00   9.705E-01  -61.81  1.136E-04  123.55      1.18367E+01                 0.0000    -0.01   LINEAR
  268.00    0.00   9.722E-01  -65.20  1.139E-04  130.02      1.18785E+01                 0.0000    -0.01   LINEAR
  270.00    0.00   9.608E-01  -67.66  1.152E-04  136.79      1.15995E+01                 0.0000    -0.01   LINEAR
  272.00    0.00   9.354E-01  -69.30  1.177E-04  143.78      1.09959E+01                 0.0001    -0.01   LINEAR
  274.00    0.00   8.959E-01  -70.22  1.212E-04  150.88      1.00857E+01                 0.0001    -0.01   LINEAR
  276.00    0.00   8.420E-01  -70.47  1.259E-04  158.02      8.90819E+00                 0.0001    -0.01   LINEAR
  278.00    0.00   7.737E-01  -70.15  1.315E-04  165.14      7.52179E+00                 0.0001    -0.01   LINEAR
  280.00    0.00   6.912E-01  -69.31  1.380E-04  172.18      6.00348E+00                 0.0002    -0.01   LINEAR
  282.00    0.00   5.949E-01  -68.04  1.452E-04  179.11      4.44683E+00                 0.0002    -0.01   LINEAR
  284.00    0.00   4.853E-01  -66.48  1.527E-04 -174.09      2.95947E+00                 0.0003    -0.01   LINEAR
  286.00    0.00   3.633E-01  -64.93  1.603E-04 -167.41      1.65904E+00                 0.0004    -0.01   LINEAR
  288.00    0.00   2.304E-01  -64.38  1.676E-04 -160.85      6.67187E-01                 0.0007    -0.00   LINEAR
  290.00    0.00   8.987E-02  -72.18  1.742E-04 -154.42      1.01484E-01                 0.0019     0.02   LINEAR
  292.00    0.00   7.214E-02  153.82  1.796E-04 -148.10      6.54014E-02                 0.0021  -179.92   LINEAR
  294.00    0.00   2.251E-01  142.25  1.833E-04 -141.93      6.36905E-01                 0.0008  -179.99   LINEAR
  296.00    0.00   3.844E-01  144.12  1.850E-04 -135.92      1.85674E+00                 0.0005  -180.00   LINEAR
  298.00    0.00   5.439E-01  148.16  1.841E-04 -130.15      3.71786E+00                 0.0003  -180.00   LINEAR
  300.00    0.00   7.000E-01  153.16  1.804E-04 -124.69      6.15784E+00                 0.0003  -180.00   LINEAR
  302.00    0.00   8.489E-01  158.78  1.738E-04 -119.71      9.05604E+00                 0.0002  -180.00   LINEAR
  304.00    0.00   9.868E-01  164.88  1.644E-04 -115.43      1.22370E+01                 0.0002  -180.00   LINEAR
  306.00    0.00   1.110E+00  171.39  1.525E-04 -112.22      1.54813E+01                 0.0001  -180.00   LINEAR
  308.00    0.00   1.215E+00  178.27  1.391E-04 -110.57      1.85428E+01                 0.0001  -180.00   LINEAR
  310.00    0.00   1.298E+00 -174.53  1.258E-04 -111.16      2.11728E+01                 0.0001  -180.00   LINEAR
  312.00    0.00   1.357E+00 -167.04  1.147E-04 -114.55      2.31460E+01                 0.0001  -180.00   LINEAR
  314.00    0.00   1.390E+00 -159.30  1.089E-04 -120.61      2.42874E+01                 0.0000  -180.00   LINEAR
  316.00    0.00   1.396E+00 -151.33  1.106E-04 -127.64      2.44944E+01                 0.0000  -180.00   LINEAR
  318.00    0.00   1.375E+00 -143.18  1.198E-04 -133.09      2.37506E+01                 0.0000  -180.00   LINEAR
  320.00    0.00   1.327E+00 -134.89  1.344E-04 -135.47      2.21300E+01                 0.0000     0.01   LINEAR
  322.00    0.00   1.255E+00 -126.52  1.514E-04 -134.75      1.97879E+01                 0.0000     0.01   LINEAR
  324.00    0.00   1.161E+00 -118.16  1.679E-04 -131.58      1.69418E+01                 0.0000     0.01   LINEAR
  326.00    0.00   1.050E+00 -109.90  1.820E-04 -126.65      1.38433E+01                 0.0000     0.01   LINEAR
  328.00    0.00   9.248E-01 -101.90  1.921E-04 -120.53      1.07467E+01                 0.0001     0.01   LINEAR
  330.00    0.00   7.918E-01  -94.38  1.972E-04 -113.64      7.87836E+00                 0.0001     0.01   LINEAR
  332.00    0.00   6.562E-01  -87.70  1.965E-04 -106.33      5.41155E+00                 0.0001     0.02   LINEAR
  334.00    0.00   5.241E-01  -82.48  1.900E-04  -98.93      3.45164E+00                 0.0001     0.02   LINEAR
  336.00    0.00   4.021E-01  -79.83  1.778E-04  -91.80      2.03201E+00                 0.0001     0.02   LINEAR
  338.00    0.00   2.987E-01  -81.73  1.606E-04  -85.41      1.12103E+00                 0.0000     0.03   LINEAR
  340.00    0.00   2.252E-01  -90.84  1.397E-04  -80.49      6.37587E-01                 0.0001     0.03   LINEAR
  342.00    0.00   1.937E-01 -106.49  1.170E-04  -78.25      4.71576E-01                 0.0003     0.03   LINEAR
  344.00    0.00   2.005E-01 -120.20  9.565E-05  -80.65      5.05188E-01                 0.0003     0.02   LINEAR
  346.00    0.00   2.241E-01 -126.37  8.072E-05  -89.78      6.31279E-01                 0.0002     0.02   LINEAR
  348.00    0.00   2.469E-01 -126.62  7.799E-05 -103.70      7.66220E-01                 0.0001     0.02   LINEAR
  350.00    0.00   2.610E-01 -123.55  8.817E-05 -114.71      8.56058E-01                 0.0001     0.02   LINEAR
  352.00    0.00   2.641E-01 -118.84  1.057E-04 -118.91      8.76300E-01                 0.0000     0.02   LINEAR
  354.00    0.00   2.565E-01 -113.49  1.248E-04 -117.82      8.26797E-01                 0.0000     0.03   LINEAR
  356.00    0.00   2.400E-01 -108.21  1.420E-04 -113.60      7.23819E-01                 0.0001     0.03   LINEAR
  358.00    0.00   2.170E-01 -103.62  1.552E-04 -107.65      5.91497E-01                 0.0001     0.04   LINEAR
  360.00    0.00   1.902E-01 -100.34  1.633E-04 -100.79      4.54409E-01                 0.0000     0.05   LINEAR