0.00    0.00   1.039E+00   41.53  1.024E-06  -23.32      1.35567E+01                 0.0000     0.00   LINEAR
    2.00    0.00   1.030E+00   53.96  1.169E-05  106.79      1.33326E+01                 0.0000  -180.00   LINEAR
    4.00    0.00   1.004E+00   66.11  2.317E-05  121.17      1.26791E+01                 0.0000  -180.00   LINEAR
    6.00    0.00   9.629E-01   77.95  3.326E-05  133.87      1.16505E+01                 0.0000  -180.00   LINEAR
    8.00    0.00   9.067E-01   89.45  4.136E-05  145.92      1.03299E+01                 0.0000  -180.00   LINEAR
   10.00    0.00   8.377E-01  100.60  4.703E-05  157.45      8.81935E+00                 0.0000  -180.00   LINEAR
   12.00    0.00   7.584E-01  111.34  4.997E-05  168.39      7.22837E+00                 0.0001  -180.00   LINEAR
   14.00    0.00   6.713E-01  121.64  5.009E-05  178.55      5.66212E+00                 0.0001  -180.00   LINEAR
   16.00    0.00   5.789E-01  131.43  4.751E-05 -172.41      4.21139E+00                 0.0001  -180.00   LINEAR
   18.00    0.00   4.841E-01  140.61  4.258E-05 -165.11      2.94515E+00                 0.0001  -180.00   LINEAR
   20.00    0.00   3.895E-01  149.02  3.594E-05 -160.81      1.90665E+00                 0.0001  -180.00   LINEAR
   22.00    0.00   2.976E-01  156.35  2.872E-05 -162.02      1.11304E+00                 0.0001  -180.00   LINEAR
   24.00    0.00   2.107E-01  161.87  2.306E-05 -172.83      5.58017E-01                 0.0000  -179.99   LINEAR
   26.00    0.00   1.314E-01  163.44  2.217E-05  167.45      2.16841E-01                 0.0000  -179.99   LINEAR
   28.00    0.00   6.460E-02  151.17  2.706E-05  152.15      5.24435E-02                 0.0000  -179.98   LINEAR
   30.00    0.00   4.163E-02   85.98  3.502E-05  146.91      2.17771E-02                 0.0007  -179.98   LINEAR
   32.00    0.00   8.051E-02   51.51  4.363E-05  147.92      8.14602E-02                 0.0005   180.00   LINEAR
   34.00    0.00   1.237E-01   46.97  5.162E-05  152.02      1.92173E-01                 0.0004   179.99   LINEAR
   36.00    0.00   1.600E-01   48.19  5.838E-05  157.59      3.21540E-01                 0.0003   179.99   LINEAR
   38.00    0.00   1.883E-01   50.92  6.359E-05  163.80      4.45510E-01                 0.0003   179.99   LINEAR
   40.00    0.00   2.089E-01   53.96  6.716E-05  170.21      5.48458E-01                 0.0003   179.99   LINEAR
   42.00    0.00   2.225E-01   56.86  6.912E-05  176.57      6.22335E-01                 0.0003   179.99   LINEAR
   44.00    0.00   2.301E-01   59.38  6.963E-05 -177.30      6.65217E-01                 0.0003   179.99   LINEAR
   46.00    0.00   2.326E-01   61.39  6.889E-05 -171.48      6.79600E-01                 0.0002   179.99   LINEAR
   48.00    0.00   2.310E-01   62.83  6.716E-05 -165.99      6.70672E-01                 0.0002   179.99   LINEAR
   50.00    0.00   2.265E-01   63.65  6.470E-05 -160.83      6.44783E-01                 0.0002   179.99   LINEAR
   52.00    0.00   2.200E-01   63.85  6.173E-05 -155.93      6.08208E-01                 0.0002   179.99   LINEAR
   54.00    0.00   2.123E-01   63.49  5.845E-05 -151.18      5.66271E-01                 0.0002   179.99   LINEAR
   56.00    0.00   2.040E-01   62.63  5.500E-05 -146.41      5.22836E-01                 0.0001   179.99   LINEAR
   58.00    0.00   1.955E-01   61.39  5.145E-05 -141.45      4.80160E-01                 0.0001   179.99   LINEAR
   60.00    0.00   1.869E-01   59.91  4.788E-05 -136.06      4.39023E-01                 0.0001   179.99   LINEAR
   62.00    0.00   1.782E-01   58.33  4.434E-05 -130.00      3.99087E-01                 0.0000   179.99   LINEAR
   64.00    0.00   1.691E-01   56.76  4.089E-05 -122.99      3.59378E-01                 0.0000   179.99   LINEAR
   66.00    0.00   1.593E-01   55.31  3.767E-05 -114.76      3.18795E-01                 0.0000   179.99   LINEAR
   68.00    0.00   1.484E-01   54.02  3.483E-05 -105.07      2.76564E-01                 0.0001   179.99   LINEAR
   70.00    0.00   1.360E-01   52.90  3.264E-05  -93.82      2.32574E-01                 0.0001   179.99   LINEAR
   72.00    0.00   1.222E-01   51.90  3.136E-05  -81.27      1.87528E-01                 0.0002   179.99   LINEAR
   74.00    0.00   1.066E-01   50.96  3.119E-05  -68.10      1.42927E-01                 0.0003   179.99   LINEAR
   76.00    0.00   8.960E-02   49.93  3.219E-05  -55.30      1.00880E-01                 0.0003   179.99   LINEAR
   78.00    0.00   7.125E-02   48.50  3.421E-05  -43.76      6.37887E-02                 0.0005   180.00   LINEAR
   80.00    0.00   5.199E-02   45.98  3.699E-05  -33.93      3.39648E-02                 0.0007  -179.99   LINEAR
   82.00    0.00   3.246E-02   39.97  4.021E-05  -25.87      1.32413E-02                 0.0011     0.03   LINEAR
   84.00    0.00   1.451E-02   16.28  4.359E-05  -19.41      2.64448E-03                 0.0018     0.14   LINEAR
   86.00    0.00   1.319E-02  -73.36  4.691E-05  -14.34      2.18492E-03                 0.0030     0.10   LINEAR
   88.00    0.00   2.933E-02  -99.89  4.998E-05  -10.42      1.08129E-02                 0.0017     0.00   LINEAR
   90.00    0.00   4.598E-02 -105.09  5.267E-05   -7.49      2.65677E-02                 0.0011    -0.01   LINEAR
   92.00    0.00   6.111E-02 -105.63  5.490E-05   -5.39      4.69310E-02                 0.0009    -0.01   LINEAR
   94.00    0.00   7.430E-02 -103.98  5.659E-05   -4.04      6.93686E-02                 0.0008    -0.01   LINEAR
   96.00    0.00   8.557E-02 -100.69  5.770E-05   -3.34      9.20206E-02                 0.0007    -0.00   LINEAR
   98.00    0.00   9.544E-02  -95.86  5.824E-05   -3.24      1.14470E-01                 0.0006    -0.00   LINEAR
  100.00    0.00   1.050E-01  -89.53  5.822E-05   -3.70      1.38485E-01                 0.0006     0.00   LINEAR
  102.00    0.00   1.158E-01  -81.93  5.768E-05   -4.69      1.68619E-01                 0.0005     0.01   LINEAR
  104.00    0.00   1.300E-01  -73.67  5.666E-05   -6.20      2.12508E-01                 0.0004     0.01   LINEAR
  106.00    0.00   1.495E-01  -65.64  5.523E-05   -8.24      2.80745E-01                 0.0003     0.01   LINEAR
  108.00    0.00   1.753E-01  -58.69  5.349E-05  -10.81      3.86191E-01                 0.0002     0.01   LINEAR
  110.00    0.00   2.078E-01  -53.32  5.151E-05  -13.93      5.42681E-01                 0.0002     0.01   LINEAR
  112.00    0.00   2.464E-01  -49.63  4.939E-05  -17.65      7.63139E-01                 0.0001     0.01   LINEAR
  114.00    0.00   2.901E-01  -47.49  4.723E-05  -22.01      1.05725E+00                 0.0001     0.01   LINEAR
  116.00    0.00   3.372E-01  -46.67  4.510E-05  -27.07      1.42894E+00                 0.0000     0.01   LINEAR
  118.00    0.00   3.862E-01  -46.93  4.308E-05  -32.89      1.87406E+00                 0.0000     0.01   LINEAR
  120.00    0.00   4.351E-01  -48.06  4.123E-05  -39.51      2.37862E+00                 0.0000     0.01   LINEAR
  122.00    0.00   4.819E-01  -49.90  3.958E-05  -46.96      2.91819E+00                 0.0000     0.00   LINEAR
  124.00    0.00   5.246E-01  -52.30  3.815E-05  -55.26      3.45854E+00                 0.0000     0.00   LINEAR
  126.00    0.00   5.612E-01  -55.16  3.691E-05  -64.39      3.95790E+00                 0.0000     0.00   LINEAR
  128.00    0.00   5.897E-01  -58.37  3.584E-05  -74.31      4.37059E+00                 0.0000     0.00   LINEAR
  130.00    0.00   6.084E-01  -61.85  3.484E-05  -84.99      4.65179E+00                 0.0000     0.00   LINEAR
  132.00    0.00   6.156E-01  -65.52  3.382E-05  -96.43      4.76284E+00                 0.0000     0.00   LINEAR
  134.00    0.00   6.100E-01  -69.27  3.268E-05 -108.66      4.67650E+00                 0.0000     0.00   LINEAR
  136.00    0.00   5.905E-01  -73.00  3.132E-05 -121.83      4.38174E+00                 0.0000     0.00   LINEAR
  138.00    0.00   5.562E-01  -76.56  2.968E-05 -136.16      3.88762E+00                 0.0000     0.00   LINEAR
  140.00    0.00   5.067E-01  -79.66  2.778E-05 -152.05      3.22639E+00                 0.0001     0.00   LINEAR
  142.00    0.00   4.421E-01  -81.81  2.573E-05 -170.05      2.45599E+00                 0.0001     0.00   LINEAR
  144.00    0.00   3.637E-01  -81.87  2.383E-05  169.21      1.66216E+00                 0.0001    -0.00   LINEAR
  146.00    0.00   2.764E-01  -76.98  2.257E-05  145.38      9.60364E-01                 0.0001    -0.00   LINEAR
  148.00    0.00   1.988E-01  -59.31  2.251E-05  119.22      4.96798E-01                 0.0000    -0.01   LINEAR
  150.00    0.00   1.887E-01  -22.68  2.402E-05   92.86      4.47553E-01                 0.0001    -0.00   LINEAR
  152.00    0.00   2.841E-01    3.03  2.697E-05   68.49      1.01401E+00                 0.0001     0.00   LINEAR
  154.00    0.00   4.382E-01   10.49  3.086E-05   46.94      2.41252E+00                 0.0000     0.00   LINEAR
  156.00    0.00   6.217E-01    9.92  3.509E-05   27.92      4.85674E+00                 0.0000     0.00   LINEAR
  158.00    0.00   8.240E-01    5.73  3.911E-05   10.78      8.53228E+00                 0.0000     0.00   LINEAR
  160.00    0.00   1.039E+00   -0.46  4.243E-05   -5.04      1.35650E+01                 0.0000     0.00   LINEAR
  162.00    0.00   1.261E+00   -7.94  4.470E-05  -19.95      1.99866E+01                 0.0000     0.00   LINEAR
  164.00    0.00   1.485E+00  -16.36  4.561E-05  -34.27      2.77039E+01                 0.0000     0.00   LINEAR
  166.00    0.00   1.704E+00  -25.53  4.497E-05  -48.18      3.64772E+01                 0.0000     0.00   LINEAR
  168.00    0.00   1.912E+00  -35.33  4.268E-05  -61.83      4.59158E+01                 0.0000     0.00   LINEAR
  170.00    0.00   2.101E+00  -45.67  3.875E-05  -75.33      5.54952E+01                 0.0000     0.00   LINEAR
  172.00    0.00   2.267E+00  -56.49  3.326E-05  -88.78      6.45957E+01                 0.0000     0.00   LINEAR
  174.00    0.00   2.403E+00  -67.76  2.639E-05 -102.34      7.25623E+01                 0.0000     0.00   LINEAR
  176.00    0.00   2.504E+00  -79.44  1.843E-05 -116.32      7.87761E+01                 0.0000     0.00   LINEAR
  178.00    0.00   2.566E+00  -91.49  9.704E-06 -132.22      8.27285E+01                 0.0000     0.00   LINEAR
  180.00    0.00   2.587E+00 -103.89  1.179E-06  155.57      8.40848E+01                 0.0000    -0.00   LINEAR
  182.00    0.00   2.566E+00 -116.63  8.753E-06   35.71      8.27285E+01                 0.0000    -0.00   LINEAR
  184.00    0.00   2.504E+00 -129.70  1.750E-05   19.60      7.87762E+01                 0.0000    -0.00   LINEAR
  186.00    0.00   2.403E+00 -143.08  2.552E-05    6.07      7.25623E+01                 0.0000   180.00   LINEAR
  188.00    0.00   2.267E+00 -156.77  3.245E-05   -6.69      6.45957E+01                 0.0000   180.00   LINEAR
  190.00    0.00   2.101E+00 -170.78  3.804E-05  -18.97      5.54952E+01                 0.0000   180.00   LINEAR
  192.00    0.00   1.912E+00  174.87  4.210E-05  -30.84      4.59159E+01                 0.0000   180.00   LINEAR
  194.00    0.00   1.704E+00  160.17  4.453E-05  -42.24      3.64772E+01                 0.0000   180.00   LINEAR
  196.00    0.00   1.485E+00  145.04  4.532E-05  -53.09      2.77040E+01                 0.0000   180.00   LINEAR
  198.00    0.00   1.261E+00  129.41  4.458E-05  -63.26      1.99867E+01                 0.0000   180.00   LINEAR
  200.00    0.00   1.039E+00  113.11  4.249E-05  -72.53      1.35650E+01                 0.0000   180.00   LINEAR
  202.00    0.00   8.240E-01   95.82  3.932E-05  -80.62      8.53230E+00                 0.0000   180.00   LINEAR
  204.00    0.00   6.217E-01   76.87  3.543E-05  -87.11      4.85675E+00                 0.0000   180.00   LINEAR
  206.00    0.00   4.382E-01   54.64  3.126E-05  -91.46      2.41252E+00                 0.0000   180.00   LINEAR
  208.00    0.00   2.841E-01   24.77  2.733E-05  -93.02      1.01401E+00                 0.0001    -0.00   LINEAR
  210.00    0.00   1.887E-01  -22.93  2.422E-05  -91.40      4.47548E-01                 0.0001     0.00   LINEAR
  212.00    0.00   1.988E-01  -81.12  2.244E-05  -87.14      4.96794E-01                 0.0000     0.01   LINEAR
  214.00    0.00   2.764E-01 -119.88  2.216E-05  -82.11      9.60362E-01                 0.0000     0.00   LINEAR
  216.00    0.00   3.637E-01 -145.37  2.312E-05  -78.45      1.66216E+00                 0.0001  -180.00   LINEAR
  218.00    0.00   4.421E-01 -165.39  2.480E-05  -77.15      2.45599E+00                 0.0001  -180.00   LINEAR
  220.00    0.00   5.067E-01  177.21  2.670E-05  -78.03      3.22640E+00                 0.0001   180.00   LINEAR
  222.00    0.00   5.562E-01  161.34  2.853E-05  -80.48      3.88762E+00                 0.0000   180.00   LINEAR
  224.00    0.00   5.905E-01  146.50  3.015E-05  -83.91      4.38174E+00                 0.0000   180.00   LINEAR
  226.00    0.00   6.100E-01  132.45  3.152E-05  -87.92      4.67649E+00                 0.0000   180.00   LINEAR
  228.00    0.00   6.156E-01  119.05  3.271E-05  -92.23      4.76282E+00                 0.0000   180.00   LINEAR
  230.00    0.00   6.084E-01  106.21  3.380E-05  -96.70      4.65177E+00                 0.0000   180.00   LINEAR
  232.00    0.00   5.897E-01   93.87  3.489E-05 -101.28      4.37056E+00                 0.0000   180.00   LINEAR
  234.00    0.00   5.612E-01   81.94  3.607E-05 -105.99      3.95786E+00                 0.0000   180.00   LINEAR
  236.00    0.00   5.246E-01   70.38  3.740E-05 -110.85      3.45850E+00                 0.0000   180.00   LINEAR
  238.00    0.00   4.819E-01   59.09  3.891E-05 -115.90      2.91815E+00                 0.0000   180.00   LINEAR
  240.00    0.00   4.351E-01   47.97  4.061E-05 -121.15      2.37858E+00                 0.0000   179.99   LINEAR
  242.00    0.00   3.862E-01   36.91  4.249E-05 -126.58      1.87402E+00                 0.0000    -0.01   LINEAR
  244.00    0.00   3.372E-01   25.75  4.448E-05 -132.13      1.42892E+00                 0.0000    -0.01   LINEAR
  246.00    0.00   2.901E-01   14.30  4.656E-05 -137.72      1.05723E+00                 0.0001    -0.01   LINEAR
  248.00    0.00   2.464E-01    2.33  4.863E-05 -143.28      7.63129E-01                 0.0001    -0.01   LINEAR
  250.00    0.00   2.078E-01  -10.37  5.063E-05 -148.74      5.42678E-01                 0.0002    -0.01   LINEAR
  252.00    0.00   1.753E-01  -23.93  5.247E-05 -154.01      3.86194E-01                 0.0002    -0.01   LINEAR
  254.00    0.00   1.495E-01  -38.23  5.408E-05 -159.04      2.80752E-01                 0.0003    -0.01   LINEAR
  256.00    0.00   1.300E-01  -52.77  5.536E-05 -163.79      2.12518E-01                 0.0004    -0.01   LINEAR
  258.00    0.00   1.158E-01  -66.69  5.626E-05 -168.23      1.68630E-01                 0.0005    -0.01   LINEAR
  260.00    0.00   1.050E-01  -79.08  5.670E-05 -172.36      1.38496E-01                 0.0005    -0.00   LINEAR
  262.00    0.00   9.545E-02  -89.35  5.665E-05 -176.18      1.14479E-01                 0.0006     0.00   LINEAR
  264.00    0.00   8.558E-02  -97.24  5.606E-05 -179.72      9.20286E-02                 0.0006     0.00   LINEAR
  266.00    0.00   7.430E-02 -102.72  5.493E-05  176.99      6.93744E-02                 0.0007     0.01   LINEAR
  268.00    0.00   6.111E-02 -105.68  5.328E-05  173.88      4.69349E-02                 0.0009     0.01   LINEAR
  270.00    0.00   4.598E-02 -105.59  5.114E-05  170.86      2.65700E-02                 0.0011     0.01   LINEAR
  272.00    0.00   2.934E-02  -99.94  4.859E-05  167.82      1.08142E-02                 0.0017    -0.00   LINEAR
  274.00    0.00   1.319E-02  -72.09  4.573E-05  164.60      2.18600E-03                 0.0029    -0.11   LINEAR
  276.00    0.00   1.451E-02   19.72  4.272E-05  161.04      2.64606E-03                 0.0018    -0.13   LINEAR
  278.00    0.00   3.246E-02   46.48  3.973E-05  156.91      1.32441E-02                 0.0011   179.98   LINEAR
  280.00    0.00   5.199E-02   56.42  3.703E-05  152.06      3.39695E-02                 0.0007   180.00   LINEAR
  282.00    0.00   7.125E-02   63.75  3.490E-05  146.45      6.37956E-02                 0.0005  -180.00   LINEAR
  284.00    0.00   8.960E-02   70.83  3.361E-05  140.31      1.00889E-01                 0.0004  -179.99   LINEAR
  286.00    0.00   1.067E-01   78.37  3.337E-05  134.26      1.42939E-01                 0.0003  -179.99   LINEAR
  288.00    0.00   1.222E-01   86.67  3.424E-05  129.13      1.87542E-01                 0.0002  -179.99   LINEAR
  290.00    0.00   1.360E-01   95.85  3.612E-05  125.68      2.32591E-01                 0.0001  -179.99   LINEAR
  292.00    0.00   1.484E-01  105.98  3.876E-05  124.33      2.76583E-01                 0.0001  -179.99   LINEAR
  294.00    0.00   1.593E-01  117.10  4.195E-05  125.16      3.18814E-01                 0.0000  -179.99   LINEAR
  296.00    0.00   1.691E-01  129.18  4.545E-05  128.02      3.59398E-01                 0.0000  -179.98   LINEAR
  298.00    0.00   1.782E-01  142.16  4.911E-05  132.67      3.99107E-01                 0.0000  -179.98   LINEAR
  300.00    0.00   1.869E-01  155.93  5.284E-05  138.88      4.39040E-01                 0.0001  -179.98   LINEAR
  302.00    0.00   1.955E-01  170.37  5.655E-05  146.40      4.80175E-01                 0.0001  -179.98   LINEAR
  304.00    0.00   2.040E-01 -174.70  6.019E-05  155.00      5.22847E-01                 0.0001  -179.99   LINEAR
  306.00    0.00   2.123E-01 -159.41  6.369E-05  164.46      5.66277E-01                 0.0002  -179.99   LINEAR
  308.00    0.00   2.200E-01 -143.91  6.697E-05  174.62      6.08210E-01                 0.0002  -179.99   LINEAR
  310.00    0.00   2.265E-01 -128.29  6.986E-05 -174.70      6.44778E-01                 0.0002     0.01   LINEAR
  312.00    0.00   2.310E-01 -112.61  7.218E-05 -163.61      6.70661E-01                 0.0002     0.01   LINEAR
  314.00    0.00   2.325E-01  -96.90  7.370E-05 -152.20      6.79583E-01                 0.0003     0.01   LINEAR
  316.00    0.00   2.301E-01  -81.13  7.417E-05 -140.51      6.65195E-01                 0.0003     0.01   LINEAR
  318.00    0.00   2.225E-01  -65.25  7.333E-05 -128.53      6.22308E-01                 0.0003     0.01   LINEAR
  320.00    0.00   2.089E-01  -49.17  7.097E-05 -116.22      5.48429E-01                 0.0003     0.01   LINEAR
  322.00    0.00   1.883E-01  -32.67  6.694E-05 -103.48      4.45480E-01                 0.0003     0.01   LINEAR
  324.00    0.00   1.600E-01  -15.31  6.119E-05  -90.11      3.21512E-01                 0.0004     0.01   LINEAR
  326.00    0.00   1.237E-01    4.07  5.380E-05  -75.76      1.92150E-01                 0.0004     0.00   LINEAR
  328.00    0.00   8.051E-02   29.70  4.503E-05  -59.74      8.14439E-02                 0.0006     0.00   LINEAR
  330.00    0.00   4.162E-02   85.74  3.543E-05  -40.57      2.17699E-02                 0.0007   179.97   LINEAR
  332.00    0.00   6.460E-02  172.93  2.609E-05  -14.82      5.24468E-02                 0.0001   179.98   LINEAR
  334.00    0.00   1.314E-01 -152.40  1.950E-05   24.05      2.16855E-01                 0.0000   179.99   LINEAR
  336.00    0.00   2.107E-01 -131.18  1.959E-05   72.92      5.58042E-01                 0.0000    -0.00   LINEAR
  338.00    0.00   2.976E-01 -113.55  2.577E-05  110.56      1.11307E+00                 0.0001    -0.00   LINEAR
  340.00    0.00   3.895E-01  -97.40  3.377E-05  135.85      1.90669E+00                 0.0001    -0.00   LINEAR
  342.00    0.00   4.841E-01  -82.04  4.109E-05  155.16      2.94519E+00                 0.0001    -0.00   LINEAR
  344.00    0.00   5.789E-01  -67.17  4.660E-05  171.66      4.21144E+00                 0.0001    -0.00   LINEAR
  346.00    0.00   6.713E-01  -52.66  4.967E-05 -173.28      5.66217E+00                 0.0001    -0.00   LINEAR
  348.00    0.00   7.584E-01  -38.46  4.995E-05 -159.03      7.22841E+00                 0.0001    -0.00   LINEAR
  350.00    0.00   8.377E-01  -24.52  4.735E-05 -145.24      8.81938E+00                 0.0000    -0.00   LINEAR
  352.00    0.00   9.067E-01  -10.82  4.196E-05 -131.72      1.03299E+01                 0.0000    -0.00   LINEAR
  354.00    0.00   9.629E-01    2.64  3.407E-05 -118.31      1.16505E+01                 0.0000    -0.00   LINEAR
  356.00    0.00   1.004E+00   15.85  2.413E-05 -104.76      1.26791E+01                 0.0000    -0.00   LINEAR
  358.00    0.00   1.030E+00   28.82  1.274E-05  -90.13      1.33326E+01                 0.0000    -0.00   LINEAR
  360.00    0.00   1.039E+00   41.53  1.024E-06  -23.32      1.35567E+01                 0.0000     0.00   LINEAR