  0.00    0.00   1.291E-01   53.07  8.826E-05   62.04      2.09389E-01                 0.0001  -179.96   LINEAR
    2.00    0.00   9.967E-02   66.22  7.589E-05   68.82      1.24831E-01                 0.0000  -179.96   LINEAR
    4.00    0.00   6.609E-02   79.95  6.154E-05   72.32      5.48822E-02                 0.0001  -179.95   LINEAR
    6.00    0.00   3.036E-02   96.15  4.743E-05   69.13      1.15861E-02                 0.0007  -179.92   LINEAR
    8.00    0.00   6.745E-03 -106.73  3.827E-05   54.26      5.71739E-04                 0.0018    -0.31   LINEAR
   10.00    0.00   4.043E-02  -69.16  4.040E-05   32.95      2.05425E-02                 0.0010    -0.01   LINEAR
   12.00    0.00   7.147E-02  -54.29  5.282E-05   21.47      6.41943E-02                 0.0007     0.01   LINEAR
   14.00    0.00   9.782E-02  -40.74  6.930E-05   20.41      1.20232E-01                 0.0006     0.02   LINEAR
   16.00    0.00   1.183E-01  -27.58  8.595E-05   24.79      1.75966E-01                 0.0006     0.03   LINEAR
   18.00    0.00   1.323E-01  -14.58  1.008E-04   31.84      2.19902E-01                 0.0006     0.03   LINEAR
   20.00    0.00   1.393E-01   -1.63  1.128E-04   40.25      2.43830E-01                 0.0005     0.03   LINEAR
   22.00    0.00   1.394E-01   11.32  1.212E-04   49.36      2.44052E-01                 0.0005     0.04   LINEAR
   24.00    0.00   1.328E-01   24.39  1.257E-04   58.80      2.21626E-01                 0.0005     0.04   LINEAR
   26.00    0.00   1.203E-01   37.72  1.263E-04   68.32      1.81718E-01                 0.0005     0.05   LINEAR
   28.00    0.00   1.026E-01   51.66  1.229E-04   77.74      1.32281E-01                 0.0005  -179.94   LINEAR
   30.00    0.00   8.099E-02   66.96  1.161E-04   86.90      8.24262E-02                 0.0005  -179.92   LINEAR
   32.00    0.00   5.697E-02   85.79  1.062E-04   95.62      4.07917E-02                 0.0003  -179.89   LINEAR
   34.00    0.00   3.364E-02  116.45  9.388E-05  103.65      1.42186E-02                 0.0006  -179.84   LINEAR
   36.00    0.00   2.343E-02 -175.77  7.979E-05  110.61      6.89655E-03                 0.0033  -179.94   LINEAR
   38.00    0.00   3.994E-02 -120.36  6.475E-05  115.82      2.00482E-02                 0.0013    -0.05   LINEAR
   40.00    0.00   6.439E-02  -95.59  4.974E-05  117.88      5.21090E-02                 0.0004    -0.04   LINEAR
   42.00    0.00   8.889E-02  -79.40  3.615E-05  113.76      9.92866E-02                 0.0001    -0.02   LINEAR
   44.00    0.00   1.115E-01  -66.32  2.669E-05   98.01      1.56341E-01                 0.0001    -0.01   LINEAR
   46.00    0.00   1.315E-01  -54.78  2.532E-05   72.33      2.17431E-01                 0.0002    -0.01   LINEAR
   48.00    0.00   1.484E-01  -44.17  3.157E-05   54.73      2.76886E-01                 0.0002    -0.00   LINEAR
   50.00    0.00   1.620E-01  -34.24  4.071E-05   48.75      3.29814E-01                 0.0002     0.00   LINEAR
   52.00    0.00   1.722E-01  -24.83  4.994E-05   48.90      3.72505E-01                 0.0003     0.00   LINEAR
   54.00    0.00   1.790E-01  -15.86  5.821E-05   51.91      4.02605E-01                 0.0003     0.01   LINEAR
   56.00    0.00   1.826E-01   -7.29  6.516E-05   56.30      4.19115E-01                 0.0003     0.01   LINEAR
   58.00    0.00   1.833E-01    0.94  7.066E-05   61.35      4.22231E-01                 0.0003     0.01   LINEAR
   60.00    0.00   1.813E-01    8.85  7.474E-05   66.70      4.13108E-01                 0.0003     0.01   LINEAR
   62.00    0.00   1.770E-01   16.48  7.751E-05   72.13      3.93573E-01                 0.0004     0.01   LINEAR
   64.00    0.00   1.706E-01   23.87  7.912E-05   77.50      3.65849E-01                 0.0004     0.02   LINEAR
   66.00    0.00   1.626E-01   31.06  7.971E-05   82.73      3.32306E-01                 0.0004     0.02   LINEAR
   68.00    0.00   1.533E-01   38.12  7.948E-05   87.75      2.95259E-01                 0.0004     0.02   LINEAR
   70.00    0.00   1.430E-01   45.12  7.859E-05   92.53      2.56834E-01                 0.0004  -179.98   LINEAR
   72.00    0.00   1.320E-01   52.16  7.721E-05   97.03      2.18871E-01                 0.0004  -179.98   LINEAR
   74.00    0.00   1.206E-01   59.38  7.548E-05  101.22      1.82894E-01                 0.0004  -179.97   LINEAR
   76.00    0.00   1.093E-01   66.95  7.354E-05  105.07      1.50097E-01                 0.0004  -179.97   LINEAR
   78.00    0.00   9.828E-02   75.12  7.151E-05  108.56      1.21374E-01                 0.0004  -179.97   LINEAR
   80.00    0.00   8.802E-02   84.17  6.948E-05  111.67      9.73569E-02                 0.0004  -179.96   LINEAR
   82.00    0.00   7.901E-02   94.44  6.754E-05  114.37      7.84557E-02                 0.0003  -179.95   LINEAR
   84.00    0.00   7.187E-02  106.13  6.574E-05  116.65      6.49098E-02                 0.0002  -179.95   LINEAR
   86.00    0.00   6.725E-02  119.17  6.413E-05  118.48      5.68263E-02                 0.0000  -179.95   LINEAR
   88.00    0.00   6.568E-02  132.87  6.275E-05  119.84      5.42140E-02                 0.0002  -179.95   LINEAR
   90.00    0.00   6.735E-02  146.09  6.162E-05  120.71      5.70057E-02                 0.0004  -179.95   LINEAR
   92.00    0.00   7.196E-02  157.71  6.074E-05  121.07      6.50718E-02                 0.0005  -179.96   LINEAR
   94.00    0.00   7.890E-02  167.19  6.012E-05  120.90      7.82211E-02                 0.0006  -179.97   LINEAR
   96.00    0.00   8.749E-02  174.48  5.973E-05  120.19      9.61938E-02                 0.0006  -179.98   LINEAR
   98.00    0.00   9.717E-02  179.86  5.958E-05  118.92      1.18644E-01                 0.0005  -179.98   LINEAR
  100.00    0.00   1.075E-01 -176.36  5.962E-05  117.08      1.45118E-01                 0.0005  -179.99   LINEAR
  102.00    0.00   1.180E-01 -173.86  5.983E-05  114.66      1.75025E-01                 0.0005  -179.99   LINEAR
  104.00    0.00   1.285E-01 -172.42  6.016E-05  111.64      2.07612E-01                 0.0005  -179.99   LINEAR
  106.00    0.00   1.388E-01 -171.86  6.057E-05  108.01      2.41939E-01                 0.0004  -180.00   LINEAR
  108.00    0.00   1.484E-01 -172.01  6.099E-05  103.77      2.76870E-01                 0.0004  -180.00   LINEAR
  110.00    0.00   1.573E-01 -172.77  6.138E-05   98.90      3.11070E-01                 0.0004  -180.00   LINEAR
  112.00    0.00   1.652E-01 -174.05  6.167E-05   93.38      3.43036E-01                 0.0004   180.00   LINEAR
  114.00    0.00   1.719E-01 -175.75  6.178E-05   87.19      3.71149E-01                 0.0004   180.00   LINEAR
  116.00    0.00   1.770E-01 -177.81  6.164E-05   80.31      3.93761E-01                 0.0003   180.00   LINEAR
  118.00    0.00   1.805E-01  179.86  6.118E-05   72.70      4.09317E-01                 0.0003   179.99   LINEAR
  120.00    0.00   1.821E-01  177.34  6.034E-05   64.31      4.16501E-01                 0.0003   179.99   LINEAR
  122.00    0.00   1.816E-01  174.72  5.906E-05   55.10      4.14412E-01                 0.0003   179.99   LINEAR
  124.00    0.00   1.790E-01  172.10  5.729E-05   44.97      4.02733E-01                 0.0003   179.99   LINEAR
  126.00    0.00   1.743E-01  169.62  5.503E-05   33.83      3.81889E-01                 0.0002   179.99   LINEAR
  128.00    0.00   1.676E-01  167.43  5.226E-05   21.53      3.53140E-01                 0.0002   179.99   LINEAR
  130.00    0.00   1.592E-01  165.75  4.905E-05    7.87      3.18613E-01                 0.0001   179.98   LINEAR
  132.00    0.00   1.496E-01  164.84  4.550E-05   -7.43      2.81204E-01                 0.0000   179.98   LINEAR
  134.00    0.00   1.395E-01  164.98  4.178E-05  -24.76      2.44371E-01                 0.0001   179.98   LINEAR
  136.00    0.00   1.298E-01  166.46  3.821E-05  -44.57      2.11780E-01                 0.0002   179.99   LINEAR
  138.00    0.00   1.219E-01  169.43  3.522E-05  -67.35      1.86864E-01                 0.0002   179.99   LINEAR
  140.00    0.00   1.171E-01  173.67  3.344E-05  -93.17      1.72309E-01                 0.0003   180.00   LINEAR
  142.00    0.00   1.162E-01  178.47  3.349E-05 -121.21      1.69569E-01                 0.0003  -179.99   LINEAR
  144.00    0.00   1.192E-01 -177.19  3.580E-05 -149.66      1.78490E-01                 0.0001  -179.98   LINEAR
  146.00    0.00   1.253E-01 -174.13  4.033E-05 -176.74      1.97138E-01                 0.0000  -179.98   LINEAR
  148.00    0.00   1.329E-01 -172.70  4.671E-05  158.30      2.21916E-01                 0.0002  -179.98   LINEAR
  150.00    0.00   1.405E-01 -172.79  5.451E-05  135.38      2.48006E-01                 0.0003  -179.99   LINEAR
  152.00    0.00   1.466E-01 -174.04  6.332E-05  114.09      2.70127E-01                 0.0004  -179.99   LINEAR
  154.00    0.00   1.502E-01 -176.03  7.279E-05   94.02      2.83503E-01                 0.0005  -180.00   LINEAR
  156.00    0.00   1.506E-01 -178.27  8.257E-05   74.86      2.84901E-01                 0.0005   179.99   LINEAR
  158.00    0.00   1.475E-01  179.73  9.229E-05   56.41      2.73528E-01                 0.0005   179.98   LINEAR
  160.00    0.00   1.415E-01  178.57  1.016E-04   38.50      2.51558E-01                 0.0005   179.97   LINEAR
  162.00    0.00   1.335E-01  178.91  1.099E-04   21.03      2.24122E-01                 0.0003   179.96   LINEAR
  164.00    0.00   1.257E-01 -178.60  1.168E-04    3.91      1.98642E-01                 0.0000   179.95   LINEAR
  166.00    0.00   1.209E-01 -173.75  1.218E-04  -12.94      1.83546E-01                 0.0003   179.95   LINEAR
  168.00    0.00   1.218E-01 -167.40  1.243E-04  -29.59      1.86542E-01                 0.0007   179.96   LINEAR
  170.00    0.00   1.301E-01 -161.51  1.240E-04  -46.13      2.12750E-01                 0.0009   179.98   LINEAR
  172.00    0.00   1.447E-01 -157.85  1.206E-04  -62.66      2.63089E-01                 0.0008   180.00   LINEAR
  174.00    0.00   1.629E-01 -156.95  1.137E-04  -79.34      3.33340E-01                 0.0007  -179.99   LINEAR
  176.00    0.00   1.815E-01 -158.45  1.034E-04  -96.42      4.14186E-01                 0.0005  -179.98   LINEAR
  178.00    0.00   1.980E-01 -161.66  8.989E-05 -114.35      4.92425E-01                 0.0003  -179.98   LINEAR
  180.00    0.00   2.098E-01 -165.97  7.381E-05 -134.06      5.53247E-01                 0.0002  -179.98   LINEAR
  182.00    0.00   2.154E-01 -170.79  5.632E-05 -157.71      5.83294E-01                 0.0001  -179.99   LINEAR
  184.00    0.00   2.137E-01 -175.58  4.019E-05  169.23      5.73974E-01                 0.0000  -179.99   LINEAR
  186.00    0.00   2.043E-01 -179.66  3.259E-05  119.02      5.24386E-01                 0.0001  -180.00   LINEAR
  188.00    0.00   1.878E-01  177.88  4.076E-05   68.81      4.43246E-01                 0.0002   180.00   LINEAR
  190.00    0.00   1.667E-01  178.55  5.827E-05   36.27      3.49319E-01                 0.0002   179.98   LINEAR
  192.00    0.00   1.466E-01 -175.51  7.794E-05   13.77      2.70115E-01                 0.0001   179.97   LINEAR
  194.00    0.00   1.379E-01 -163.02  9.678E-05   -4.22      2.38932E-01                 0.0003   179.96   LINEAR
  196.00    0.00   1.521E-01 -148.35  1.134E-04  -19.87      2.90627E-01                 0.0006   179.97   LINEAR
  198.00    0.00   1.906E-01 -138.82  1.268E-04  -34.08      4.56748E-01                 0.0006   179.99   LINEAR
  200.00    0.00   2.461E-01 -135.89  1.366E-04  -47.27      7.60793E-01                 0.0006  -180.00   LINEAR
  202.00    0.00   3.109E-01 -137.51  1.425E-04  -59.63      1.21434E+00                 0.0004  -179.99   LINEAR
  204.00    0.00   3.800E-01 -141.85  1.444E-04  -71.27      1.81469E+00                 0.0004  -179.99   LINEAR
  206.00    0.00   4.500E-01 -147.80  1.425E-04  -82.19      2.54427E+00                 0.0003  -179.99   LINEAR
  208.00    0.00   5.180E-01 -154.72  1.371E-04  -92.38      3.37205E+00                 0.0002  -179.99   LINEAR
  210.00    0.00   5.820E-01 -162.23  1.287E-04 -101.78      4.25647E+00                 0.0002  -179.99   LINEAR
  212.00    0.00   6.402E-01 -170.11  1.179E-04 -110.25      5.14966E+00                 0.0002  -179.99   LINEAR
  214.00    0.00   6.911E-01 -178.18  1.054E-04 -117.62      6.00212E+00                 0.0001  -180.00   LINEAR
  216.00    0.00   7.338E-01  173.65  9.187E-05 -123.61      6.76738E+00                 0.0001  -180.00   LINEAR
  218.00    0.00   7.677E-01  165.47  7.819E-05 -127.79      7.40597E+00                 0.0001  -180.00   LINEAR
  220.00    0.00   7.923E-01  157.33  6.518E-05 -129.52      7.88835E+00                 0.0001  -180.00   LINEAR
  222.00    0.00   8.076E-01  149.27  5.375E-05 -127.95      8.19655E+00                 0.0001  -180.00   LINEAR
  224.00    0.00   8.139E-01  141.35  4.496E-05 -122.32      8.32451E+00                 0.0001   180.00   LINEAR
  226.00    0.00   8.116E-01  133.58  3.974E-05 -112.94      8.27726E+00                 0.0000   180.00   LINEAR
  228.00    0.00   8.013E-01  125.98  3.833E-05 -102.21      8.06919E+00                 0.0000   180.00   LINEAR
  230.00    0.00   7.839E-01  118.59  3.988E-05  -93.23      7.72182E+00                 0.0000   180.00   LINEAR
  232.00    0.00   7.602E-01  111.41  4.298E-05  -87.29      7.26124E+00                 0.0000   180.00   LINEAR
  234.00    0.00   7.310E-01  104.46  4.647E-05  -83.95      6.71566E+00                 0.0000   180.00   LINEAR
  236.00    0.00   6.975E-01   97.75  4.970E-05  -82.34      6.11327E+00                 0.0000   180.00   LINEAR
  238.00    0.00   6.604E-01   91.29  5.235E-05  -81.71      5.48046E+00                 0.0000   180.00   LINEAR
  240.00    0.00   6.206E-01   85.09  5.436E-05  -81.54      4.84056E+00                 0.0000   180.00   LINEAR
  242.00    0.00   5.790E-01   79.14  5.576E-05  -81.49      4.21314E+00                 0.0000   179.99   LINEAR
  244.00    0.00   5.363E-01   73.44  5.664E-05  -81.36      3.61364E+00                 0.0000   179.99   LINEAR
  246.00    0.00   4.929E-01   67.99  5.715E-05  -81.02      3.05345E+00                 0.0001   179.99   LINEAR
  248.00    0.00   4.496E-01   62.76  5.740E-05  -80.44      2.54024E+00                 0.0001   179.99   LINEAR
  250.00    0.00   4.067E-01   57.75  5.749E-05  -79.59      2.07841E+00                 0.0001   179.99   LINEAR
  252.00    0.00   3.645E-01   52.90  5.751E-05  -78.50      1.66975E+00                 0.0001   179.99   LINEAR
  254.00    0.00   3.234E-01   48.16  5.751E-05  -77.21      1.31398E+00                 0.0001   179.99   LINEAR
  256.00    0.00   2.834E-01   43.44  5.749E-05  -75.75      1.00937E+00                 0.0002    -0.01   LINEAR
  258.00    0.00   2.448E-01   38.60  5.746E-05  -74.18      7.53259E-01                 0.0002    -0.01   LINEAR
  260.00    0.00   2.078E-01   33.39  5.738E-05  -72.51      5.42490E-01                 0.0003    -0.00   LINEAR
  262.00    0.00   1.725E-01   27.39  5.723E-05  -70.77      3.73791E-01                 0.0003    -0.00   LINEAR
  264.00    0.00   1.394E-01   19.83  5.694E-05  -68.97      2.44052E-01                 0.0004     0.00   LINEAR
  266.00    0.00   1.094E-01    9.26  5.647E-05  -67.09      1.50534E-01                 0.0005     0.01   LINEAR
  268.00    0.00   8.511E-02   -6.92  5.578E-05  -65.12      9.10215E-02                 0.0006     0.02   LINEAR
  270.00    0.00   7.132E-02  -31.23  5.483E-05  -63.07      6.39130E-02                 0.0004     0.04   LINEAR
  272.00    0.00   7.371E-02  -59.01  5.357E-05  -60.90      6.82678E-02                 0.0000     0.04   LINEAR
  274.00    0.00   9.089E-02  -79.97  5.199E-05  -58.62      1.03811E-01                 0.0002     0.03   LINEAR
  276.00    0.00   1.166E-01  -92.41  5.006E-05  -56.24      1.70903E-01                 0.0003     0.02   LINEAR
  278.00    0.00   1.467E-01  -99.33  4.776E-05  -53.75      2.70462E-01                 0.0002     0.01   LINEAR
  280.00    0.00   1.793E-01 -102.95  4.509E-05  -51.20      4.03859E-01                 0.0002     0.01   LINEAR
  282.00    0.00   2.135E-01 -104.50  4.206E-05  -48.65      5.72748E-01                 0.0002     0.01   LINEAR
  284.00    0.00   2.490E-01 -104.61  3.868E-05  -46.21      7.78859E-01                 0.0001     0.00   LINEAR
  286.00    0.00   2.854E-01 -103.64  3.499E-05  -44.07      1.02372E+00                 0.0001     0.00   LINEAR
  288.00    0.00   3.227E-01 -101.82  3.105E-05  -42.51      1.30833E+00                 0.0001     0.00   LINEAR
  290.00    0.00   3.605E-01  -99.26  2.698E-05  -42.05      1.63276E+00                 0.0001     0.00   LINEAR
  292.00    0.00   3.985E-01  -96.06  2.296E-05  -43.54      1.99568E+00                 0.0000     0.00   LINEAR
  294.00    0.00   4.365E-01  -92.29  1.933E-05  -48.29      2.39396E+00                 0.0000     0.00   LINEAR
  296.00    0.00   4.739E-01  -87.98  1.670E-05  -57.73      2.82212E+00                 0.0000     0.00   LINEAR
  298.00    0.00   5.103E-01  -83.18  1.585E-05  -71.25      3.27195E+00                 0.0000     0.00   LINEAR
  300.00    0.00   5.450E-01  -77.90  1.725E-05  -84.15      3.73222E+00                 0.0000     0.00   LINEAR
  302.00    0.00   5.773E-01  -72.17  2.053E-05  -91.92      4.18856E+00                 0.0000     0.00   LINEAR
  304.00    0.00   6.066E-01  -66.01  2.495E-05  -94.22      4.62364E+00                 0.0000     0.00   LINEAR
  306.00    0.00   6.319E-01  -59.44  2.993E-05  -92.55      5.01764E+00                 0.0000     0.00   LINEAR
  308.00    0.00   6.524E-01  -52.47  3.510E-05  -88.22      5.34920E+00                 0.0000     0.00   LINEAR
  310.00    0.00   6.674E-01  -45.11  4.019E-05  -82.11      5.59667E+00                 0.0000     0.00   LINEAR
  312.00    0.00   6.758E-01  -37.39  4.502E-05  -74.79      5.73986E+00                 0.0000     0.00   LINEAR
  314.00    0.00   6.771E-01  -29.31  4.941E-05  -66.62      5.76197E+00                 0.0000     0.00   LINEAR
  316.00    0.00   6.706E-01  -20.90  5.318E-05  -57.89      5.65165E+00                 0.0000     0.00   LINEAR
  318.00    0.00   6.558E-01  -12.16  5.616E-05  -48.81      5.40493E+00                 0.0001     0.00   LINEAR
  320.00    0.00   6.325E-01   -3.12  5.819E-05  -39.59      5.02675E+00                 0.0001     0.00   LINEAR
  322.00    0.00   6.005E-01    6.21  5.913E-05  -30.46      4.53172E+00                 0.0001     0.00   LINEAR
  324.00    0.00   5.602E-01   15.80  5.886E-05  -21.66      3.94395E+00                 0.0001     0.00   LINEAR
  326.00    0.00   5.121E-01   25.63  5.733E-05  -13.51      3.29574E+00                 0.0001     0.00   LINEAR
  328.00    0.00   4.571E-01   35.66  5.462E-05   -6.47      2.62513E+00                 0.0001     0.01   LINEAR
  330.00    0.00   3.962E-01   45.84  5.097E-05   -1.16      1.97248E+00                 0.0001  -179.99   LINEAR
  332.00    0.00   3.309E-01   56.10  4.698E-05    1.57      1.37635E+00                 0.0001  -180.00   LINEAR
  334.00    0.00   2.630E-01   66.28  4.369E-05    0.90      8.69372E-01                 0.0002  -180.00   LINEAR
  336.00    0.00   1.943E-01   76.08  4.259E-05   -3.06      4.74516E-01                 0.0002  -180.00   LINEAR
  338.00    0.00   1.269E-01   84.60  4.502E-05   -8.16      2.02505E-01                 0.0004   180.00   LINEAR
  340.00    0.00   6.357E-02   87.68  5.122E-05  -11.26      5.07796E-02                 0.0008   179.99   LINEAR
  342.00    0.00   1.849E-02   29.68  6.025E-05  -10.80      4.29418E-03                 0.0021     0.14   LINEAR
  344.00    0.00   5.506E-02  -32.18  7.070E-05   -7.06      3.80917E-02                 0.0005     0.07   LINEAR
  346.00    0.00   9.825E-02  -28.90  8.127E-05   -0.92      1.21297E-01                 0.0004     0.04   LINEAR
  348.00    0.00   1.329E-01  -19.61  9.085E-05    6.83      2.21891E-01                 0.0003     0.04   LINEAR
  350.00    0.00   1.574E-01   -8.65  9.850E-05   15.61      3.11454E-01                 0.0003     0.03   LINEAR
  352.00    0.00   1.714E-01    3.05  1.035E-04   24.99      3.69090E-01                 0.0002     0.03   LINEAR
  354.00    0.00   1.748E-01   15.17  1.052E-04   34.66      3.83847E-01                 0.0002     0.03   LINEAR
  356.00    0.00   1.681E-01   27.58  1.032E-04   44.31      3.55274E-01                 0.0002     0.03   LINEAR
  358.00    0.00   1.525E-01   40.22  9.755E-05   53.60      2.92098E-01                 0.0001     0.04   LINEAR
  360.00    0.00   1.291E-01   53.07  8.826E-05   62.04      2.09389E-01                 0.0001  -179.96   LINEAR