    0.00    0.00   4.229E+00   40.30  4.864E-05  -29.06      2.24735E+02                 0.0000     0.00   LINEAR
    2.00    0.00   3.671E+00   90.40  6.767E-04   31.53      1.69372E+02                 0.0002  -179.99   LINEAR
    4.00    0.00   2.260E+00  139.90  8.089E-04   84.73      6.42095E+01                 0.0003  -179.99   LINEAR
    6.00    0.00   6.354E-01 -172.98  3.568E-04  147.19      5.07396E+00                 0.0004  -179.98   LINEAR
    8.00    0.00   5.437E-01   62.79  3.865E-04  -13.67      3.71406E+00                 0.0007  -179.99   LINEAR
   10.00    0.00   9.217E-01  108.97  8.170E-04   49.03      1.06758E+01                 0.0008  -179.97   LINEAR
   12.00    0.00   5.988E-01  154.81  6.675E-04  107.74      4.50601E+00                 0.0008  -179.96   LINEAR
   14.00    0.00   4.356E-02   96.46  1.612E-04 -126.95      2.38466E-02                 0.0025   179.85   LINEAR
   16.00    0.00   4.666E-01   76.43  6.753E-04    7.06      2.73632E+00                 0.0014  -179.97   LINEAR
   18.00    0.00   5.197E-01  119.15  9.091E-04   66.48      3.39408E+00                 0.0014  -179.94   LINEAR
   20.00    0.00   2.355E-01  156.00  5.758E-04  129.55      6.96850E-01                 0.0011  -179.87   LINEAR
   22.00    0.00   1.591E-01   50.46  2.744E-04  -72.30      3.17919E-01                 0.0015   179.95   LINEAR
   24.00    0.00   3.776E-01   80.37  7.955E-04   17.01      1.79153E+00                 0.0019  -179.95   LINEAR
   26.00    0.00   3.397E-01  116.80  9.191E-04   75.31      1.45029E+00                 0.0018  -179.88   LINEAR
   28.00    0.00   1.211E-01  133.42  5.434E-04  140.45      1.84201E-01                 0.0005  -179.74   LINEAR
   30.00    0.00   1.722E-01   47.76  3.337E-04  -69.64      3.72628E-01                 0.0017   179.95   LINEAR
   32.00    0.00   3.029E-01   72.01  8.152E-04   14.02      1.15279E+00                 0.0023  -179.92   LINEAR
   34.00    0.00   2.655E-01   99.93  9.632E-04   70.33      8.85540E-01                 0.0018  -179.82   LINEAR
   36.00    0.00   1.225E-01  104.53  6.779E-04  129.69      1.88547E-01                 0.0024  -179.71   LINEAR
   38.00    0.00   1.405E-01   43.57  3.175E-04 -122.05      2.48149E-01                 0.0006    -0.13   LINEAR
   40.00    0.00   2.424E-01   52.61  6.466E-04  -12.69      7.38331E-01                 0.0024  -179.94   LINEAR
   42.00    0.00   2.478E-01   71.45  9.273E-04   45.02      7.71794E-01                 0.0017  -179.81   LINEAR
   44.00    0.00   1.753E-01   79.64  8.819E-04   97.59      3.86350E-01                 0.0016  -179.73   LINEAR
   46.00    0.00   1.261E-01   54.29  5.982E-04  159.24      1.99814E-01                 0.0046   179.93   LINEAR
   48.00    0.00   1.763E-01   34.67  4.270E-04 -105.70      3.90629E-01                 0.0015    -0.11   LINEAR
   50.00    0.00   2.227E-01   39.04  6.316E-04  -22.71      6.23325E-01                 0.0025     0.08   LINEAR
   52.00    0.00   2.247E-01   46.09  8.167E-04   31.45      6.34448E-01                 0.0009  -179.80   LINEAR
   54.00    0.00   1.986E-01   47.11  8.266E-04   78.67      4.95789E-01                 0.0022  -179.80   LINEAR
   56.00    0.00   1.778E-01   39.35  6.963E-04  127.37      3.97404E-01                 0.0039     0.01   LINEAR
   58.00    0.00   1.804E-01   29.01  5.396E-04 -175.96      4.09022E-01                 0.0013    -0.16   LINEAR
   60.00    0.00   1.948E-01   22.54  4.820E-04 -111.86      4.76795E-01                 0.0018    -0.10   LINEAR
   62.00    0.00   2.070E-01   18.83  5.212E-04  -55.65      5.38454E-01                 0.0024     0.04   LINEAR
   64.00    0.00   2.155E-01   15.47  5.542E-04  -11.26      5.83356E-01                 0.0012     0.13   LINEAR
   66.00    0.00   2.239E-01   11.98  5.319E-04   26.91      6.29912E-01                 0.0006     0.13   LINEAR
   68.00    0.00   2.335E-01    9.05  4.615E-04   63.58      6.85370E-01                 0.0016     0.07   LINEAR
   70.00    0.00   2.418E-01    7.12  3.766E-04  102.48      7.34457E-01                 0.0016    -0.01   LINEAR
   72.00    0.00   2.449E-01    5.88  3.181E-04  145.45      7.53967E-01                 0.0008    -0.06   LINEAR
   74.00    0.00   2.411E-01    4.57  3.080E-04 -172.31      7.30484E-01                 0.0001    -0.07   LINEAR
   76.00    0.00   2.305E-01    2.34  3.286E-04 -138.21      6.67443E-01                 0.0009    -0.06   LINEAR
   78.00    0.00   2.152E-01   -1.69  3.499E-04 -113.05      5.81787E-01                 0.0015    -0.03   LINEAR
   80.00    0.00   1.988E-01   -8.35  3.561E-04  -94.51      4.96520E-01                 0.0018     0.01   LINEAR
   82.00    0.00   1.859E-01  -18.17  3.439E-04  -80.63      4.34255E-01                 0.0016     0.05   LINEAR
   84.00    0.00   1.814E-01  -30.78  3.159E-04  -70.13      4.13568E-01                 0.0011     0.08   LINEAR
   86.00    0.00   1.887E-01  -44.53  2.769E-04  -61.90      4.47686E-01                 0.0004     0.08   LINEAR
   88.00    0.00   2.081E-01  -57.38  2.318E-04  -54.52      5.44313E-01                 0.0001     0.06   LINEAR
   90.00    0.00   2.369E-01  -68.28  1.865E-04  -45.49      7.05392E-01                 0.0003     0.04   LINEAR
   92.00    0.00   2.715E-01  -77.32  1.507E-04  -30.54      9.25961E-01                 0.0004     0.02   LINEAR
   94.00    0.00   3.079E-01  -85.09  1.439E-04   -7.97      1.19162E+00                 0.0005     0.01   LINEAR
   96.00    0.00   3.426E-01  -92.18  1.815E-04   10.36      1.47484E+00                 0.0005    -0.01   LINEAR
   98.00    0.00   3.712E-01  -99.05  2.548E-04   16.00      1.73156E+00                 0.0006    -0.02   LINEAR
  100.00    0.00   3.890E-01 -105.97  3.497E-04   12.25      1.90148E+00                 0.0008    -0.02   LINEAR
  102.00    0.00   3.906E-01 -113.00  4.557E-04    2.65      1.91720E+00                 0.0011    -0.03   LINEAR
  104.00    0.00   3.708E-01 -119.89  5.620E-04  -11.13      1.72759E+00                 0.0014    -0.03   LINEAR
  106.00    0.00   3.259E-01 -125.78  6.563E-04  -28.48      1.33486E+00                 0.0020    -0.01   LINEAR
  108.00    0.00   2.573E-01 -128.20  7.250E-04  -49.35      8.32024E-01                 0.0028     0.03   LINEAR
  110.00    0.00   1.805E-01 -119.49  7.572E-04  -74.13      4.09475E-01                 0.0030     0.17   LINEAR
  112.00    0.00   1.526E-01  -87.94  7.493E-04 -103.61      2.92738E-01                 0.0013     0.27   LINEAR
  114.00    0.00   2.192E-01  -65.15  7.114E-04 -138.84      6.03651E-01                 0.0031     0.05   LINEAR
  116.00    0.00   3.108E-01  -64.28  6.680E-04  179.48      1.21425E+00                 0.0019    -0.05   LINEAR
  118.00    0.00   3.723E-01  -71.54  6.443E-04  132.39      1.74163E+00                 0.0007    -0.09   LINEAR
  120.00    0.00   3.783E-01  -79.92  6.400E-04   82.50      1.79850E+00                 0.0005    -0.09   LINEAR
  122.00    0.00   3.317E-01  -83.52  6.284E-04   30.56      1.38295E+00                 0.0017    -0.04   LINEAR
  124.00    0.00   2.825E-01  -74.74  5.995E-04  -26.10      1.00317E+00                 0.0016     0.08   LINEAR
  126.00    0.00   3.095E-01  -60.09  5.978E-04  -89.65      1.20388E+00                 0.0010     0.10   LINEAR
  128.00    0.00   3.823E-01  -58.45  6.760E-04 -154.05      1.83690E+00                 0.0018    -0.01   LINEAR
  130.00    0.00   4.065E-01  -65.18  7.822E-04  147.89      2.07608E+00                 0.0010    -0.09   LINEAR
  132.00    0.00   3.528E-01  -67.71  7.995E-04   94.25      1.56399E+00                 0.0007    -0.12   LINEAR
  134.00    0.00   3.160E-01  -52.91  6.563E-04   38.39      1.25486E+00                 0.0021    -0.00   LINEAR
  136.00    0.00   4.140E-01  -42.08  4.169E-04  -36.59      2.15395E+00                 0.0001     0.06   LINEAR
  138.00    0.00   5.094E-01  -51.04  4.394E-04 -143.73      3.26114E+00                 0.0009    -0.00   LINEAR
  140.00    0.00   4.573E-01  -64.01  6.954E-04  143.07      2.62801E+00                 0.0007    -0.08   LINEAR
  142.00    0.00   3.045E-01  -54.16  7.907E-04   86.28      1.16536E+00                 0.0017    -0.11   LINEAR
  144.00    0.00   4.209E-01  -23.46  6.097E-04   28.55      2.22673E+00                 0.0011     0.05   LINEAR
  146.00    0.00   6.446E-01  -35.13  2.844E-04  -59.98      5.22088E+00                 0.0002     0.02   LINEAR
  148.00    0.00   6.204E-01  -57.85  4.246E-04  170.09      4.83639E+00                 0.0005    -0.03   LINEAR
  150.00    0.00   3.239E-01  -59.08  6.719E-04  103.20      1.31846E+00                 0.0006    -0.11   LINEAR
  152.00    0.00   4.799E-01   -5.78  6.288E-04   45.38      2.89427E+00                 0.0010     0.05   LINEAR
  154.00    0.00   8.645E-01  -25.34  3.190E-04  -23.92      9.39238E+00                 0.0000     0.02   LINEAR
  156.00    0.00   8.122E-01  -56.29  2.392E-04  179.99      8.28949E+00                 0.0002    -0.01   LINEAR
  158.00    0.00   2.958E-01  -54.92  5.071E-04  100.43      1.09963E+00                 0.0007    -0.09   LINEAR
  160.00    0.00   7.607E-01    6.97  5.276E-04   40.28      7.27198E+00                 0.0004     0.03   LINEAR
  162.00    0.00   1.296E+00  -25.88  2.958E-04  -26.40      2.11176E+01                 0.0000     0.01   LINEAR
  164.00    0.00   1.018E+00  -63.20  1.422E-04 -179.36      1.30141E+01                 0.0001    -0.00   LINEAR
  166.00    0.00   2.949E-01    6.44  3.410E-04   86.20      1.09313E+00                 0.0011     0.01   LINEAR
  168.00    0.00   1.627E+00    5.72  3.648E-04   22.65      3.32760E+01                 0.0001     0.01   LINEAR
  170.00    0.00   2.259E+00  -37.09  2.041E-04  -46.21      6.41327E+01                 0.0000     0.01   LINEAR
  172.00    0.00   1.187E+00  -77.96  9.361E-05  155.51      1.77205E+01                 0.0001    -0.00   LINEAR
  174.00    0.00   1.807E+00   35.86  2.399E-04   58.76      4.10386E+01                 0.0001     0.01   LINEAR
  176.00    0.00   5.761E+00   -8.16  2.735E-04   -5.58      4.17102E+02                 0.0000     0.00   LINEAR
  178.00    0.00   9.155E+00  -56.94  1.746E-04  -70.49      1.05321E+03                 0.0000     0.00   LINEAR
  180.00    0.00   1.049E+01 -106.85  4.746E-05  146.37      1.38263E+03                 0.0000    -0.00   LINEAR
  182.00    0.00   9.155E+00 -157.52  1.857E-04   27.89      1.05322E+03                 0.0000   180.00   LINEAR
  184.00    0.00   5.761E+00  150.81  2.652E-04  -30.30      4.17113E+02                 0.0000   180.00   LINEAR
  186.00    0.00   1.807E+00   94.61  2.119E-04  -83.40      4.10401E+01                 0.0000   179.99   LINEAR
  188.00    0.00   1.188E+00 -119.06  3.886E-05 -148.19      1.77214E+01                 0.0000     0.00   LINEAR
  190.00    0.00   2.259E+00 -177.55  1.808E-04    6.56      6.41370E+01                 0.0000   180.00   LINEAR
  192.00    0.00   1.627E+00  126.52  3.213E-04  -41.53      3.32786E+01                 0.0000   179.99   LINEAR
  194.00    0.00   2.949E-01   29.23  2.866E-04  -85.65      1.09297E+00                 0.0009    -0.02   LINEAR
  196.00    0.00   1.018E+00 -137.59  7.186E-05 -105.15      1.30154E+01                 0.0000  -180.00   LINEAR
  198.00    0.00   1.296E+00  163.53  2.528E-04  -11.62      2.11202E+01                 0.0000   179.99   LINEAR
  200.00    0.00   7.608E-01  101.27  4.719E-04  -50.16      7.27286E+00                 0.0003   179.97   LINEAR
  202.00    0.00   2.958E-01  -54.54  4.575E-04  -89.30      1.09965E+00                 0.0009     0.07   LINEAR
  204.00    0.00   8.123E-01 -148.50  1.992E-04 -112.69      8.29109E+00                 0.0001  -179.99   LINEAR
  206.00    0.00   8.646E-01  151.28  2.531E-04  -27.71      9.39434E+00                 0.0000   179.98   LINEAR
  208.00    0.00   4.799E-01   81.22  5.587E-04  -53.63      2.89448E+00                 0.0008   179.95   LINEAR
  210.00    0.00   3.239E-01  -60.08  6.136E-04  -87.70      1.31810E+00                 0.0009     0.10   LINEAR
  212.00    0.00   6.204E-01 -145.08  3.810E-04 -113.53      4.83741E+00                 0.0003  -179.97   LINEAR
  214.00    0.00   6.447E-01  153.28  1.927E-04  -57.52      5.22248E+00                 0.0002   179.99   LINEAR
  216.00    0.00   4.210E-01   82.55  5.298E-04  -49.23      2.22723E+00                 0.0009   179.95   LINEAR
  218.00    0.00   3.045E-01  -28.50  7.223E-04  -75.14      1.16511E+00                 0.0017     0.09   LINEAR
  220.00    0.00   4.573E-01 -116.53  6.431E-04  -99.63      2.62846E+00                 0.0004     0.08   LINEAR
  222.00    0.00   5.095E-01 -179.47  3.854E-04 -105.89      3.26232E+00                 0.0007  -179.99   LINEAR
  224.00    0.00   4.141E-01  115.92  3.463E-04  -65.67      2.15465E+00                 0.0000   179.95   LINEAR
  226.00    0.00   3.160E-01   33.97  5.945E-04  -61.89      1.25462E+00                 0.0019    -0.01   LINEAR
  228.00    0.00   3.527E-01  -49.46  7.381E-04  -76.83      1.56366E+00                 0.0010     0.11   LINEAR
  230.00    0.00   4.065E-01 -112.93  7.117E-04  -90.86      2.07651E+00                 0.0007     0.09   LINEAR
  232.00    0.00   3.824E-01 -169.50  5.919E-04  -95.93      1.83791E+00                 0.0015  -179.97   LINEAR
  234.00    0.00   3.096E-01  128.34  5.199E-04  -88.77      1.20464E+00                 0.0010   179.92   LINEAR
  236.00    0.00   2.825E-01   56.00  5.568E-04  -81.51      1.00321E+00                 0.0013   179.92   LINEAR
  238.00    0.00   3.317E-01   -7.59  6.131E-04  -82.20      1.38250E+00                 0.0018     0.03   LINEAR
  240.00    0.00   3.783E-01  -55.81  6.216E-04  -85.68      1.79815E+00                 0.0008     0.08   LINEAR
  242.00    0.00   3.723E-01  -96.20  5.930E-04  -86.76      1.74173E+00                 0.0003     0.09   LINEAR
  244.00    0.00   3.109E-01 -134.62  5.752E-04  -84.11      1.21474E+00                 0.0014     0.07   LINEAR
  246.00    0.00   2.193E-01 -177.99  5.981E-04  -81.34      6.04214E-01                 0.0027   179.98   LINEAR
  248.00    0.00   1.527E-01  119.94  6.438E-04  -82.34      2.93084E-01                 0.0016   179.78   LINEAR
  250.00    0.00   1.805E-01   52.35  6.763E-04  -87.31      4.09490E-01                 0.0024   179.84   LINEAR
  252.00    0.00   2.573E-01   10.87  6.736E-04  -94.77      8.31761E-01                 0.0025    -0.04   LINEAR
  254.00    0.00   3.259E-01  -16.13  6.321E-04 -103.45      1.33445E+00                 0.0019     0.01   LINEAR
  256.00    0.00   3.707E-01  -36.27  5.594E-04 -112.67      1.72717E+00                 0.0015     0.02   LINEAR
  258.00    0.00   3.906E-01  -52.02  4.680E-04 -122.30      1.91683E+00                 0.0011     0.02   LINEAR
  260.00    0.00   3.890E-01  -64.19  3.710E-04 -132.77      1.90119E+00                 0.0009     0.02   LINEAR
  262.00    0.00   3.712E-01  -73.00  2.804E-04 -145.45      1.73136E+00                 0.0007     0.01   LINEAR
  264.00    0.00   3.426E-01  -78.39  2.080E-04 -163.00      1.47469E+00                 0.0006     0.00   LINEAR
  266.00    0.00   3.079E-01  -80.06  1.674E-04  172.31      1.19150E+00                 0.0005    -0.01   LINEAR
  268.00    0.00   2.714E-01  -77.56  1.672E-04  146.16      9.25857E-01                 0.0004    -0.03   LINEAR
  270.00    0.00   2.369E-01  -70.27  1.965E-04  128.37      7.05299E-01                 0.0003    -0.05   LINEAR
  272.00    0.00   2.081E-01  -57.62  2.372E-04  119.47      5.44233E-01                 0.0001    -0.07   LINEAR
  274.00    0.00   1.887E-01  -39.50  2.784E-04  116.12      4.47626E-01                 0.0006    -0.08   LINEAR
  276.00    0.00   1.814E-01  -16.98  3.139E-04  115.90      4.13533E-01                 0.0013    -0.07   LINEAR
  278.00    0.00   1.859E-01    7.89  3.386E-04  117.31      4.34248E-01                 0.0017    -0.03   LINEAR
  280.00    0.00   1.988E-01   33.44  3.480E-04  119.22      4.96533E-01                 0.0017     0.01   LINEAR
  282.00    0.00   2.152E-01   59.30  3.391E-04  120.34      5.81800E-01                 0.0014  -179.96   LINEAR
  284.00    0.00   2.305E-01   85.96  3.133E-04  118.74      6.67428E-01                 0.0007  -179.93   LINEAR
  286.00    0.00   2.411E-01  114.22  2.832E-04  111.59      7.30416E-01                 0.0001  -179.93   LINEAR
  288.00    0.00   2.449E-01  144.94  2.768E-04   97.89      7.53844E-01                 0.0008  -179.96   LINEAR
  290.00    0.00   2.417E-01  178.94  3.185E-04   84.59      7.34318E-01                 0.0013   179.99   LINEAR
  292.00    0.00   2.335E-01 -143.07  3.938E-04   78.92      6.85293E-01                 0.0011   179.93   LINEAR
  294.00    0.00   2.239E-01 -100.84  4.648E-04   79.54      6.29976E-01                 0.0000    -0.12   LINEAR
  296.00    0.00   2.155E-01  -54.84  5.018E-04   82.26      5.83573E-01                 0.0016    -0.10   LINEAR
  298.00    0.00   2.071E-01   -5.82  5.008E-04   82.71      5.38726E-01                 0.0024     0.00   LINEAR
  300.00    0.00   1.948E-01   46.66  5.007E-04   77.68      4.76953E-01                 0.0013  -179.87   LINEAR
  302.00    0.00   1.804E-01  104.93  5.635E-04   71.25      4.08969E-01                 0.0017  -179.85   LINEAR
  304.00    0.00   1.778E-01  170.08  6.798E-04   72.15      3.97241E-01                 0.0038   179.97   LINEAR
  306.00    0.00   1.986E-01 -124.45  7.589E-04   80.82      4.95763E-01                 0.0016    -0.20   LINEAR
  308.00    0.00   2.247E-01  -64.93  7.142E-04   92.15      6.34694E-01                 0.0012    -0.17   LINEAR
  310.00    0.00   2.228E-01   -8.70  5.356E-04   96.36      6.23669E-01                 0.0023    -0.04   LINEAR
  312.00    0.00   1.763E-01   52.92  4.208E-04   72.73      3.90760E-01                 0.0008  -179.87   LINEAR
  314.00    0.00   1.261E-01  141.15  6.366E-04   56.55      1.99710E-01                 0.0050  -179.97   LINEAR
  316.00    0.00   1.753E-01 -122.35  8.696E-04   69.25      3.86352E-01                 0.0010    -0.28   LINEAR
  318.00    0.00   2.479E-01  -56.97  8.584E-04   90.09      7.72113E-01                 0.0019    -0.17   LINEAR
  320.00    0.00   2.424E-01    0.10  5.571E-04  104.80      7.38676E-01                 0.0022    -0.03   LINEAR
  322.00    0.00   1.405E-01   69.22  3.374E-04   62.79      2.48178E-01                 0.0003  -179.86   LINEAR
  324.00    0.00   1.225E-01 -149.45  7.182E-04   49.94      1.88504E-01                 0.0019   179.68   LINEAR
  326.00    0.00   2.655E-01  -71.65  9.362E-04   74.65      8.85871E-01                 0.0020    -0.17   LINEAR
  328.00    0.00   3.029E-01  -15.21  7.313E-04  102.33      1.15328E+00                 0.0021    -0.06   LINEAR
  330.00    0.00   1.722E-01   46.76  2.641E-04   91.88      3.72750E-01                 0.0011  -179.94   LINEAR
  332.00    0.00   1.211E-01 -139.58  5.897E-04   39.35      1.84177E-01                 0.0001   179.72   LINEAR
  334.00    0.00   3.398E-01  -66.58  9.080E-04   67.47      1.45068E+00                 0.0019    -0.11   LINEAR
  336.00    0.00   3.776E-01  -11.84  7.252E-04  100.53      1.79203E+00                 0.0018    -0.04   LINEAR
  338.00    0.00   1.591E-01   50.85  2.199E-04   88.75      3.17970E-01                 0.0008  -179.94   LINEAR
  340.00    0.00   2.355E-01 -109.70  6.169E-04   38.45      6.97001E-01                 0.0014    -0.13   LINEAR
  342.00    0.00   5.198E-01  -51.44  8.816E-04   73.01      3.39486E+00                 0.0014    -0.05   LINEAR
  344.00    0.00   4.667E-01    2.05  5.864E-04  109.80      2.73690E+00                 0.0012    -0.02   LINEAR
  346.00    0.00   4.355E-02  119.23  1.801E-04   40.66      2.38327E-02                 0.0041  -179.95   LINEAR
  348.00    0.00   5.989E-01  -84.39  7.106E-04   44.87      4.50664E+00                 0.0009    -0.04   LINEAR
  350.00    0.00   9.218E-01  -31.48  7.848E-04   86.71      1.06771E+01                 0.0008    -0.02   LINEAR
  352.00    0.00   5.437E-01   21.69  3.028E-04  121.72      3.71443E+00                 0.0005    -0.01   LINEAR
  354.00    0.00   6.355E-01 -114.23  4.267E-04   20.58      5.07432E+00                 0.0005    -0.03   LINEAR
  356.00    0.00   2.261E+00  -61.13  8.195E-04   62.77      6.42126E+01                 0.0003    -0.01   LINEAR
  358.00    0.00   3.671E+00  -10.18  6.134E-04  111.63      1.69376E+02                 0.0001    -0.01   LINEAR
  360.00    0.00   4.229E+00   40.30  4.864E-05  -29.06      2.24735E+02                 0.0000     0.00   LINEAR