0.00    0.00   2.158E-01   23.61  4.230E-05 -153.65      5.84971E-01                 0.0000    -0.01   LINEAR
    2.00    0.00   2.156E-01   23.43  4.211E-05 -161.75      5.84343E-01                 0.0000    -0.01   LINEAR
    4.00    0.00   2.153E-01   22.88  4.228E-05 -169.98      5.82656E-01                 0.0000    -0.01   LINEAR
    6.00    0.00   2.149E-01   21.97  4.281E-05 -178.26      5.80169E-01                 0.0001    -0.01   LINEAR
    8.00    0.00   2.143E-01   20.71  4.374E-05  173.54      5.77299E-01                 0.0001    -0.01   LINEAR
   10.00    0.00   2.138E-01   19.09  4.505E-05  165.49      5.74605E-01                 0.0001    -0.01   LINEAR
   12.00    0.00   2.135E-01   17.14  4.675E-05  157.70      5.72765E-01                 0.0001    -0.01   LINEAR
   14.00    0.00   2.135E-01   14.86  4.881E-05  150.23      5.72544E-01                 0.0002    -0.01   LINEAR
   16.00    0.00   2.139E-01   12.30  5.120E-05  143.12      5.74763E-01                 0.0002    -0.01   LINEAR
   18.00    0.00   2.149E-01    9.49  5.389E-05  136.39      5.80260E-01                 0.0002    -0.01   LINEAR
   20.00    0.00   2.167E-01    6.47  5.684E-05  130.04      5.89852E-01                 0.0002    -0.01   LINEAR
   22.00    0.00   2.193E-01    3.31  6.002E-05  124.07      6.04293E-01                 0.0002    -0.01   LINEAR
   24.00    0.00   2.229E-01    0.08  6.336E-05  118.46      6.24237E-01                 0.0003    -0.01   LINEAR
   26.00    0.00   2.275E-01   -3.18  6.684E-05  113.18      6.50195E-01                 0.0003    -0.01   LINEAR
   28.00    0.00   2.330E-01   -6.38  7.041E-05  108.21      6.82505E-01                 0.0003    -0.01   LINEAR
   30.00    0.00   2.396E-01   -9.48  7.402E-05  103.52      7.21296E-01                 0.0003    -0.01   LINEAR
   32.00    0.00   2.470E-01  -12.42  7.763E-05   99.09      7.66466E-01                 0.0003    -0.01   LINEAR
   34.00    0.00   2.551E-01  -15.19  8.119E-05   94.90      8.17661E-01                 0.0003    -0.01   LINEAR
   36.00    0.00   2.638E-01  -17.75  8.466E-05   90.90      8.74262E-01                 0.0003    -0.01   LINEAR
   38.00    0.00   2.728E-01  -20.09  8.799E-05   87.10      9.35387E-01                 0.0003    -0.01   LINEAR
   40.00    0.00   2.821E-01  -22.21  9.113E-05   83.46      9.99891E-01                 0.0003    -0.00   LINEAR
   42.00    0.00   2.913E-01  -24.11  9.406E-05   79.96      1.06638E+00                 0.0003    -0.00   LINEAR
   44.00    0.00   3.003E-01  -25.82  9.672E-05   76.60      1.13325E+00                 0.0003    -0.00   LINEAR
   46.00    0.00   3.088E-01  -27.34  9.907E-05   73.35      1.19868E+00                 0.0003    -0.00   LINEAR
   48.00    0.00   3.167E-01  -28.68  1.011E-04   70.20      1.26076E+00                 0.0003    -0.00   LINEAR
   50.00    0.00   3.238E-01  -29.87  1.027E-04   67.12      1.31743E+00                 0.0003    -0.00   LINEAR
   52.00    0.00   3.298E-01  -30.93  1.040E-04   64.12      1.36664E+00                 0.0003    -0.00   LINEAR
   54.00    0.00   3.345E-01  -31.88  1.048E-04   61.17      1.40637E+00                 0.0003    -0.00   LINEAR
   56.00    0.00   3.379E-01  -32.73  1.052E-04   58.26      1.43471E+00                 0.0003    -0.00   LINEAR
   58.00    0.00   3.397E-01  -33.51  1.052E-04   55.38      1.44994E+00                 0.0003     0.00   LINEAR
   60.00    0.00   3.398E-01  -34.23  1.046E-04   52.50      1.45064E+00                 0.0003     0.00   LINEAR
   62.00    0.00   3.380E-01  -34.93  1.037E-04   49.63      1.43569E+00                 0.0003     0.00   LINEAR
   64.00    0.00   3.343E-01  -35.62  1.023E-04   46.73      1.40445E+00                 0.0003     0.00   LINEAR
   66.00    0.00   3.286E-01  -36.33  1.005E-04   43.79      1.35674E+00                 0.0003     0.00   LINEAR
   68.00    0.00   3.208E-01  -37.09  9.829E-05   40.79      1.29293E+00                 0.0003     0.00   LINEAR
   70.00    0.00   3.108E-01  -37.94  9.573E-05   37.72      1.21401E+00                 0.0003     0.00   LINEAR
   72.00    0.00   2.988E-01  -38.93  9.285E-05   34.55      1.12158E+00                 0.0003     0.01   LINEAR
   74.00    0.00   2.846E-01  -40.12  8.971E-05   31.27      1.01785E+00                 0.0003     0.01   LINEAR
   76.00    0.00   2.685E-01  -41.58  8.635E-05   27.84      9.05667E-01                 0.0003     0.01   LINEAR
   78.00    0.00   2.505E-01  -43.44  8.283E-05   24.25      7.88419E-01                 0.0003     0.01   LINEAR
   80.00    0.00   2.309E-01  -45.84  7.922E-05   20.48      6.70004E-01                 0.0003     0.01   LINEAR
   82.00    0.00   2.101E-01  -49.00  7.559E-05   16.50      5.54715E-01                 0.0003     0.01   LINEAR
   84.00    0.00   1.886E-01  -53.27  7.200E-05   12.30      4.47121E-01                 0.0003     0.01   LINEAR
   86.00    0.00   1.673E-01  -59.11  6.852E-05    7.88      3.51917E-01                 0.0004     0.01   LINEAR
   88.00    0.00   1.476E-01  -67.16  6.520E-05    3.23      2.73765E-01                 0.0004     0.01   LINEAR
   90.00    0.00   1.314E-01  -78.12  6.210E-05   -1.63      2.17106E-01                 0.0005     0.01   LINEAR
   92.00    0.00   1.217E-01  -92.14  5.925E-05   -6.67      1.85979E-01                 0.0005     0.00   LINEAR
   94.00    0.00   1.209E-01 -107.98  5.669E-05  -11.84      1.83829E-01                 0.0005    -0.00   LINEAR
   96.00    0.00   1.303E-01 -123.03  5.443E-05  -17.09      2.13334E-01                 0.0004    -0.01   LINEAR
   98.00    0.00   1.483E-01 -135.29  5.245E-05  -22.33      2.76245E-01                 0.0003   179.99   LINEAR
  100.00    0.00   1.723E-01 -144.35  5.074E-05  -27.50      3.73263E-01                 0.0003   179.99   LINEAR
  102.00    0.00   2.003E-01 -150.75  4.924E-05  -32.51      5.03945E-01                 0.0002   179.99   LINEAR
  104.00    0.00   2.303E-01 -155.20  4.792E-05  -37.29      6.66666E-01                 0.0002   179.99   LINEAR
  106.00    0.00   2.614E-01 -158.24  4.672E-05  -41.81      8.58633E-01                 0.0002   180.00   LINEAR
  108.00    0.00   2.926E-01 -160.24  4.558E-05  -46.01      1.07595E+00                 0.0001   180.00   LINEAR
  110.00    0.00   3.233E-01 -161.48  4.444E-05  -49.88      1.31376E+00                 0.0001   180.00   LINEAR
  112.00    0.00   3.531E-01 -162.12  4.326E-05  -53.41      1.56642E+00                 0.0001   180.00   LINEAR
  114.00    0.00   3.814E-01 -162.28  4.200E-05  -56.61      1.82776E+00                 0.0001   180.00   LINEAR
  116.00    0.00   4.080E-01 -162.04  4.063E-05  -59.49      2.09135E+00                 0.0001   180.00   LINEAR
  118.00    0.00   4.325E-01 -161.45  3.912E-05  -62.06      2.35083E+00                 0.0001   180.00   LINEAR
  120.00    0.00   4.549E-01 -160.54  3.747E-05  -64.35      2.60025E+00                 0.0001   180.00   LINEAR
  122.00    0.00   4.749E-01 -159.34  3.567E-05  -66.39      2.83439E+00                 0.0001   180.00   LINEAR
  124.00    0.00   4.926E-01 -157.86  3.371E-05  -68.19      3.04907E+00                 0.0001  -180.00   LINEAR
  126.00    0.00   5.079E-01 -156.09  3.162E-05  -69.78      3.24144E+00                 0.0001  -180.00   LINEAR
  128.00    0.00   5.209E-01 -154.05  2.941E-05  -71.18      3.41017E+00                 0.0001  -180.00   LINEAR
  130.00    0.00   5.319E-01 -151.74  2.709E-05  -72.44      3.55561E+00                 0.0001  -180.00   LINEAR
  132.00    0.00   5.411E-01 -149.14  2.469E-05  -73.56      3.67979E+00                 0.0000  -180.00   LINEAR
  134.00    0.00   5.489E-01 -146.27  2.223E-05  -74.59      3.78644E+00                 0.0000  -180.00   LINEAR
  136.00    0.00   5.557E-01 -143.12  1.973E-05  -75.56      3.88074E+00                 0.0000  -180.00   LINEAR
  138.00    0.00   5.620E-01 -139.71  1.722E-05  -76.52      3.96914E+00                 0.0000  -180.00   LINEAR
  140.00    0.00   5.683E-01 -136.06  1.473E-05  -77.56      4.05898E+00                 0.0000  -180.00   LINEAR
  142.00    0.00   5.752E-01 -132.21  1.228E-05  -78.78      4.15805E+00                 0.0000     0.00   LINEAR
  144.00    0.00   5.832E-01 -128.19  9.904E-06  -80.41      4.27414E+00                 0.0000     0.00   LINEAR
  146.00    0.00   5.927E-01 -124.07  7.620E-06  -82.84      4.41454E+00                 0.0000     0.00   LINEAR
  148.00    0.00   6.041E-01 -119.91  5.465E-06  -87.08      4.58549E+00                 0.0000     0.00   LINEAR
  150.00    0.00   6.175E-01 -115.77  3.498E-06  -96.03      4.79175E+00                 0.0000     0.00   LINEAR
  152.00    0.00   6.331E-01 -111.74  1.916E-06 -121.14      5.03618E+00                 0.0000     0.00   LINEAR
  154.00    0.00   6.506E-01 -107.87  1.595E-06  178.46      5.31942E+00                 0.0000     0.00   LINEAR
  156.00    0.00   6.699E-01 -104.22  2.678E-06  144.41      5.63969E+00                 0.0000    -0.00   LINEAR
  158.00    0.00   6.906E-01 -100.82  3.988E-06  133.41      5.99273E+00                 0.0000    -0.00   LINEAR
  160.00    0.00   7.121E-01  -97.71  5.215E-06  129.01      6.37186E+00                 0.0000    -0.00   LINEAR
  162.00    0.00   7.339E-01  -94.91  6.297E-06  127.11      6.76823E+00                 0.0000    -0.00   LINEAR
  164.00    0.00   7.554E-01  -92.42  7.216E-06  126.48      7.17118E+00                 0.0000    -0.00   LINEAR
  166.00    0.00   7.761E-01  -90.24  7.968E-06  126.59      7.56867E+00                 0.0000    -0.00   LINEAR
  168.00    0.00   7.953E-01  -88.38  8.555E-06  127.24      7.94791E+00                 0.0000    -0.00   LINEAR
  170.00    0.00   8.125E-01  -86.82  8.982E-06  128.31      8.29601E+00                 0.0000    -0.00   LINEAR
  172.00    0.00   8.273E-01  -85.56  9.259E-06  129.76      8.60056E+00                 0.0000    -0.00   LINEAR
  174.00    0.00   8.392E-01  -84.59  9.397E-06  131.56      8.85038E+00                 0.0000    -0.00   LINEAR
  176.00    0.00   8.480E-01  -83.90  9.409E-06  133.75      9.03606E+00                 0.0000    -0.00   LINEAR
  178.00    0.00   8.533E-01  -83.49  9.312E-06  136.33      9.15047E+00                 0.0000    -0.00   LINEAR
  180.00    0.00   8.551E-01  -83.35  9.125E-06  139.37      9.18920E+00                 0.0000    -0.00   LINEAR
  182.00    0.00   8.533E-01  -83.49  8.868E-06  142.90      9.15073E+00                 0.0000    -0.00   LINEAR
  184.00    0.00   8.480E-01  -83.90  8.566E-06  147.00      9.03655E+00                 0.0000    -0.00   LINEAR
  186.00    0.00   8.393E-01  -84.59  8.243E-06  151.71      8.85110E+00                 0.0000    -0.00   LINEAR
  188.00    0.00   8.273E-01  -85.56  7.928E-06  157.09      8.60148E+00                 0.0000    -0.00   LINEAR
  190.00    0.00   8.126E-01  -86.82  7.647E-06  163.11      8.29710E+00                 0.0000    -0.00   LINEAR
  192.00    0.00   7.953E-01  -88.38  7.429E-06  169.72      7.94915E+00                 0.0000    -0.00   LINEAR
  194.00    0.00   7.761E-01  -90.25  7.294E-06  176.74      7.57001E+00                 0.0000    -0.00   LINEAR
  196.00    0.00   7.555E-01  -92.42  7.258E-06 -176.06      7.17258E+00                 0.0000     0.00   LINEAR
  198.00    0.00   7.340E-01  -94.91  7.326E-06 -168.98      6.76967E+00                 0.0000     0.00   LINEAR
  200.00    0.00   7.122E-01  -97.71  7.490E-06 -162.30      6.37328E+00                 0.0000     0.00   LINEAR
  202.00    0.00   6.906E-01 -100.82  7.736E-06 -156.24      5.99410E+00                 0.0000     0.00   LINEAR
  204.00    0.00   6.700E-01 -104.22  8.043E-06 -150.92      5.64099E+00                 0.0000     0.00   LINEAR
  206.00    0.00   6.507E-01 -107.87  8.389E-06 -146.38      5.32062E+00                 0.0000     0.00   LINEAR
  208.00    0.00   6.331E-01 -111.74  8.749E-06 -142.62      5.03727E+00                 0.0000     0.00   LINEAR
  210.00    0.00   6.176E-01 -115.78  9.105E-06 -139.58      4.79271E+00                 0.0000     0.00   LINEAR
  212.00    0.00   6.041E-01 -119.91  9.439E-06 -137.21      4.58632E+00                 0.0000     0.00   LINEAR
  214.00    0.00   5.928E-01 -124.07  9.737E-06 -135.43      4.41524E+00                 0.0000     0.00   LINEAR
  216.00    0.00   5.832E-01 -128.19  9.987E-06 -134.19      4.27472E+00                 0.0000     0.00   LINEAR
  218.00    0.00   5.753E-01 -132.21  1.018E-05 -133.44      4.15852E+00                 0.0000     0.00   LINEAR
  220.00    0.00   5.684E-01 -136.07  1.032E-05 -133.14      4.05936E+00                 0.0000  -180.00   LINEAR
  222.00    0.00   5.620E-01 -139.72  1.038E-05 -133.24      3.96945E+00                 0.0000  -180.00   LINEAR
  224.00    0.00   5.557E-01 -143.13  1.039E-05 -133.71      3.88101E+00                 0.0000  -180.00   LINEAR
  226.00    0.00   5.489E-01 -146.28  1.033E-05 -134.53      3.78669E+00                 0.0000  -180.00   LINEAR
  228.00    0.00   5.412E-01 -149.16  1.020E-05 -135.67      3.68005E+00                 0.0000  -180.00   LINEAR
  230.00    0.00   5.319E-01 -151.75  1.002E-05 -137.10      3.55589E+00                 0.0000  -180.00   LINEAR
  232.00    0.00   5.210E-01 -154.07  9.781E-06 -138.78      3.41050E+00                 0.0000  -180.00   LINEAR
  234.00    0.00   5.079E-01 -156.11  9.486E-06 -140.66      3.24183E+00                 0.0000  -180.00   LINEAR
  236.00    0.00   4.926E-01 -157.88  9.139E-06 -142.71      3.04954E+00                 0.0000  -180.00   LINEAR
  238.00    0.00   4.750E-01 -159.37  8.739E-06 -144.85      2.83494E+00                 0.0000  -180.00   LINEAR
  240.00    0.00   4.549E-01 -160.57  8.284E-06 -147.01      2.60088E+00                 0.0000  -180.00   LINEAR
  242.00    0.00   4.326E-01 -161.48  7.768E-06 -149.08      2.35154E+00                 0.0000  -180.00   LINEAR
  244.00    0.00   4.080E-01 -162.08  7.185E-06 -150.94      2.09213E+00                 0.0000  -180.00   LINEAR
  246.00    0.00   3.815E-01 -162.32  6.524E-06 -152.40      1.82859E+00                 0.0000  -180.00   LINEAR
  248.00    0.00   3.532E-01 -162.16  5.777E-06 -153.19      1.56728E+00                 0.0000  -180.00   LINEAR
  250.00    0.00   3.234E-01 -161.52  4.934E-06 -152.82      1.31463E+00                 0.0000  -180.00   LINEAR
  252.00    0.00   2.927E-01 -160.29  3.998E-06 -150.25      1.07680E+00                 0.0000  -180.00   LINEAR
  254.00    0.00   2.615E-01 -158.29  2.998E-06 -142.90      8.59444E-01                 0.0000  -180.00   LINEAR
  256.00    0.00   2.305E-01 -155.26  2.081E-06 -123.25      6.67408E-01                 0.0000  -180.00   LINEAR
  258.00    0.00   2.004E-01 -150.82  1.812E-06  -80.98      5.04593E-01                 0.0000  -180.00   LINEAR
  260.00    0.00   1.725E-01 -144.43  2.726E-06  -46.19      3.73794E-01                 0.0000   180.00   LINEAR
  262.00    0.00   1.484E-01 -135.39  4.318E-06  -31.87      2.76640E-01                 0.0000   180.00   LINEAR
  264.00    0.00   1.304E-01 -123.15  6.250E-06  -25.92      2.13577E-01                 0.0000    -0.00   LINEAR
  266.00    0.00   1.210E-01 -108.11  8.427E-06  -23.27      1.83911E-01                 0.0001     0.00   LINEAR
  268.00    0.00   1.216E-01  -92.28  1.081E-05  -22.12      1.85894E-01                 0.0001     0.00   LINEAR
  270.00    0.00   1.314E-01  -78.24  1.339E-05  -21.75      2.16855E-01                 0.0001     0.00   LINEAR
  272.00    0.00   1.475E-01  -67.27  1.613E-05  -21.81      2.73352E-01                 0.0001     0.00   LINEAR
  274.00    0.00   1.672E-01  -59.21  1.903E-05  -22.14      3.51355E-01                 0.0001     0.01   LINEAR
  276.00    0.00   1.885E-01  -53.36  2.204E-05  -22.64      4.46424E-01                 0.0001     0.01   LINEAR
  278.00    0.00   2.099E-01  -49.08  2.516E-05  -23.25      5.53903E-01                 0.0001     0.01   LINEAR
  280.00    0.00   2.307E-01  -45.91  2.836E-05  -23.94      6.69098E-01                 0.0000     0.01   LINEAR
  282.00    0.00   2.503E-01  -43.51  3.160E-05  -24.70      7.87443E-01                 0.0000     0.01   LINEAR
  284.00    0.00   2.683E-01  -41.65  3.486E-05  -25.52      9.04645E-01                 0.0000     0.01   LINEAR
  286.00    0.00   2.845E-01  -40.18  3.810E-05  -26.39      1.01681E+00                 0.0000     0.01   LINEAR
  288.00    0.00   2.986E-01  -38.99  4.129E-05  -27.31      1.12054E+00                 0.0000     0.01   LINEAR
  290.00    0.00   3.107E-01  -38.00  4.441E-05  -28.29      1.21300E+00                 0.0000     0.01   LINEAR
  292.00    0.00   3.206E-01  -37.14  4.743E-05  -29.32      1.29196E+00                 0.0000     0.01   LINEAR
  294.00    0.00   3.285E-01  -36.38  5.031E-05  -30.42      1.35582E+00                 0.0000     0.01   LINEAR
  296.00    0.00   3.342E-01  -35.67  5.303E-05  -31.59      1.40360E+00                 0.0000     0.01   LINEAR
  298.00    0.00   3.379E-01  -34.98  5.557E-05  -32.84      1.43493E+00                 0.0000     0.01   LINEAR
  300.00    0.00   3.397E-01  -34.28  5.790E-05  -34.16      1.44996E+00                 0.0000     0.01   LINEAR
  302.00    0.00   3.396E-01  -33.55  6.001E-05  -35.58      1.44936E+00                 0.0000     0.01   LINEAR
  304.00    0.00   3.378E-01  -32.77  6.188E-05  -37.09      1.43421E+00                 0.0000     0.01   LINEAR
  306.00    0.00   3.345E-01  -31.91  6.349E-05  -38.71      1.40596E+00                 0.0000     0.01   LINEAR
  308.00    0.00   3.297E-01  -30.96  6.485E-05  -40.44      1.36632E+00                 0.0000     0.01   LINEAR
  310.00    0.00   3.238E-01  -29.90  6.594E-05  -42.28      1.31720E+00                 0.0000     0.01   LINEAR
  312.00    0.00   3.167E-01  -28.70  6.676E-05  -44.25      1.26062E+00                 0.0001     0.01   LINEAR
  314.00    0.00   3.088E-01  -27.35  6.731E-05  -46.35      1.19863E+00                 0.0001     0.01   LINEAR
  316.00    0.00   3.003E-01  -25.83  6.760E-05  -48.59      1.13327E+00                 0.0001     0.01   LINEAR
  318.00    0.00   2.913E-01  -24.12  6.763E-05  -50.98      1.06648E+00                 0.0001     0.01   LINEAR
  320.00    0.00   2.821E-01  -22.21  6.741E-05  -53.53      1.00006E+00                 0.0001     0.01   LINEAR
  322.00    0.00   2.729E-01  -20.08  6.697E-05  -56.24      9.35633E-01                 0.0001     0.01   LINEAR
  324.00    0.00   2.638E-01  -17.74  6.630E-05  -59.13      8.74578E-01                 0.0002     0.01   LINEAR
  326.00    0.00   2.551E-01  -15.18  6.543E-05  -62.20      8.18043E-01                 0.0002     0.01   LINEAR
  328.00    0.00   2.470E-01  -12.41  6.438E-05  -65.45      7.66912E-01                 0.0002     0.01   LINEAR
  330.00    0.00   2.397E-01   -9.46  6.317E-05  -68.92      7.21800E-01                 0.0002     0.01   LINEAR
  332.00    0.00   2.331E-01   -6.36  6.182E-05  -72.59      6.83060E-01                 0.0002     0.01   LINEAR
  334.00    0.00   2.276E-01   -3.15  6.035E-05  -76.49      6.50793E-01                 0.0003     0.00   LINEAR
  336.00    0.00   2.230E-01    0.10  5.879E-05  -80.62      6.24868E-01                 0.0003     0.00   LINEAR
  338.00    0.00   2.194E-01    3.34  5.715E-05  -85.00      6.04946E-01                 0.0003     0.00   LINEAR
  340.00    0.00   2.168E-01    6.49  5.546E-05  -89.65      5.90513E-01                 0.0003    -0.00   LINEAR
  342.00    0.00   2.150E-01    9.51  5.376E-05  -94.58      5.80916E-01                 0.0002    -0.00   LINEAR
  344.00    0.00   2.140E-01   12.32  5.205E-05  -99.80      5.75399E-01                 0.0002    -0.01   LINEAR
  346.00    0.00   2.136E-01   14.88  5.038E-05 -105.33      5.73144E-01                 0.0002    -0.01   LINEAR
  348.00    0.00   2.136E-01   17.15  4.877E-05 -111.20      5.73313E-01                 0.0002    -0.01   LINEAR
  350.00    0.00   2.139E-01   19.10  4.725E-05 -117.41      5.75088E-01                 0.0002    -0.01   LINEAR
  352.00    0.00   2.144E-01   20.72  4.586E-05 -123.97      5.77702E-01                 0.0001    -0.01   LINEAR
  354.00    0.00   2.149E-01   21.98  4.463E-05 -130.90      5.80482E-01                 0.0001    -0.01   LINEAR
  356.00    0.00   2.154E-01   22.89  4.360E-05 -138.17      5.82870E-01                 0.0001    -0.01   LINEAR
  358.00    0.00   2.157E-01   23.43  4.281E-05 -145.77      5.84452E-01                 0.0000    -0.01   LINEAR
  360.00    0.00   2.158E-01   23.61  4.230E-05 -153.65      5.84971E-01                 0.0000    -0.01   LINEAR