 0.00    0.00   1.442E+00  164.43  0.000E+00    0.00      2.61270E+01                 0.0000   180.00   LINEAR
    2.00    0.00   1.432E+00  177.07  0.000E+00    0.00      2.57838E+01                 0.0000   180.00   LINEAR
    4.00    0.00   1.404E+00 -170.19  0.000E+00    0.00      2.47783E+01                 0.0000   180.00   LINEAR
    6.00    0.00   1.358E+00 -157.34  0.000E+00    0.00      2.31808E+01                 0.0000   180.00   LINEAR
    8.00    0.00   1.296E+00 -144.40  0.000E+00    0.00      2.10996E+01                 0.0000   180.00   LINEAR
   10.00    0.00   1.219E+00 -131.35  0.000E+00    0.00      1.86708E+01                 0.0000     0.00   LINEAR
   12.00    0.00   1.130E+00 -118.17  0.000E+00    0.00      1.60437E+01                 0.0000     0.00   LINEAR
   14.00    0.00   1.031E+00 -104.85  0.000E+00    0.00      1.33679E+01                 0.0000     0.00   LINEAR
   16.00    0.00   9.262E-01  -91.33  0.000E+00    0.00      1.07796E+01                 0.0000     0.00   LINEAR
   18.00    0.00   8.172E-01  -77.53  0.000E+00    0.00      8.39216E+00                 0.0000     0.00   LINEAR
   20.00    0.00   7.074E-01  -63.32  0.000E+00    0.00      6.28880E+00                 0.0000     0.00   LINEAR
   22.00    0.00   5.998E-01  -48.52  0.000E+00    0.00      4.52034E+00                 0.0000     0.00   LINEAR
   24.00    0.00   4.971E-01  -32.80  0.000E+00    0.00      3.10580E+00                 0.0000     0.00   LINEAR
   26.00    0.00   4.026E-01  -15.65  0.000E+00    0.00      2.03636E+00                 0.0000     0.00   LINEAR
   28.00    0.00   3.193E-01    3.78  0.000E+00    0.00      1.28132E+00                 0.0000     0.00   LINEAR
   30.00    0.00   2.515E-01   26.63  0.000E+00    0.00      7.95072E-01                 0.0000     0.00   LINEAR
   32.00    0.00   2.042E-01   53.91  0.000E+00    0.00      5.24122E-01                 0.0000   180.00   LINEAR
   34.00    0.00   1.814E-01   84.47  0.000E+00    0.00      4.13399E-01                 0.0000   180.00   LINEAR
   36.00    0.00   1.809E-01  114.09  0.000E+00    0.00      4.11261E-01                 0.0000   180.00   LINEAR
   38.00    0.00   1.940E-01  139.25  0.000E+00    0.00      4.72982E-01                 0.0000   180.00   LINEAR
   40.00    0.00   2.116E-01  159.70  0.000E+00    0.00      5.62693E-01                 0.0000   180.00   LINEAR
   42.00    0.00   2.281E-01  176.61  0.000E+00    0.00      6.53969E-01                 0.0000   180.00   LINEAR
   44.00    0.00   2.409E-01 -168.94  0.000E+00    0.00      7.29350E-01                 0.0000   180.00   LINEAR
   46.00    0.00   2.490E-01 -156.21  0.000E+00    0.00      7.79138E-01                 0.0000   180.00   LINEAR
   48.00    0.00   2.523E-01 -144.75  0.000E+00    0.00      7.99805E-01                 0.0000   180.00   LINEAR
   50.00    0.00   2.511E-01 -134.28  0.000E+00    0.00      7.92301E-01                 0.0000     0.00   LINEAR
   52.00    0.00   2.460E-01 -124.62  0.000E+00    0.00      7.60455E-01                 0.0000     0.00   LINEAR
   54.00    0.00   2.376E-01 -115.66  0.000E+00    0.00      7.09621E-01                 0.0000     0.00   LINEAR
   56.00    0.00   2.267E-01 -107.31  0.000E+00    0.00      6.45622E-01                 0.0000     0.00   LINEAR
   58.00    0.00   2.137E-01  -99.53  0.000E+00    0.00      5.74007E-01                 0.0000     0.00   LINEAR
   60.00    0.00   1.994E-01  -92.29  0.000E+00    0.00      4.99591E-01                 0.0000     0.00   LINEAR
   62.00    0.00   1.842E-01  -85.55  0.000E+00    0.00      4.26228E-01                 0.0000     0.00   LINEAR
   64.00    0.00   1.685E-01  -79.30  0.000E+00    0.00      3.56756E-01                 0.0000     0.00   LINEAR
   66.00    0.00   1.527E-01  -73.54  0.000E+00    0.00      2.93065E-01                 0.0000     0.00   LINEAR
   68.00    0.00   1.371E-01  -68.24  0.000E+00    0.00      2.36231E-01                 0.0000     0.00   LINEAR
   70.00    0.00   1.219E-01  -63.41  0.000E+00    0.00      1.86681E-01                 0.0000     0.00   LINEAR
   72.00    0.00   1.072E-01  -59.05  0.000E+00    0.00      1.44365E-01                 0.0000     0.00   LINEAR
   74.00    0.00   9.309E-02  -55.14  0.000E+00    0.00      1.08903E-01                 0.0000     0.00   LINEAR
   76.00    0.00   7.965E-02  -51.70  0.000E+00    0.00      7.97244E-02                 0.0000     0.00   LINEAR
   78.00    0.00   6.686E-02  -48.71  0.000E+00    0.00      5.61670E-02                 0.0000     0.00   LINEAR
   80.00    0.00   5.467E-02  -46.19  0.000E+00    0.00      3.75574E-02                 0.0000     0.00   LINEAR
   82.00    0.00   4.303E-02  -44.12  0.000E+00    0.00      2.32664E-02                 0.0000     0.00   LINEAR
   84.00    0.00   3.185E-02  -42.51  0.000E+00    0.00      1.27467E-02                 0.0000     0.00   LINEAR
   86.00    0.00   2.103E-02  -41.36  0.000E+00    0.00      5.55626E-03                 0.0000     0.00   LINEAR
   88.00    0.00   1.045E-02  -40.67  0.000E+00    0.00      1.37266E-03                 0.0000     0.00   LINEAR
   90.00    0.00   1.830E-17  -40.45  0.000E+00    0.00      4.20698E-33                 0.0000     0.00   LINEAR
   92.00    0.00   1.045E-02  139.32  0.000E+00    0.00      1.37264E-03                 0.0000   180.00   LINEAR
   94.00    0.00   2.103E-02  138.63  0.000E+00    0.00      5.55613E-03                 0.0000   180.00   LINEAR
   96.00    0.00   3.185E-02  137.49  0.000E+00    0.00      1.27462E-02                 0.0000   180.00   LINEAR
   98.00    0.00   4.303E-02  135.88  0.000E+00    0.00      2.32655E-02                 0.0000   180.00   LINEAR
  100.00    0.00   5.467E-02  133.81  0.000E+00    0.00      3.75557E-02                 0.0000   180.00   LINEAR
  102.00    0.00   6.685E-02  131.28  0.000E+00    0.00      5.61644E-02                 0.0000   180.00   LINEAR
  104.00    0.00   7.965E-02  128.30  0.000E+00    0.00      7.97208E-02                 0.0000   180.00   LINEAR
  106.00    0.00   9.309E-02  124.85  0.000E+00    0.00      1.08898E-01                 0.0000   180.00   LINEAR
  108.00    0.00   1.072E-01  120.95  0.000E+00    0.00      1.44359E-01                 0.0000   180.00   LINEAR
  110.00    0.00   1.219E-01  116.59  0.000E+00    0.00      1.86676E-01                 0.0000   180.00   LINEAR
  112.00    0.00   1.371E-01  111.76  0.000E+00    0.00      2.36226E-01                 0.0000   180.00   LINEAR
  114.00    0.00   1.527E-01  106.46  0.000E+00    0.00      2.93061E-01                 0.0000   180.00   LINEAR
  116.00    0.00   1.685E-01  100.70  0.000E+00    0.00      3.56755E-01                 0.0000   180.00   LINEAR
  118.00    0.00   1.842E-01   94.45  0.000E+00    0.00      4.26230E-01                 0.0000   180.00   LINEAR
  120.00    0.00   1.994E-01   87.72  0.000E+00    0.00      4.99596E-01                 0.0000   180.00   LINEAR
  122.00    0.00   2.137E-01   80.47  0.000E+00    0.00      5.74015E-01                 0.0000   180.00   LINEAR
  124.00    0.00   2.267E-01   72.69  0.000E+00    0.00      6.45633E-01                 0.0000   180.00   LINEAR
  126.00    0.00   2.376E-01   64.35  0.000E+00    0.00      7.09634E-01                 0.0000   180.00   LINEAR
  128.00    0.00   2.460E-01   55.38  0.000E+00    0.00      7.60469E-01                 0.0000   180.00   LINEAR
  130.00    0.00   2.511E-01   45.73  0.000E+00    0.00      7.92314E-01                 0.0000   180.00   LINEAR
  132.00    0.00   2.523E-01   35.26  0.000E+00    0.00      7.99815E-01                 0.0000     0.00   LINEAR
  134.00    0.00   2.490E-01   23.80  0.000E+00    0.00      7.79144E-01                 0.0000     0.00   LINEAR
  136.00    0.00   2.409E-01   11.07  0.000E+00    0.00      7.29351E-01                 0.0000     0.00   LINEAR
  138.00    0.00   2.281E-01   -3.39  0.000E+00    0.00      6.53965E-01                 0.0000     0.00   LINEAR
  140.00    0.00   2.116E-01  -20.30  0.000E+00    0.00      5.62685E-01                 0.0000     0.00   LINEAR
  142.00    0.00   1.940E-01  -40.75  0.000E+00    0.00      4.72972E-01                 0.0000     0.00   LINEAR
  144.00    0.00   1.809E-01  -65.91  0.000E+00    0.00      4.11251E-01                 0.0000     0.00   LINEAR
  146.00    0.00   1.814E-01  -95.53  0.000E+00    0.00      4.13390E-01                 0.0000     0.00   LINEAR
  148.00    0.00   2.042E-01 -126.10  0.000E+00    0.00      5.24116E-01                 0.0000     0.00   LINEAR
  150.00    0.00   2.515E-01 -153.37  0.000E+00    0.00      7.95070E-01                 0.0000   180.00   LINEAR
  152.00    0.00   3.193E-01 -176.23  0.000E+00    0.00      1.28132E+00                 0.0000   180.00   LINEAR
  154.00    0.00   4.026E-01  164.35  0.000E+00    0.00      2.03636E+00                 0.0000   180.00   LINEAR
  156.00    0.00   4.971E-01  147.19  0.000E+00    0.00      3.10580E+00                 0.0000   180.00   LINEAR
  158.00    0.00   5.998E-01  131.47  0.000E+00    0.00      4.52033E+00                 0.0000   180.00   LINEAR
  160.00    0.00   7.074E-01  116.67  0.000E+00    0.00      6.28879E+00                 0.0000   180.00   LINEAR
  162.00    0.00   8.172E-01  102.47  0.000E+00    0.00      8.39213E+00                 0.0000   180.00   LINEAR
  164.00    0.00   9.262E-01   88.67  0.000E+00    0.00      1.07796E+01                 0.0000   180.00   LINEAR
  166.00    0.00   1.031E+00   75.15  0.000E+00    0.00      1.33678E+01                 0.0000   180.00   LINEAR
  168.00    0.00   1.130E+00   61.83  0.000E+00    0.00      1.60437E+01                 0.0000   180.00   LINEAR
  170.00    0.00   1.219E+00   48.65  0.000E+00    0.00      1.86707E+01                 0.0000   180.00   LINEAR
  172.00    0.00   1.296E+00   35.60  0.000E+00    0.00      2.10995E+01                 0.0000     0.00   LINEAR
  174.00    0.00   1.358E+00   22.66  0.000E+00    0.00      2.31807E+01                 0.0000     0.00   LINEAR
  176.00    0.00   1.404E+00    9.82  0.000E+00    0.00      2.47783E+01                 0.0000     0.00   LINEAR
  178.00    0.00   1.432E+00   -2.93  0.000E+00    0.00      2.57837E+01                 0.0000     0.00   LINEAR
  180.00    0.00   1.442E+00  -15.56  0.000E+00    0.00      2.61269E+01                 0.0000     0.00   LINEAR
  182.00    0.00   1.432E+00  -28.07  0.000E+00    0.00      2.57837E+01                 0.0000     0.00   LINEAR
  184.00    0.00   1.404E+00  -40.44  0.000E+00    0.00      2.47783E+01                 0.0000     0.00   LINEAR
  186.00    0.00   1.358E+00  -52.65  0.000E+00    0.00      2.31807E+01                 0.0000     0.00   LINEAR
  188.00    0.00   1.296E+00  -64.67  0.000E+00    0.00      2.10995E+01                 0.0000     0.00   LINEAR
  190.00    0.00   1.219E+00  -76.46  0.000E+00    0.00      1.86707E+01                 0.0000     0.00   LINEAR
  192.00    0.00   1.130E+00  -87.97  0.000E+00    0.00      1.60437E+01                 0.0000     0.00   LINEAR
  194.00    0.00   1.031E+00  -99.16  0.000E+00    0.00      1.33678E+01                 0.0000     0.00   LINEAR
  196.00    0.00   9.262E-01 -109.93  0.000E+00    0.00      1.07796E+01                 0.0000     0.00   LINEAR
  198.00    0.00   8.172E-01 -120.18  0.000E+00    0.00      8.39213E+00                 0.0000     0.00   LINEAR
  200.00    0.00   7.074E-01 -129.75  0.000E+00    0.00      6.28879E+00                 0.0000     0.00   LINEAR
  202.00    0.00   5.998E-01 -138.43  0.000E+00    0.00      4.52033E+00                 0.0000   180.00   LINEAR
  204.00    0.00   4.971E-01 -145.86  0.000E+00    0.00      3.10580E+00                 0.0000   180.00   LINEAR
  206.00    0.00   4.026E-01 -151.50  0.000E+00    0.00      2.03636E+00                 0.0000   180.00   LINEAR
  208.00    0.00   3.193E-01 -154.48  0.000E+00    0.00      1.28132E+00                 0.0000   180.00   LINEAR
  210.00    0.00   2.515E-01 -153.62  0.000E+00    0.00      7.95069E-01                 0.0000   180.00   LINEAR
  212.00    0.00   2.042E-01 -147.90  0.000E+00    0.00      5.24116E-01                 0.0000   180.00   LINEAR
  214.00    0.00   1.814E-01 -138.43  0.000E+00    0.00      4.13390E-01                 0.0000   180.00   LINEAR
  216.00    0.00   1.809E-01 -129.41  0.000E+00    0.00      4.11251E-01                 0.0000     0.00   LINEAR
  218.00    0.00   1.940E-01 -124.33  0.000E+00    0.00      4.72972E-01                 0.0000     0.00   LINEAR
  220.00    0.00   2.116E-01 -123.43  0.000E+00    0.00      5.62685E-01                 0.0000     0.00   LINEAR
  222.00    0.00   2.281E-01 -125.50  0.000E+00    0.00      6.53965E-01                 0.0000     0.00   LINEAR
  224.00    0.00   2.409E-01 -129.43  0.000E+00    0.00      7.29351E-01                 0.0000     0.00   LINEAR
  226.00    0.00   2.490E-01 -134.49  0.000E+00    0.00      7.79143E-01                 0.0000     0.00   LINEAR
  228.00    0.00   2.523E-01 -140.18  0.000E+00    0.00      7.99815E-01                 0.0000   180.00   LINEAR
  230.00    0.00   2.511E-01 -146.21  0.000E+00    0.00      7.92314E-01                 0.0000   180.00   LINEAR
  232.00    0.00   2.460E-01 -152.38  0.000E+00    0.00      7.60469E-01                 0.0000   180.00   LINEAR
  234.00    0.00   2.376E-01 -158.55  0.000E+00    0.00      7.09634E-01                 0.0000   180.00   LINEAR
  236.00    0.00   2.267E-01 -164.63  0.000E+00    0.00      6.45633E-01                 0.0000   180.00   LINEAR
  238.00    0.00   2.137E-01 -170.55  0.000E+00    0.00      5.74015E-01                 0.0000   180.00   LINEAR
  240.00    0.00   1.994E-01 -176.25  0.000E+00    0.00      4.99596E-01                 0.0000   180.00   LINEAR
  242.00    0.00   1.842E-01  178.29  0.000E+00    0.00      4.26230E-01                 0.0000   180.00   LINEAR
  244.00    0.00   1.685E-01  173.12  0.000E+00    0.00      3.56755E-01                 0.0000   180.00   LINEAR
  246.00    0.00   1.527E-01  168.26  0.000E+00    0.00      2.93061E-01                 0.0000   180.00   LINEAR
  248.00    0.00   1.371E-01  163.72  0.000E+00    0.00      2.36226E-01                 0.0000   180.00   LINEAR
  250.00    0.00   1.219E-01  159.54  0.000E+00    0.00      1.86676E-01                 0.0000   180.00   LINEAR
  252.00    0.00   1.072E-01  155.72  0.000E+00    0.00      1.44359E-01                 0.0000   180.00   LINEAR
  254.00    0.00   9.309E-02  152.27  0.000E+00    0.00      1.08898E-01                 0.0000   180.00   LINEAR
  256.00    0.00   7.965E-02  149.20  0.000E+00    0.00      7.97208E-02                 0.0000   180.00   LINEAR
  258.00    0.00   6.685E-02  146.53  0.000E+00    0.00      5.61644E-02                 0.0000   180.00   LINEAR
  260.00    0.00   5.467E-02  144.26  0.000E+00    0.00      3.75558E-02                 0.0000   180.00   LINEAR
  262.00    0.00   4.303E-02  142.39  0.000E+00    0.00      2.32655E-02                 0.0000   180.00   LINEAR
  264.00    0.00   3.185E-02  140.93  0.000E+00    0.00      1.27462E-02                 0.0000   180.00   LINEAR
  266.00    0.00   2.103E-02  139.89  0.000E+00    0.00      5.55613E-03                 0.0000   180.00   LINEAR
  268.00    0.00   1.045E-02  139.26  0.000E+00    0.00      1.37264E-03                 0.0000   180.00   LINEAR
  270.00    0.00   5.489E-17  139.06  0.000E+00    0.00      3.78628E-32                 0.0000   180.00   LINEAR
  272.00    0.00   1.045E-02  -40.73  0.000E+00    0.00      1.37266E-03                 0.0000     0.00   LINEAR
  274.00    0.00   2.103E-02  -40.11  0.000E+00    0.00      5.55626E-03                 0.0000     0.00   LINEAR
  276.00    0.00   3.185E-02  -39.06  0.000E+00    0.00      1.27467E-02                 0.0000     0.00   LINEAR
  278.00    0.00   4.303E-02  -37.61  0.000E+00    0.00      2.32664E-02                 0.0000     0.00   LINEAR
  280.00    0.00   5.467E-02  -35.74  0.000E+00    0.00      3.75575E-02                 0.0000     0.00   LINEAR
  282.00    0.00   6.686E-02  -33.47  0.000E+00    0.00      5.61671E-02                 0.0000     0.00   LINEAR
  284.00    0.00   7.965E-02  -30.79  0.000E+00    0.00      7.97244E-02                 0.0000     0.00   LINEAR
  286.00    0.00   9.309E-02  -27.73  0.000E+00    0.00      1.08903E-01                 0.0000     0.00   LINEAR
  288.00    0.00   1.072E-01  -24.28  0.000E+00    0.00      1.44365E-01                 0.0000     0.00   LINEAR
  290.00    0.00   1.219E-01  -20.46  0.000E+00    0.00      1.86681E-01                 0.0000     0.00   LINEAR
  292.00    0.00   1.371E-01  -16.27  0.000E+00    0.00      2.36231E-01                 0.0000     0.00   LINEAR
  294.00    0.00   1.527E-01  -11.74  0.000E+00    0.00      2.93065E-01                 0.0000     0.00   LINEAR
  296.00    0.00   1.685E-01   -6.88  0.000E+00    0.00      3.56756E-01                 0.0000     0.00   LINEAR
  298.00    0.00   1.842E-01   -1.71  0.000E+00    0.00      4.26228E-01                 0.0000     0.00   LINEAR
  300.00    0.00   1.994E-01    3.74  0.000E+00    0.00      4.99592E-01                 0.0000     0.00   LINEAR
  302.00    0.00   2.137E-01    9.45  0.000E+00    0.00      5.74007E-01                 0.0000     0.00   LINEAR
  304.00    0.00   2.267E-01   15.37  0.000E+00    0.00      6.45622E-01                 0.0000     0.00   LINEAR
  306.00    0.00   2.376E-01   21.45  0.000E+00    0.00      7.09621E-01                 0.0000     0.00   LINEAR
  308.00    0.00   2.460E-01   27.62  0.000E+00    0.00      7.60455E-01                 0.0000     0.00   LINEAR
  310.00    0.00   2.511E-01   33.79  0.000E+00    0.00      7.92301E-01                 0.0000     0.00   LINEAR
  312.00    0.00   2.523E-01   39.82  0.000E+00    0.00      7.99805E-01                 0.0000     0.00   LINEAR
  314.00    0.00   2.490E-01   45.51  0.000E+00    0.00      7.79137E-01                 0.0000   180.00   LINEAR
  316.00    0.00   2.409E-01   50.56  0.000E+00    0.00      7.29350E-01                 0.0000   180.00   LINEAR
  318.00    0.00   2.281E-01   54.50  0.000E+00    0.00      6.53969E-01                 0.0000   180.00   LINEAR
  320.00    0.00   2.116E-01   56.57  0.000E+00    0.00      5.62692E-01                 0.0000   180.00   LINEAR
  322.00    0.00   1.940E-01   55.67  0.000E+00    0.00      4.72982E-01                 0.0000   180.00   LINEAR
  324.00    0.00   1.809E-01   50.59  0.000E+00    0.00      4.11261E-01                 0.0000   180.00   LINEAR
  326.00    0.00   1.814E-01   41.58  0.000E+00    0.00      4.13399E-01                 0.0000     0.00   LINEAR
  328.00    0.00   2.042E-01   32.10  0.000E+00    0.00      5.24121E-01                 0.0000     0.00   LINEAR
  330.00    0.00   2.515E-01   26.38  0.000E+00    0.00      7.95072E-01                 0.0000     0.00   LINEAR
  332.00    0.00   3.193E-01   25.52  0.000E+00    0.00      1.28132E+00                 0.0000     0.00   LINEAR
  334.00    0.00   4.026E-01   28.51  0.000E+00    0.00      2.03636E+00                 0.0000     0.00   LINEAR
  336.00    0.00   4.971E-01   34.14  0.000E+00    0.00      3.10580E+00                 0.0000     0.00   LINEAR
  338.00    0.00   5.998E-01   41.57  0.000E+00    0.00      4.52034E+00                 0.0000     0.00   LINEAR
  340.00    0.00   7.074E-01   50.25  0.000E+00    0.00      6.28880E+00                 0.0000   180.00   LINEAR
  342.00    0.00   8.172E-01   59.83  0.000E+00    0.00      8.39216E+00                 0.0000   180.00   LINEAR
  344.00    0.00   9.262E-01   70.08  0.000E+00    0.00      1.07796E+01                 0.0000   180.00   LINEAR
  346.00    0.00   1.031E+00   80.84  0.000E+00    0.00      1.33679E+01                 0.0000   180.00   LINEAR
  348.00    0.00   1.130E+00   92.02  0.000E+00    0.00      1.60437E+01                 0.0000   180.00   LINEAR
  350.00    0.00   1.219E+00  103.54  0.000E+00    0.00      1.86708E+01                 0.0000   180.00   LINEAR
  352.00    0.00   1.296E+00  115.33  0.000E+00    0.00      2.10996E+01                 0.0000   180.00   LINEAR
  354.00    0.00   1.358E+00  127.34  0.000E+00    0.00      2.31808E+01                 0.0000   180.00   LINEAR
  356.00    0.00   1.404E+00  139.55  0.000E+00    0.00      2.47783E+01                 0.0000   180.00   LINEAR
  358.00    0.00   1.432E+00  151.92  0.000E+00    0.00      2.57838E+01                 0.0000   180.00   LINEAR
  360.00    0.00   1.442E+00  164.43  0.000E+00    0.00      2.61270E+01                 0.0000   180.00   LINEAR