 0.00    0.00   6.900E-01   72.29  0.000E+00    0.00      5.98332E+00                 0.0000   180.00   LINEAR
    2.00    0.00   6.848E-01   84.85  0.000E+00    0.00      5.89267E+00                 0.0000   180.00   LINEAR
    4.00    0.00   6.692E-01   97.37  0.000E+00    0.00      5.62769E+00                 0.0000   180.00   LINEAR
    6.00    0.00   6.438E-01  109.84  0.000E+00    0.00      5.20843E+00                 0.0000   180.00   LINEAR
    8.00    0.00   6.093E-01  122.24  0.000E+00    0.00      4.66586E+00                 0.0000   180.00   LINEAR
   10.00    0.00   5.669E-01  134.55  0.000E+00    0.00      4.03849E+00                 0.0000   180.00   LINEAR
   12.00    0.00   5.177E-01  146.77  0.000E+00    0.00      3.36836E+00                 0.0000   180.00   LINEAR
   14.00    0.00   4.633E-01  158.87  0.000E+00    0.00      2.69694E+00                 0.0000   180.00   LINEAR
   16.00    0.00   4.050E-01  170.84  0.000E+00    0.00      2.06139E+00                 0.0000   180.00   LINEAR
   18.00    0.00   3.445E-01 -177.32  0.000E+00    0.00      1.49168E+00                 0.0000   180.00   LINEAR
   20.00    0.00   2.833E-01 -165.62  0.000E+00    0.00      1.00874E+00                 0.0000   180.00   LINEAR
   22.00    0.00   2.228E-01 -154.06  0.000E+00    0.00      6.23879E-01                 0.0000   180.00   LINEAR
   24.00    0.00   1.643E-01 -142.63  0.000E+00    0.00      3.39206E-01                 0.0000   180.00   LINEAR
   26.00    0.00   1.089E-01 -131.23  0.000E+00    0.00      1.48989E-01                 0.0000     0.00   LINEAR
   28.00    0.00   5.751E-02 -119.44  0.000E+00    0.00      4.15669E-02                 0.0000     0.00   LINEAR
   30.00    0.00   1.102E-02  -99.98  0.000E+00    0.00      1.52647E-03                 0.0000     0.00   LINEAR
   32.00    0.00   3.068E-02   75.38  0.000E+00    0.00      1.18289E-02                 0.0000   180.00   LINEAR
   34.00    0.00   6.655E-02   87.53  0.000E+00    0.00      5.56612E-02                 0.0000   180.00   LINEAR
   36.00    0.00   9.684E-02   97.83  0.000E+00    0.00      1.17858E-01                 0.0000   180.00   LINEAR
   38.00    0.00   1.216E-01  107.52  0.000E+00    0.00      1.85832E-01                 0.0000   180.00   LINEAR
   40.00    0.00   1.411E-01  116.79  0.000E+00    0.00      2.50025E-01                 0.0000   180.00   LINEAR
   42.00    0.00   1.555E-01  125.67  0.000E+00    0.00      3.03948E-01                 0.0000   180.00   LINEAR
   44.00    0.00   1.654E-01  134.18  0.000E+00    0.00      3.43914E-01                 0.0000   180.00   LINEAR
   46.00    0.00   1.713E-01  142.32  0.000E+00    0.00      3.68572E-01                 0.0000   180.00   LINEAR
   48.00    0.00   1.735E-01  150.10  0.000E+00    0.00      3.78347E-01                 0.0000   180.00   LINEAR
   50.00    0.00   1.727E-01  157.49  0.000E+00    0.00      3.74876E-01                 0.0000   180.00   LINEAR
   52.00    0.00   1.694E-01  164.50  0.000E+00    0.00      3.60496E-01                 0.0000   180.00   LINEAR
   54.00    0.00   1.640E-01  171.13  0.000E+00    0.00      3.37828E-01                 0.0000   180.00   LINEAR
   56.00    0.00   1.569E-01  177.36  0.000E+00    0.00      3.09455E-01                 0.0000   180.00   LINEAR
   58.00    0.00   1.487E-01 -176.80  0.000E+00    0.00      2.77720E-01                 0.0000   180.00   LINEAR
   60.00    0.00   1.395E-01 -171.36  0.000E+00    0.00      2.44600E-01                 0.0000   180.00   LINEAR
   62.00    0.00   1.298E-01 -166.31  0.000E+00    0.00      2.11663E-01                 0.0000   180.00   LINEAR
   64.00    0.00   1.197E-01 -161.65  0.000E+00    0.00      1.80072E-01                 0.0000   180.00   LINEAR
   66.00    0.00   1.095E-01 -157.38  0.000E+00    0.00      1.50624E-01                 0.0000   180.00   LINEAR
   68.00    0.00   9.926E-02 -153.50  0.000E+00    0.00      1.23811E-01                 0.0000   180.00   LINEAR
   70.00    0.00   8.915E-02 -149.99  0.000E+00    0.00      9.98768E-02                 0.0000   180.00   LINEAR
   72.00    0.00   7.923E-02 -146.86  0.000E+00    0.00      7.88885E-02                 0.0000   180.00   LINEAR
   74.00    0.00   6.955E-02 -144.08  0.000E+00    0.00      6.07853E-02                 0.0000   180.00   LINEAR
   76.00    0.00   6.013E-02 -141.66  0.000E+00    0.00      4.54281E-02                 0.0000   180.00   LINEAR
   78.00    0.00   5.096E-02 -139.58  0.000E+00    0.00      3.26362E-02                 0.0000   180.00   LINEAR
   80.00    0.00   4.205E-02 -137.84  0.000E+00    0.00      2.22150E-02                 0.0000   180.00   LINEAR
   82.00    0.00   3.335E-02 -136.43  0.000E+00    0.00      1.39769E-02                 0.0000   180.00   LINEAR
   84.00    0.00   2.484E-02 -135.34  0.000E+00    0.00      7.75499E-03                 0.0000   180.00   LINEAR
   86.00    0.00   1.648E-02 -134.56  0.000E+00    0.00      3.41230E-03                 0.0000     0.00   LINEAR
   88.00    0.00   8.214E-03 -134.10  0.000E+00    0.00      8.47886E-04                 0.0000     0.00   LINEAR
   90.00    0.00   1.439E-17 -133.95  0.000E+00    0.00      2.60372E-33                 0.0000     0.00   LINEAR
   92.00    0.00   8.214E-03   45.90  0.000E+00    0.00      8.47884E-04                 0.0000   180.00   LINEAR
   94.00    0.00   1.648E-02   45.44  0.000E+00    0.00      3.41228E-03                 0.0000   180.00   LINEAR
   96.00    0.00   2.484E-02   44.66  0.000E+00    0.00      7.75493E-03                 0.0000     0.00   LINEAR
   98.00    0.00   3.335E-02   43.57  0.000E+00    0.00      1.39768E-02                 0.0000     0.00   LINEAR
  100.00    0.00   4.205E-02   42.16  0.000E+00    0.00      2.22148E-02                 0.0000     0.00   LINEAR
  102.00    0.00   5.096E-02   40.42  0.000E+00    0.00      3.26358E-02                 0.0000     0.00   LINEAR
  104.00    0.00   6.012E-02   38.34  0.000E+00    0.00      4.54275E-02                 0.0000     0.00   LINEAR
  106.00    0.00   6.955E-02   35.92  0.000E+00    0.00      6.07845E-02                 0.0000     0.00   LINEAR
  108.00    0.00   7.923E-02   33.14  0.000E+00    0.00      7.88875E-02                 0.0000     0.00   LINEAR
  110.00    0.00   8.915E-02   30.01  0.000E+00    0.00      9.98756E-02                 0.0000     0.00   LINEAR
  112.00    0.00   9.926E-02   26.50  0.000E+00    0.00      1.23809E-01                 0.0000     0.00   LINEAR
  114.00    0.00   1.095E-01   22.62  0.000E+00    0.00      1.50623E-01                 0.0000     0.00   LINEAR
  116.00    0.00   1.197E-01   18.35  0.000E+00    0.00      1.80071E-01                 0.0000     0.00   LINEAR
  118.00    0.00   1.298E-01   13.69  0.000E+00    0.00      2.11662E-01                 0.0000     0.00   LINEAR
  120.00    0.00   1.395E-01    8.64  0.000E+00    0.00      2.44600E-01                 0.0000     0.00   LINEAR
  122.00    0.00   1.487E-01    3.20  0.000E+00    0.00      2.77721E-01                 0.0000     0.00   LINEAR
  124.00    0.00   1.569E-01   -2.64  0.000E+00    0.00      3.09457E-01                 0.0000     0.00   LINEAR
  126.00    0.00   1.640E-01   -8.88  0.000E+00    0.00      3.37830E-01                 0.0000     0.00   LINEAR
  128.00    0.00   1.694E-01  -15.50  0.000E+00    0.00      3.60499E-01                 0.0000     0.00   LINEAR
  130.00    0.00   1.727E-01  -22.51  0.000E+00    0.00      3.74879E-01                 0.0000     0.00   LINEAR
  132.00    0.00   1.735E-01  -29.91  0.000E+00    0.00      3.78350E-01                 0.0000     0.00   LINEAR
  134.00    0.00   1.713E-01  -37.68  0.000E+00    0.00      3.68575E-01                 0.0000     0.00   LINEAR
  136.00    0.00   1.654E-01  -45.82  0.000E+00    0.00      3.43917E-01                 0.0000     0.00   LINEAR
  138.00    0.00   1.555E-01  -54.34  0.000E+00    0.00      3.03950E-01                 0.0000     0.00   LINEAR
  140.00    0.00   1.411E-01  -63.22  0.000E+00    0.00      2.50026E-01                 0.0000     0.00   LINEAR
  142.00    0.00   1.216E-01  -72.48  0.000E+00    0.00      1.85833E-01                 0.0000     0.00   LINEAR
  144.00    0.00   9.684E-02  -82.18  0.000E+00    0.00      1.17859E-01                 0.0000     0.00   LINEAR
  146.00    0.00   6.655E-02  -92.48  0.000E+00    0.00      5.56615E-02                 0.0000     0.00   LINEAR
  148.00    0.00   3.068E-02 -104.62  0.000E+00    0.00      1.18289E-02                 0.0000     0.00   LINEAR
  150.00    0.00   1.102E-02   79.99  0.000E+00    0.00      1.52609E-03                 0.0000   180.00   LINEAR
  152.00    0.00   5.751E-02   60.54  0.000E+00    0.00      4.15658E-02                 0.0000   180.00   LINEAR
  154.00    0.00   1.089E-01   48.76  0.000E+00    0.00      1.48987E-01                 0.0000   180.00   LINEAR
  156.00    0.00   1.643E-01   37.36  0.000E+00    0.00      3.39203E-01                 0.0000     0.00   LINEAR
  158.00    0.00   2.228E-01   25.93  0.000E+00    0.00      6.23874E-01                 0.0000     0.00   LINEAR
  160.00    0.00   2.833E-01   14.37  0.000E+00    0.00      1.00873E+00                 0.0000     0.00   LINEAR
  162.00    0.00   3.445E-01    2.68  0.000E+00    0.00      1.49167E+00                 0.0000     0.00   LINEAR
  164.00    0.00   4.050E-01   -9.16  0.000E+00    0.00      2.06138E+00                 0.0000     0.00   LINEAR
  166.00    0.00   4.633E-01  -21.14  0.000E+00    0.00      2.69693E+00                 0.0000     0.00   LINEAR
  168.00    0.00   5.177E-01  -33.24  0.000E+00    0.00      3.36834E+00                 0.0000     0.00   LINEAR
  170.00    0.00   5.669E-01  -45.45  0.000E+00    0.00      4.03848E+00                 0.0000     0.00   LINEAR
  172.00    0.00   6.093E-01  -57.76  0.000E+00    0.00      4.66585E+00                 0.0000     0.00   LINEAR
  174.00    0.00   6.438E-01  -70.16  0.000E+00    0.00      5.20842E+00                 0.0000     0.00   LINEAR
  176.00    0.00   6.692E-01  -82.63  0.000E+00    0.00      5.62769E+00                 0.0000     0.00   LINEAR
  178.00    0.00   6.848E-01  -95.15  0.000E+00    0.00      5.89267E+00                 0.0000     0.00   LINEAR
  180.00    0.00   6.900E-01 -107.71  0.000E+00    0.00      5.98332E+00                 0.0000     0.00   LINEAR
  182.00    0.00   6.848E-01 -120.29  0.000E+00    0.00      5.89267E+00                 0.0000     0.00   LINEAR
  184.00    0.00   6.692E-01 -132.89  0.000E+00    0.00      5.62768E+00                 0.0000     0.00   LINEAR
  186.00    0.00   6.438E-01 -145.47  0.000E+00    0.00      5.20842E+00                 0.0000   180.00   LINEAR
  188.00    0.00   6.093E-01 -158.04  0.000E+00    0.00      4.66585E+00                 0.0000   180.00   LINEAR
  190.00    0.00   5.669E-01 -170.56  0.000E+00    0.00      4.03847E+00                 0.0000   180.00   LINEAR
  192.00    0.00   5.177E-01  176.96  0.000E+00    0.00      3.36834E+00                 0.0000   180.00   LINEAR
  194.00    0.00   4.633E-01  164.56  0.000E+00    0.00      2.69692E+00                 0.0000   180.00   LINEAR
  196.00    0.00   4.050E-01  152.24  0.000E+00    0.00      2.06138E+00                 0.0000   180.00   LINEAR
  198.00    0.00   3.445E-01  140.03  0.000E+00    0.00      1.49166E+00                 0.0000   180.00   LINEAR
  200.00    0.00   2.833E-01  127.95  0.000E+00    0.00      1.00873E+00                 0.0000   180.00   LINEAR
  202.00    0.00   2.228E-01  116.02  0.000E+00    0.00      6.23871E-01                 0.0000   180.00   LINEAR
  204.00    0.00   1.643E-01  104.30  0.000E+00    0.00      3.39201E-01                 0.0000   180.00   LINEAR
  206.00    0.00   1.089E-01   92.91  0.000E+00    0.00      1.48986E-01                 0.0000   180.00   LINEAR
  208.00    0.00   5.751E-02   82.29  0.000E+00    0.00      4.15654E-02                 0.0000   180.00   LINEAR
  210.00    0.00   1.102E-02   79.74  0.000E+00    0.00      1.52602E-03                 0.0000   180.00   LINEAR
  212.00    0.00   3.068E-02 -126.43  0.000E+00    0.00      1.18291E-02                 0.0000     0.00   LINEAR
  214.00    0.00   6.655E-02 -135.38  0.000E+00    0.00      5.56617E-02                 0.0000   180.00   LINEAR
  216.00    0.00   9.684E-02 -145.67  0.000E+00    0.00      1.17859E-01                 0.0000   180.00   LINEAR
  218.00    0.00   1.216E-01 -156.07  0.000E+00    0.00      1.85833E-01                 0.0000   180.00   LINEAR
  220.00    0.00   1.411E-01 -166.35  0.000E+00    0.00      2.50026E-01                 0.0000   180.00   LINEAR
  222.00    0.00   1.555E-01 -176.44  0.000E+00    0.00      3.03950E-01                 0.0000   180.00   LINEAR
  224.00    0.00   1.654E-01  173.68  0.000E+00    0.00      3.43917E-01                 0.0000   180.00   LINEAR
  226.00    0.00   1.713E-01  164.04  0.000E+00    0.00      3.68575E-01                 0.0000   180.00   LINEAR
  228.00    0.00   1.735E-01  154.66  0.000E+00    0.00      3.78349E-01                 0.0000   180.00   LINEAR
  230.00    0.00   1.727E-01  145.55  0.000E+00    0.00      3.74878E-01                 0.0000   180.00   LINEAR
  232.00    0.00   1.694E-01  136.74  0.000E+00    0.00      3.60498E-01                 0.0000   180.00   LINEAR
  234.00    0.00   1.640E-01  128.23  0.000E+00    0.00      3.37829E-01                 0.0000   180.00   LINEAR
  236.00    0.00   1.569E-01  120.04  0.000E+00    0.00      3.09456E-01                 0.0000   180.00   LINEAR
  238.00    0.00   1.487E-01  112.18  0.000E+00    0.00      2.77720E-01                 0.0000   180.00   LINEAR
  240.00    0.00   1.395E-01  104.67  0.000E+00    0.00      2.44599E-01                 0.0000   180.00   LINEAR
  242.00    0.00   1.298E-01   97.53  0.000E+00    0.00      2.11662E-01                 0.0000   180.00   LINEAR
  244.00    0.00   1.197E-01   90.77  0.000E+00    0.00      1.80070E-01                 0.0000   180.00   LINEAR
  246.00    0.00   1.095E-01   84.41  0.000E+00    0.00      1.50623E-01                 0.0000   180.00   LINEAR
  248.00    0.00   9.926E-02   78.46  0.000E+00    0.00      1.23809E-01                 0.0000   180.00   LINEAR
  250.00    0.00   8.915E-02   72.96  0.000E+00    0.00      9.98752E-02                 0.0000   180.00   LINEAR
  252.00    0.00   7.923E-02   67.91  0.000E+00    0.00      7.88871E-02                 0.0000   180.00   LINEAR
  254.00    0.00   6.955E-02   63.33  0.000E+00    0.00      6.07842E-02                 0.0000   180.00   LINEAR
  256.00    0.00   6.012E-02   59.24  0.000E+00    0.00      4.54273E-02                 0.0000   180.00   LINEAR
  258.00    0.00   5.096E-02   55.66  0.000E+00    0.00      3.26356E-02                 0.0000   180.00   LINEAR
  260.00    0.00   4.205E-02   52.61  0.000E+00    0.00      2.22147E-02                 0.0000   180.00   LINEAR
  262.00    0.00   3.335E-02   50.08  0.000E+00    0.00      1.39767E-02                 0.0000   180.00   LINEAR
  264.00    0.00   2.484E-02   48.11  0.000E+00    0.00      7.75489E-03                 0.0000   180.00   LINEAR
  266.00    0.00   1.648E-02   46.69  0.000E+00    0.00      3.41227E-03                 0.0000   180.00   LINEAR
  268.00    0.00   8.214E-03   45.84  0.000E+00    0.00      8.47880E-04                 0.0000   180.00   LINEAR
  270.00    0.00   4.318E-17   45.56  0.000E+00    0.00      2.34334E-32                 0.0000   180.00   LINEAR
  272.00    0.00   8.214E-03 -134.16  0.000E+00    0.00      8.47882E-04                 0.0000     0.00   LINEAR
  274.00    0.00   1.648E-02 -133.31  0.000E+00    0.00      3.41229E-03                 0.0000     0.00   LINEAR
  276.00    0.00   2.484E-02 -131.89  0.000E+00    0.00      7.75495E-03                 0.0000     0.00   LINEAR
  278.00    0.00   3.335E-02 -129.92  0.000E+00    0.00      1.39769E-02                 0.0000     0.00   LINEAR
  280.00    0.00   4.205E-02 -127.39  0.000E+00    0.00      2.22149E-02                 0.0000     0.00   LINEAR
  282.00    0.00   5.096E-02 -124.34  0.000E+00    0.00      3.26360E-02                 0.0000     0.00   LINEAR
  284.00    0.00   6.013E-02 -120.76  0.000E+00    0.00      4.54279E-02                 0.0000     0.00   LINEAR
  286.00    0.00   6.955E-02 -116.67  0.000E+00    0.00      6.07850E-02                 0.0000     0.00   LINEAR
  288.00    0.00   7.923E-02 -112.09  0.000E+00    0.00      7.88881E-02                 0.0000     0.00   LINEAR
  290.00    0.00   8.915E-02 -107.04  0.000E+00    0.00      9.98764E-02                 0.0000     0.00   LINEAR
  292.00    0.00   9.926E-02 -101.53  0.000E+00    0.00      1.23810E-01                 0.0000     0.00   LINEAR
  294.00    0.00   1.095E-01  -95.59  0.000E+00    0.00      1.50624E-01                 0.0000     0.00   LINEAR
  296.00    0.00   1.197E-01  -89.23  0.000E+00    0.00      1.80071E-01                 0.0000     0.00   LINEAR
  298.00    0.00   1.298E-01  -82.47  0.000E+00    0.00      2.11662E-01                 0.0000     0.00   LINEAR
  300.00    0.00   1.395E-01  -75.33  0.000E+00    0.00      2.44599E-01                 0.0000     0.00   LINEAR
  302.00    0.00   1.487E-01  -67.82  0.000E+00    0.00      2.77719E-01                 0.0000     0.00   LINEAR
  304.00    0.00   1.569E-01  -59.96  0.000E+00    0.00      3.09454E-01                 0.0000     0.00   LINEAR
  306.00    0.00   1.640E-01  -51.77  0.000E+00    0.00      3.37827E-01                 0.0000     0.00   LINEAR
  308.00    0.00   1.694E-01  -43.26  0.000E+00    0.00      3.60495E-01                 0.0000     0.00   LINEAR
  310.00    0.00   1.727E-01  -34.44  0.000E+00    0.00      3.74875E-01                 0.0000     0.00   LINEAR
  312.00    0.00   1.735E-01  -25.34  0.000E+00    0.00      3.78346E-01                 0.0000     0.00   LINEAR
  314.00    0.00   1.713E-01  -15.96  0.000E+00    0.00      3.68572E-01                 0.0000     0.00   LINEAR
  316.00    0.00   1.654E-01   -6.32  0.000E+00    0.00      3.43914E-01                 0.0000     0.00   LINEAR
  318.00    0.00   1.555E-01    3.56  0.000E+00    0.00      3.03948E-01                 0.0000     0.00   LINEAR
  320.00    0.00   1.411E-01   13.66  0.000E+00    0.00      2.50025E-01                 0.0000     0.00   LINEAR
  322.00    0.00   1.216E-01   23.94  0.000E+00    0.00      1.85832E-01                 0.0000     0.00   LINEAR
  324.00    0.00   9.684E-02   34.33  0.000E+00    0.00      1.17858E-01                 0.0000     0.00   LINEAR
  326.00    0.00   6.655E-02   44.63  0.000E+00    0.00      5.56614E-02                 0.0000     0.00   LINEAR
  328.00    0.00   3.068E-02   53.57  0.000E+00    0.00      1.18291E-02                 0.0000   180.00   LINEAR
  330.00    0.00   1.102E-02 -100.23  0.000E+00    0.00      1.52641E-03                 0.0000     0.00   LINEAR
  332.00    0.00   5.751E-02  -97.70  0.000E+00    0.00      4.15664E-02                 0.0000     0.00   LINEAR
  334.00    0.00   1.089E-01  -87.08  0.000E+00    0.00      1.48988E-01                 0.0000     0.00   LINEAR
  336.00    0.00   1.643E-01  -75.68  0.000E+00    0.00      3.39205E-01                 0.0000     0.00   LINEAR
  338.00    0.00   2.228E-01  -63.97  0.000E+00    0.00      6.23877E-01                 0.0000     0.00   LINEAR
  340.00    0.00   2.833E-01  -52.04  0.000E+00    0.00      1.00874E+00                 0.0000     0.00   LINEAR
  342.00    0.00   3.445E-01  -39.96  0.000E+00    0.00      1.49167E+00                 0.0000     0.00   LINEAR
  344.00    0.00   4.050E-01  -27.75  0.000E+00    0.00      2.06139E+00                 0.0000     0.00   LINEAR
  346.00    0.00   4.633E-01  -15.44  0.000E+00    0.00      2.69693E+00                 0.0000     0.00   LINEAR
  348.00    0.00   5.177E-01   -3.03  0.000E+00    0.00      3.36835E+00                 0.0000     0.00   LINEAR
  350.00    0.00   5.669E-01    9.44  0.000E+00    0.00      4.03848E+00                 0.0000     0.00   LINEAR
  352.00    0.00   6.093E-01   21.96  0.000E+00    0.00      4.66586E+00                 0.0000     0.00   LINEAR
  354.00    0.00   6.438E-01   34.53  0.000E+00    0.00      5.20843E+00                 0.0000     0.00   LINEAR
  356.00    0.00   6.692E-01   47.11  0.000E+00    0.00      5.62769E+00                 0.0000   180.00   LINEAR
  358.00    0.00   6.848E-01   59.71  0.000E+00    0.00      5.89267E+00                 0.0000   180.00   LINEAR
  360.00    0.00   6.900E-01   72.29  0.000E+00    0.00      5.98332E+00