   0.00    0.00   4.900E-01   51.23  0.000E+00    0.00      3.01766E+00                 0.0000   180.00   LINEAR
    2.00    0.00   4.865E-01   63.77  0.000E+00    0.00      2.97407E+00                 0.0000   180.00   LINEAR
    4.00    0.00   4.759E-01   76.21  0.000E+00    0.00      2.84644E+00                 0.0000   180.00   LINEAR
    6.00    0.00   4.587E-01   88.54  0.000E+00    0.00      2.64393E+00                 0.0000   180.00   LINEAR
    8.00    0.00   4.353E-01  100.75  0.000E+00    0.00      2.38073E+00                 0.0000   180.00   LINEAR
   10.00    0.00   4.063E-01  112.81  0.000E+00    0.00      2.07461E+00                 0.0000   180.00   LINEAR
   12.00    0.00   3.727E-01  124.70  0.000E+00    0.00      1.74518E+00                 0.0000   180.00   LINEAR
   14.00    0.00   3.352E-01  136.40  0.000E+00    0.00      1.41206E+00                 0.0000   180.00   LINEAR
   16.00    0.00   2.949E-01  147.87  0.000E+00    0.00      1.09320E+00                 0.0000   180.00   LINEAR
   18.00    0.00   2.529E-01  159.07  0.000E+00    0.00      8.03531E-01                 0.0000   180.00   LINEAR
   20.00    0.00   2.100E-01  169.93  0.000E+00    0.00      5.54045E-01                 0.0000   180.00   LINEAR
   22.00    0.00   1.672E-01 -179.65  0.000E+00    0.00      3.51376E-01                 0.0000   180.00   LINEAR
   24.00    0.00   1.255E-01 -169.93  0.000E+00    0.00      1.97876E-01                 0.0000   180.00   LINEAR
   26.00    0.00   8.560E-02 -161.48  0.000E+00    0.00      9.20776E-02                 0.0000   180.00   LINEAR
   28.00    0.00   4.842E-02 -156.51  0.000E+00    0.00      2.94587E-02                 0.0000   180.00   LINEAR
   30.00    0.00   1.634E-02 -173.87  0.000E+00    0.00      3.35496E-03                 0.0000   180.00   LINEAR
   32.00    0.00   2.168E-02   85.26  0.000E+00    0.00      5.90899E-03                 0.0000   180.00   LINEAR
   34.00    0.00   4.799E-02   78.55  0.000E+00    0.00      2.89430E-02                 0.0000   180.00   LINEAR
   36.00    0.00   7.174E-02   83.69  0.000E+00    0.00      6.46805E-02                 0.0000   180.00   LINEAR
   38.00    0.00   9.196E-02   90.91  0.000E+00    0.00      1.06276E-01                 0.0000   180.00   LINEAR
   40.00    0.00   1.086E-01   98.68  0.000E+00    0.00      1.48139E-01                 0.0000   180.00   LINEAR
   42.00    0.00   1.217E-01  106.54  0.000E+00    0.00      1.86075E-01                 0.0000   180.00   LINEAR
   44.00    0.00   1.315E-01  114.31  0.000E+00    0.00      2.17266E-01                 0.0000   180.00   LINEAR
   46.00    0.00   1.382E-01  121.89  0.000E+00    0.00      2.40138E-01                 0.0000   180.00   LINEAR
   48.00    0.00   1.422E-01  129.23  0.000E+00    0.00      2.54162E-01                 0.0000   180.00   LINEAR
   50.00    0.00   1.437E-01  136.30  0.000E+00    0.00      2.59609E-01                 0.0000   180.00   LINEAR
   52.00    0.00   1.431E-01  143.08  0.000E+00    0.00      2.57322E-01                 0.0000   180.00   LINEAR
   54.00    0.00   1.406E-01  149.55  0.000E+00    0.00      2.48489E-01                 0.0000   180.00   LINEAR
   56.00    0.00   1.366E-01  155.70  0.000E+00    0.00      2.34465E-01                 0.0000   180.00   LINEAR
   58.00    0.00   1.313E-01  161.52  0.000E+00    0.00      2.16629E-01                 0.0000   180.00   LINEAR
   60.00    0.00   1.250E-01  167.00  0.000E+00    0.00      1.96276E-01                 0.0000   180.00   LINEAR
   62.00    0.00   1.179E-01  172.15  0.000E+00    0.00      1.74560E-01                 0.0000   180.00   LINEAR
   64.00    0.00   1.101E-01  176.94  0.000E+00    0.00      1.52451E-01                 0.0000   180.00   LINEAR
   66.00    0.00   1.020E-01 -178.61  0.000E+00    0.00      1.30729E-01                 0.0000   180.00   LINEAR
   68.00    0.00   9.356E-02 -174.51  0.000E+00    0.00      1.09990E-01                 0.0000   180.00   LINEAR
   70.00    0.00   8.494E-02 -170.76  0.000E+00    0.00      9.06650E-02                 0.0000   180.00   LINEAR
   72.00    0.00   7.624E-02 -167.37  0.000E+00    0.00      7.30404E-02                 0.0000   180.00   LINEAR
   74.00    0.00   6.752E-02 -164.34  0.000E+00    0.00      5.72892E-02                 0.0000   180.00   LINEAR
   76.00    0.00   5.883E-02 -161.66  0.000E+00    0.00      4.34949E-02                 0.0000   180.00   LINEAR
   78.00    0.00   5.021E-02 -159.34  0.000E+00    0.00      3.16771E-02                 0.0000   180.00   LINEAR
   80.00    0.00   4.166E-02 -157.37  0.000E+00    0.00      2.18126E-02                 0.0000   180.00   LINEAR
   82.00    0.00   3.320E-02 -155.76  0.000E+00    0.00      1.38536E-02                 0.0000   180.00   LINEAR
   84.00    0.00   2.482E-02 -154.51  0.000E+00    0.00      7.74295E-03                 0.0000   180.00   LINEAR
   86.00    0.00   1.651E-02 -153.62  0.000E+00    0.00      3.42478E-03                 0.0000   180.00   LINEAR
   88.00    0.00   8.242E-03 -153.08  0.000E+00    0.00      8.53642E-04                 0.0000   180.00   LINEAR
   90.00    0.00   1.445E-17 -152.91  0.000E+00    0.00      2.62412E-33                 0.0000   180.00   LINEAR
   92.00    0.00   8.242E-03   26.92  0.000E+00    0.00      8.53642E-04                 0.0000     0.00   LINEAR
   94.00    0.00   1.651E-02   26.38  0.000E+00    0.00      3.42478E-03                 0.0000     0.00   LINEAR
   96.00    0.00   2.482E-02   25.49  0.000E+00    0.00      7.74295E-03                 0.0000     0.00   LINEAR
   98.00    0.00   3.320E-02   24.24  0.000E+00    0.00      1.38536E-02                 0.0000     0.00   LINEAR
  100.00    0.00   4.166E-02   22.63  0.000E+00    0.00      2.18126E-02                 0.0000     0.00   LINEAR
  102.00    0.00   5.021E-02   20.66  0.000E+00    0.00      3.16771E-02                 0.0000     0.00   LINEAR
  104.00    0.00   5.883E-02   18.34  0.000E+00    0.00      4.34949E-02                 0.0000     0.00   LINEAR
  106.00    0.00   6.752E-02   15.66  0.000E+00    0.00      5.72892E-02                 0.0000     0.00   LINEAR
  108.00    0.00   7.624E-02   12.63  0.000E+00    0.00      7.30404E-02                 0.0000     0.00   LINEAR
  110.00    0.00   8.494E-02    9.24  0.000E+00    0.00      9.06650E-02                 0.0000     0.00   LINEAR
  112.00    0.00   9.356E-02    5.49  0.000E+00    0.00      1.09990E-01                 0.0000     0.00   LINEAR
  114.00    0.00   1.020E-01    1.39  0.000E+00    0.00      1.30729E-01                 0.0000     0.00   LINEAR
  116.00    0.00   1.101E-01   -3.06  0.000E+00    0.00      1.52451E-01                 0.0000     0.00   LINEAR
  118.00    0.00   1.179E-01   -7.85  0.000E+00    0.00      1.74560E-01                 0.0000     0.00   LINEAR
  120.00    0.00   1.250E-01  -13.00  0.000E+00    0.00      1.96276E-01                 0.0000     0.00   LINEAR
  122.00    0.00   1.313E-01  -18.48  0.000E+00    0.00      2.16629E-01                 0.0000     0.00   LINEAR
  124.00    0.00   1.366E-01  -24.30  0.000E+00    0.00      2.34465E-01                 0.0000     0.00   LINEAR
  126.00    0.00   1.406E-01  -30.45  0.000E+00    0.00      2.48489E-01                 0.0000     0.00   LINEAR
  128.00    0.00   1.431E-01  -36.92  0.000E+00    0.00      2.57322E-01                 0.0000     0.00   LINEAR
  130.00    0.00   1.437E-01  -43.70  0.000E+00    0.00      2.59609E-01                 0.0000     0.00   LINEAR
  132.00    0.00   1.422E-01  -50.77  0.000E+00    0.00      2.54162E-01                 0.0000     0.00   LINEAR
  134.00    0.00   1.382E-01  -58.11  0.000E+00    0.00      2.40138E-01                 0.0000     0.00   LINEAR
  136.00    0.00   1.315E-01  -65.69  0.000E+00    0.00      2.17266E-01                 0.0000     0.00   LINEAR
  138.00    0.00   1.217E-01  -73.46  0.000E+00    0.00      1.86075E-01                 0.0000     0.00   LINEAR
  140.00    0.00   1.086E-01  -81.32  0.000E+00    0.00      1.48139E-01                 0.0000     0.00   LINEAR
  142.00    0.00   9.196E-02  -89.09  0.000E+00    0.00      1.06276E-01                 0.0000     0.00   LINEAR
  144.00    0.00   7.174E-02  -96.31  0.000E+00    0.00      6.46806E-02                 0.0000     0.00   LINEAR
  146.00    0.00   4.799E-02 -101.45  0.000E+00    0.00      2.89430E-02                 0.0000     0.00   LINEAR
  148.00    0.00   2.168E-02  -94.74  0.000E+00    0.00      5.90899E-03                 0.0000     0.00   LINEAR
  150.00    0.00   1.634E-02    6.13  0.000E+00    0.00      3.35495E-03                 0.0000     0.00   LINEAR
  152.00    0.00   4.842E-02   23.49  0.000E+00    0.00      2.94587E-02                 0.0000     0.00   LINEAR
  154.00    0.00   8.560E-02   18.52  0.000E+00    0.00      9.20776E-02                 0.0000     0.00   LINEAR
  156.00    0.00   1.255E-01   10.07  0.000E+00    0.00      1.97876E-01                 0.0000     0.00   LINEAR
  158.00    0.00   1.672E-01    0.35  0.000E+00    0.00      3.51376E-01                 0.0000     0.00   LINEAR
  160.00    0.00   2.100E-01  -10.07  0.000E+00    0.00      5.54045E-01                 0.0000     0.00   LINEAR
  162.00    0.00   2.529E-01  -20.93  0.000E+00    0.00      8.03531E-01                 0.0000     0.00   LINEAR
  164.00    0.00   2.949E-01  -32.13  0.000E+00    0.00      1.09320E+00                 0.0000     0.00   LINEAR
  166.00    0.00   3.352E-01  -43.60  0.000E+00    0.00      1.41206E+00                 0.0000     0.00   LINEAR
  168.00    0.00   3.727E-01  -55.30  0.000E+00    0.00      1.74518E+00                 0.0000     0.00   LINEAR
  170.00    0.00   4.063E-01  -67.19  0.000E+00    0.00      2.07461E+00                 0.0000     0.00   LINEAR
  172.00    0.00   4.353E-01  -79.25  0.000E+00    0.00      2.38073E+00                 0.0000     0.00   LINEAR
  174.00    0.00   4.587E-01  -91.46  0.000E+00    0.00      2.64393E+00                 0.0000     0.00   LINEAR
  176.00    0.00   4.759E-01 -103.79  0.000E+00    0.00      2.84644E+00                 0.0000     0.00   LINEAR
  178.00    0.00   4.865E-01 -116.23  0.000E+00    0.00      2.97407E+00                 0.0000     0.00   LINEAR
  180.00    0.00   4.900E-01 -128.77  0.000E+00    0.00      3.01766E+00                 0.0000     0.00   LINEAR
  182.00    0.00   4.865E-01 -141.38  0.000E+00    0.00      2.97407E+00                 0.0000   180.00   LINEAR
  184.00    0.00   4.759E-01 -154.05  0.000E+00    0.00      2.84644E+00                 0.0000   180.00   LINEAR
  186.00    0.00   4.587E-01 -166.77  0.000E+00    0.00      2.64393E+00                 0.0000   180.00   LINEAR
  188.00    0.00   4.353E-01 -179.52  0.000E+00    0.00      2.38073E+00                 0.0000   180.00   LINEAR
  190.00    0.00   4.063E-01  167.70  0.000E+00    0.00      2.07461E+00                 0.0000   180.00   LINEAR
  192.00    0.00   3.727E-01  154.90  0.000E+00    0.00      1.74518E+00                 0.0000   180.00   LINEAR
  194.00    0.00   3.352E-01  142.10  0.000E+00    0.00      1.41206E+00                 0.0000   180.00   LINEAR
  196.00    0.00   2.949E-01  129.27  0.000E+00    0.00      1.09320E+00                 0.0000   180.00   LINEAR
  198.00    0.00   2.529E-01  116.43  0.000E+00    0.00      8.03531E-01                 0.0000   180.00   LINEAR
  200.00    0.00   2.100E-01  103.51  0.000E+00    0.00      5.54045E-01                 0.0000   180.00   LINEAR
  202.00    0.00   1.672E-01   90.44  0.000E+00    0.00      3.51376E-01                 0.0000   180.00   LINEAR
  204.00    0.00   1.255E-01   77.02  0.000E+00    0.00      1.97876E-01                 0.0000   180.00   LINEAR
  206.00    0.00   8.560E-02   62.68  0.000E+00    0.00      9.20776E-02                 0.0000   180.00   LINEAR
  208.00    0.00   4.842E-02   45.24  0.000E+00    0.00      2.94588E-02                 0.0000   180.00   LINEAR
  210.00    0.00   1.634E-02    5.88  0.000E+00    0.00      3.35497E-03                 0.0000     0.00   LINEAR
  212.00    0.00   2.168E-02 -116.55  0.000E+00    0.00      5.90897E-03                 0.0000     0.00   LINEAR
  214.00    0.00   4.799E-02 -144.35  0.000E+00    0.00      2.89429E-02                 0.0000   180.00   LINEAR
  216.00    0.00   7.174E-02 -159.81  0.000E+00    0.00      6.46804E-02                 0.0000   180.00   LINEAR
  218.00    0.00   9.196E-02 -172.67  0.000E+00    0.00      1.06275E-01                 0.0000   180.00   LINEAR
  220.00    0.00   1.086E-01  175.55  0.000E+00    0.00      1.48138E-01                 0.0000   180.00   LINEAR
  222.00    0.00   1.217E-01  164.43  0.000E+00    0.00      1.86074E-01                 0.0000   180.00   LINEAR
  224.00    0.00   1.315E-01  153.81  0.000E+00    0.00      2.17265E-01                 0.0000   180.00   LINEAR
  226.00    0.00   1.382E-01  143.61  0.000E+00    0.00      2.40138E-01                 0.0000   180.00   LINEAR
  228.00    0.00   1.422E-01  133.80  0.000E+00    0.00      2.54161E-01                 0.0000   180.00   LINEAR
  230.00    0.00   1.437E-01  124.37  0.000E+00    0.00      2.59609E-01                 0.0000   180.00   LINEAR
  232.00    0.00   1.431E-01  115.32  0.000E+00    0.00      2.57321E-01                 0.0000   180.00   LINEAR
  234.00    0.00   1.406E-01  106.65  0.000E+00    0.00      2.48488E-01                 0.0000   180.00   LINEAR
  236.00    0.00   1.366E-01   98.38  0.000E+00    0.00      2.34465E-01                 0.0000   180.00   LINEAR
  238.00    0.00   1.313E-01   90.50  0.000E+00    0.00      2.16628E-01                 0.0000   180.00   LINEAR
  240.00    0.00   1.250E-01   83.03  0.000E+00    0.00      1.96276E-01                 0.0000   180.00   LINEAR
  242.00    0.00   1.179E-01   75.98  0.000E+00    0.00      1.74560E-01                 0.0000   180.00   LINEAR
  244.00    0.00   1.101E-01   69.36  0.000E+00    0.00      1.52451E-01                 0.0000   180.00   LINEAR
  246.00    0.00   1.020E-01   63.18  0.000E+00    0.00      1.30729E-01                 0.0000   180.00   LINEAR
  248.00    0.00   9.356E-02   57.46  0.000E+00    0.00      1.09990E-01                 0.0000   180.00   LINEAR
  250.00    0.00   8.494E-02   52.19  0.000E+00    0.00      9.06649E-02                 0.0000   180.00   LINEAR
  252.00    0.00   7.624E-02   47.39  0.000E+00    0.00      7.30403E-02                 0.0000   180.00   LINEAR
  254.00    0.00   6.752E-02   43.08  0.000E+00    0.00      5.72891E-02                 0.0000     0.00   LINEAR
  256.00    0.00   5.883E-02   39.25  0.000E+00    0.00      4.34949E-02                 0.0000     0.00   LINEAR
  258.00    0.00   5.021E-02   35.91  0.000E+00    0.00      3.16771E-02                 0.0000     0.00   LINEAR
  260.00    0.00   4.166E-02   33.08  0.000E+00    0.00      2.18125E-02                 0.0000     0.00   LINEAR
  262.00    0.00   3.320E-02   30.75  0.000E+00    0.00      1.38536E-02                 0.0000     0.00   LINEAR
  264.00    0.00   2.482E-02   28.94  0.000E+00    0.00      7.74294E-03                 0.0000     0.00   LINEAR
  266.00    0.00   1.651E-02   27.64  0.000E+00    0.00      3.42477E-03                 0.0000     0.00   LINEAR
  268.00    0.00   8.242E-03   26.86  0.000E+00    0.00      8.53641E-04                 0.0000     0.00   LINEAR
  270.00    0.00   4.335E-17   26.60  0.000E+00    0.00      2.36170E-32                 0.0000     0.00   LINEAR
  272.00    0.00   8.242E-03 -153.14  0.000E+00    0.00      8.53641E-04                 0.0000   180.00   LINEAR
  274.00    0.00   1.651E-02 -152.36  0.000E+00    0.00      3.42477E-03                 0.0000   180.00   LINEAR
  276.00    0.00   2.482E-02 -151.06  0.000E+00    0.00      7.74294E-03                 0.0000   180.00   LINEAR
  278.00    0.00   3.320E-02 -149.25  0.000E+00    0.00      1.38536E-02                 0.0000   180.00   LINEAR
  280.00    0.00   4.166E-02 -146.92  0.000E+00    0.00      2.18125E-02                 0.0000   180.00   LINEAR
  282.00    0.00   5.021E-02 -144.09  0.000E+00    0.00      3.16771E-02                 0.0000   180.00   LINEAR
  284.00    0.00   5.883E-02 -140.75  0.000E+00    0.00      4.34949E-02                 0.0000   180.00   LINEAR
  286.00    0.00   6.752E-02 -136.92  0.000E+00    0.00      5.72891E-02                 0.0000   180.00   LINEAR
  288.00    0.00   7.624E-02 -132.61  0.000E+00    0.00      7.30403E-02                 0.0000     0.00   LINEAR
  290.00    0.00   8.494E-02 -127.81  0.000E+00    0.00      9.06649E-02                 0.0000     0.00   LINEAR
  292.00    0.00   9.356E-02 -122.54  0.000E+00    0.00      1.09990E-01                 0.0000     0.00   LINEAR
  294.00    0.00   1.020E-01 -116.82  0.000E+00    0.00      1.30729E-01                 0.0000     0.00   LINEAR
  296.00    0.00   1.101E-01 -110.64  0.000E+00    0.00      1.52451E-01                 0.0000     0.00   LINEAR
  298.00    0.00   1.179E-01 -104.02  0.000E+00    0.00      1.74560E-01                 0.0000     0.00   LINEAR
  300.00    0.00   1.250E-01  -96.97  0.000E+00    0.00      1.96276E-01                 0.0000     0.00   LINEAR
  302.00    0.00   1.313E-01  -89.50  0.000E+00    0.00      2.16628E-01                 0.0000     0.00   LINEAR
  304.00    0.00   1.366E-01  -81.62  0.000E+00    0.00      2.34465E-01                 0.0000     0.00   LINEAR
  306.00    0.00   1.406E-01  -73.35  0.000E+00    0.00      2.48488E-01                 0.0000     0.00   LINEAR
  308.00    0.00   1.431E-01  -64.68  0.000E+00    0.00      2.57321E-01                 0.0000     0.00   LINEAR
  310.00    0.00   1.437E-01  -55.63  0.000E+00    0.00      2.59609E-01                 0.0000     0.00   LINEAR
  312.00    0.00   1.422E-01  -46.20  0.000E+00    0.00      2.54161E-01                 0.0000     0.00   LINEAR
  314.00    0.00   1.382E-01  -36.39  0.000E+00    0.00      2.40138E-01                 0.0000     0.00   LINEAR
  316.00    0.00   1.315E-01  -26.19  0.000E+00    0.00      2.17265E-01                 0.0000     0.00   LINEAR
  318.00    0.00   1.217E-01  -15.57  0.000E+00    0.00      1.86074E-01                 0.0000     0.00   LINEAR
  320.00    0.00   1.086E-01   -4.45  0.000E+00    0.00      1.48138E-01                 0.0000     0.00   LINEAR
  322.00    0.00   9.196E-02    7.33  0.000E+00    0.00      1.06275E-01                 0.0000     0.00   LINEAR
  324.00    0.00   7.174E-02   20.19  0.000E+00    0.00      6.46804E-02                 0.0000     0.00   LINEAR
  326.00    0.00   4.799E-02   35.65  0.000E+00    0.00      2.89429E-02                 0.0000     0.00   LINEAR
  328.00    0.00   2.168E-02   63.45  0.000E+00    0.00      5.90897E-03                 0.0000   180.00   LINEAR
  330.00    0.00   1.634E-02 -174.12  0.000E+00    0.00      3.35497E-03                 0.0000   180.00   LINEAR
  332.00    0.00   4.842E-02 -134.76  0.000E+00    0.00      2.94588E-02                 0.0000     0.00   LINEAR
  334.00    0.00   8.560E-02 -117.32  0.000E+00    0.00      9.20777E-02                 0.0000     0.00   LINEAR
  336.00    0.00   1.255E-01 -102.98  0.000E+00    0.00      1.97876E-01                 0.0000     0.00   LINEAR
  338.00    0.00   1.672E-01  -89.56  0.000E+00    0.00      3.51376E-01                 0.0000     0.00   LINEAR
  340.00    0.00   2.100E-01  -76.49  0.000E+00    0.00      5.54045E-01                 0.0000     0.00   LINEAR
  342.00    0.00   2.529E-01  -63.57  0.000E+00    0.00      8.03531E-01                 0.0000     0.00   LINEAR
  344.00    0.00   2.949E-01  -50.73  0.000E+00    0.00      1.09320E+00                 0.0000     0.00   LINEAR
  346.00    0.00   3.352E-01  -37.90  0.000E+00    0.00      1.41206E+00                 0.0000     0.00   LINEAR
  348.00    0.00   3.727E-01  -25.10  0.000E+00    0.00      1.74518E+00                 0.0000     0.00   LINEAR
  350.00    0.00   4.063E-01  -12.30  0.000E+00    0.00      2.07461E+00                 0.0000     0.00   LINEAR
  352.00    0.00   4.353E-01    0.48  0.000E+00    0.00      2.38073E+00                 0.0000     0.00   LINEAR
  354.00    0.00   4.587E-01   13.23  0.000E+00    0.00      2.64393E+00                 0.0000     0.00   LINEAR
  356.00    0.00   4.759E-01   25.95  0.000E+00    0.00      2.84644E+00                 0.0000     0.00   LINEAR
  358.00    0.00   4.865E-01   38.62  0.000E+00    0.00      2.97407E+00                 0.0000     0.00   LINEAR
  360.00    0.00   4.900E-01   51.23  0.000E+00    0.00      3.01766E+00                 0.0000   180.00   LINEAR