 0.00    0.00   1.072E+00  112.59  0.000E+00    0.00      1.44503E+01                 0.0000   180.00   LINEAR
    2.00    0.00   1.064E+00  125.18  0.000E+00    0.00      1.42250E+01                 0.0000   180.00   LINEAR
    4.00    0.00   1.039E+00  137.81  0.000E+00    0.00      1.35673E+01                 0.0000   180.00   LINEAR
    6.00    0.00   9.985E-01  150.46  0.000E+00    0.00      1.25287E+01                 0.0000   180.00   LINEAR
    8.00    0.00   9.436E-01  163.13  0.000E+00    0.00      1.11889E+01                 0.0000   180.00   LINEAR
   10.00    0.00   8.761E-01  175.81  0.000E+00    0.00      9.64625E+00                 0.0000   180.00   LINEAR
   12.00    0.00   7.982E-01 -171.50  0.000E+00    0.00      8.00731E+00                 0.0000   180.00   LINEAR
   14.00    0.00   7.123E-01 -158.77  0.000E+00    0.00      6.37607E+00                 0.0000   180.00   LINEAR
   16.00    0.00   6.209E-01 -145.96  0.000E+00    0.00      4.84424E+00                 0.0000   180.00   LINEAR
   18.00    0.00   5.265E-01 -133.02  0.000E+00    0.00      3.48400E+00                 0.0000     0.00   LINEAR
   20.00    0.00   4.319E-01 -119.80  0.000E+00    0.00      2.34364E+00                 0.0000     0.00   LINEAR
   22.00    0.00   3.393E-01 -106.04  0.000E+00    0.00      1.44655E+00                 0.0000     0.00   LINEAR
   24.00    0.00   2.512E-01  -91.14  0.000E+00    0.00      7.92945E-01                 0.0000     0.00   LINEAR
   26.00    0.00   1.702E-01  -73.52  0.000E+00    0.00      3.63896E-01                 0.0000     0.00   LINEAR
   28.00    0.00   1.004E-01  -47.96  0.000E+00    0.00      1.26713E-01                 0.0000     0.00   LINEAR
   30.00    0.00   5.697E-02    4.44  0.000E+00    0.00      4.07909E-02                 0.0000     0.00   LINEAR
   32.00    0.00   7.088E-02   69.99  0.000E+00    0.00      6.31305E-02                 0.0000   180.00   LINEAR
   34.00    0.00   1.103E-01  101.53  0.000E+00    0.00      1.52930E-01                 0.0000   180.00   LINEAR
   36.00    0.00   1.479E-01  119.97  0.000E+00    0.00      2.74905E-01                 0.0000   180.00   LINEAR
   38.00    0.00   1.787E-01  134.02  0.000E+00    0.00      4.01228E-01                 0.0000   180.00   LINEAR
   40.00    0.00   2.019E-01  146.04  0.000E+00    0.00      5.12198E-01                 0.0000   180.00   LINEAR
   42.00    0.00   2.178E-01  156.88  0.000E+00    0.00      5.95876E-01                 0.0000   180.00   LINEAR
   44.00    0.00   2.269E-01  166.89  0.000E+00    0.00      6.47003E-01                 0.0000   180.00   LINEAR
   46.00    0.00   2.301E-01  176.26  0.000E+00    0.00      6.65515E-01                 0.0000   180.00   LINEAR
   48.00    0.00   2.283E-01 -174.94  0.000E+00    0.00      6.54955E-01                 0.0000   180.00   LINEAR
   50.00    0.00   2.223E-01 -166.65  0.000E+00    0.00      6.20968E-01                 0.0000   180.00   LINEAR
   52.00    0.00   2.130E-01 -158.84  0.000E+00    0.00      5.70057E-01                 0.0000   180.00   LINEAR
   54.00    0.00   2.012E-01 -151.51  0.000E+00    0.00      5.08626E-01                 0.0000   180.00   LINEAR
   56.00    0.00   1.876E-01 -144.64  0.000E+00    0.00      4.42358E-01                 0.0000   180.00   LINEAR
   58.00    0.00   1.729E-01 -138.23  0.000E+00    0.00      3.75865E-01                 0.0000   180.00   LINEAR
   60.00    0.00   1.577E-01 -132.28  0.000E+00    0.00      3.12567E-01                 0.0000     0.00   LINEAR
   62.00    0.00   1.424E-01 -126.80  0.000E+00    0.00      2.54742E-01                 0.0000     0.00   LINEAR
   64.00    0.00   1.273E-01 -121.78  0.000E+00    0.00      2.03672E-01                 0.0000     0.00   LINEAR
   66.00    0.00   1.128E-01 -117.23  0.000E+00    0.00      1.59842E-01                 0.0000     0.00   LINEAR
   68.00    0.00   9.899E-02 -113.13  0.000E+00    0.00      1.23149E-01                 0.0000     0.00   LINEAR
   70.00    0.00   8.607E-02 -109.49  0.000E+00    0.00      9.30977E-02                 0.0000     0.00   LINEAR
   72.00    0.00   7.408E-02 -106.30  0.000E+00    0.00      6.89665E-02                 0.0000     0.00   LINEAR
   74.00    0.00   6.304E-02 -103.53  0.000E+00    0.00      4.99351E-02                 0.0000     0.00   LINEAR
   76.00    0.00   5.291E-02 -101.18  0.000E+00    0.00      3.51787E-02                 0.0000     0.00   LINEAR
   78.00    0.00   4.364E-02  -99.23  0.000E+00    0.00      2.39288E-02                 0.0000     0.00   LINEAR
   80.00    0.00   3.513E-02  -97.63  0.000E+00    0.00      1.55101E-02                 0.0000     0.00   LINEAR
   82.00    0.00   2.729E-02  -96.38  0.000E+00    0.00      9.35716E-03                 0.0000     0.00   LINEAR
   84.00    0.00   1.998E-02  -95.44  0.000E+00    0.00      5.01850E-03                 0.0000     0.00   LINEAR
   86.00    0.00   1.309E-02  -94.79  0.000E+00    0.00      2.15379E-03                 0.0000     0.00   LINEAR
   88.00    0.00   6.476E-03  -94.41  0.000E+00    0.00      5.27067E-04                 0.0000     0.00   LINEAR
   90.00    0.00   1.132E-17  -94.28  0.000E+00    0.00      1.61025E-33                 0.0000     0.00   LINEAR
   92.00    0.00   6.476E-03   85.59  0.000E+00    0.00      5.27068E-04                 0.0000   180.00   LINEAR
   94.00    0.00   1.309E-02   85.21  0.000E+00    0.00      2.15380E-03                 0.0000   180.00   LINEAR
   96.00    0.00   1.998E-02   84.56  0.000E+00    0.00      5.01852E-03                 0.0000   180.00   LINEAR
   98.00    0.00   2.729E-02   83.62  0.000E+00    0.00      9.35720E-03                 0.0000   180.00   LINEAR
  100.00    0.00   3.513E-02   82.37  0.000E+00    0.00      1.55102E-02                 0.0000   180.00   LINEAR
  102.00    0.00   4.364E-02   80.78  0.000E+00    0.00      2.39289E-02                 0.0000   180.00   LINEAR
  104.00    0.00   5.291E-02   78.82  0.000E+00    0.00      3.51788E-02                 0.0000   180.00   LINEAR
  106.00    0.00   6.304E-02   76.47  0.000E+00    0.00      4.99353E-02                 0.0000   180.00   LINEAR
  108.00    0.00   7.408E-02   73.70  0.000E+00    0.00      6.89667E-02                 0.0000   180.00   LINEAR
  110.00    0.00   8.607E-02   70.51  0.000E+00    0.00      9.30979E-02                 0.0000   180.00   LINEAR
  112.00    0.00   9.899E-02   66.87  0.000E+00    0.00      1.23149E-01                 0.0000   180.00   LINEAR
  114.00    0.00   1.128E-01   62.77  0.000E+00    0.00      1.59842E-01                 0.0000   180.00   LINEAR
  116.00    0.00   1.273E-01   58.22  0.000E+00    0.00      2.03672E-01                 0.0000   180.00   LINEAR
  118.00    0.00   1.424E-01   53.20  0.000E+00    0.00      2.54742E-01                 0.0000   180.00   LINEAR
  120.00    0.00   1.577E-01   47.72  0.000E+00    0.00      3.12566E-01                 0.0000   180.00   LINEAR
  122.00    0.00   1.729E-01   41.77  0.000E+00    0.00      3.75864E-01                 0.0000     0.00   LINEAR
  124.00    0.00   1.876E-01   35.36  0.000E+00    0.00      4.42357E-01                 0.0000     0.00   LINEAR
  126.00    0.00   2.012E-01   28.49  0.000E+00    0.00      5.08624E-01                 0.0000     0.00   LINEAR
  128.00    0.00   2.130E-01   21.15  0.000E+00    0.00      5.70055E-01                 0.0000     0.00   LINEAR
  130.00    0.00   2.223E-01   13.35  0.000E+00    0.00      6.20966E-01                 0.0000     0.00   LINEAR
  132.00    0.00   2.283E-01    5.06  0.000E+00    0.00      6.54953E-01                 0.0000     0.00   LINEAR
  134.00    0.00   2.301E-01   -3.74  0.000E+00    0.00      6.65513E-01                 0.0000     0.00   LINEAR
  136.00    0.00   2.269E-01  -13.11  0.000E+00    0.00      6.47001E-01                 0.0000     0.00   LINEAR
  138.00    0.00   2.178E-01  -23.12  0.000E+00    0.00      5.95875E-01                 0.0000     0.00   LINEAR
  140.00    0.00   2.019E-01  -33.96  0.000E+00    0.00      5.12197E-01                 0.0000     0.00   LINEAR
  142.00    0.00   1.787E-01  -45.98  0.000E+00    0.00      4.01228E-01                 0.0000     0.00   LINEAR
  144.00    0.00   1.479E-01  -60.03  0.000E+00    0.00      2.74906E-01                 0.0000     0.00   LINEAR
  146.00    0.00   1.103E-01  -78.47  0.000E+00    0.00      1.52931E-01                 0.0000     0.00   LINEAR
  148.00    0.00   7.088E-02 -110.01  0.000E+00    0.00      6.31318E-02                 0.0000     0.00   LINEAR
  150.00    0.00   5.697E-02 -175.55  0.000E+00    0.00      4.07922E-02                 0.0000   180.00   LINEAR
  152.00    0.00   1.004E-01  132.04  0.000E+00    0.00      1.26714E-01                 0.0000   180.00   LINEAR
  154.00    0.00   1.702E-01  106.48  0.000E+00    0.00      3.63897E-01                 0.0000   180.00   LINEAR
  156.00    0.00   2.512E-01   88.86  0.000E+00    0.00      7.92945E-01                 0.0000   180.00   LINEAR
  158.00    0.00   3.393E-01   73.96  0.000E+00    0.00      1.44655E+00                 0.0000   180.00   LINEAR
  160.00    0.00   4.319E-01   60.20  0.000E+00    0.00      2.34364E+00                 0.0000   180.00   LINEAR
  162.00    0.00   5.265E-01   46.98  0.000E+00    0.00      3.48400E+00                 0.0000   180.00   LINEAR
  164.00    0.00   6.209E-01   34.04  0.000E+00    0.00      4.84425E+00                 0.0000     0.00   LINEAR
  166.00    0.00   7.123E-01   21.23  0.000E+00    0.00      6.37607E+00                 0.0000     0.00   LINEAR
  168.00    0.00   7.982E-01    8.50  0.000E+00    0.00      8.00731E+00                 0.0000     0.00   LINEAR
  170.00    0.00   8.761E-01   -4.19  0.000E+00    0.00      9.64625E+00                 0.0000     0.00   LINEAR
  172.00    0.00   9.436E-01  -16.87  0.000E+00    0.00      1.11889E+01                 0.0000     0.00   LINEAR
  174.00    0.00   9.985E-01  -29.54  0.000E+00    0.00      1.25287E+01                 0.0000     0.00   LINEAR
  176.00    0.00   1.039E+00  -42.19  0.000E+00    0.00      1.35673E+01                 0.0000     0.00   LINEAR
  178.00    0.00   1.064E+00  -54.82  0.000E+00    0.00      1.42251E+01                 0.0000     0.00   LINEAR
  180.00    0.00   1.072E+00  -67.41  0.000E+00    0.00      1.44503E+01                 0.0000     0.00   LINEAR
  182.00    0.00   1.064E+00  -79.96  0.000E+00    0.00      1.42251E+01                 0.0000     0.00   LINEAR
  184.00    0.00   1.039E+00  -92.45  0.000E+00    0.00      1.35673E+01                 0.0000     0.00   LINEAR
  186.00    0.00   9.985E-01 -104.85  0.000E+00    0.00      1.25287E+01                 0.0000     0.00   LINEAR
  188.00    0.00   9.436E-01 -117.15  0.000E+00    0.00      1.11889E+01                 0.0000     0.00   LINEAR
  190.00    0.00   8.761E-01 -129.31  0.000E+00    0.00      9.64625E+00                 0.0000     0.00   LINEAR
  192.00    0.00   7.982E-01 -141.30  0.000E+00    0.00      8.00731E+00                 0.0000   180.00   LINEAR
  194.00    0.00   7.123E-01 -153.07  0.000E+00    0.00      6.37607E+00                 0.0000   180.00   LINEAR
  196.00    0.00   6.209E-01 -164.56  0.000E+00    0.00      4.84424E+00                 0.0000   180.00   LINEAR
  198.00    0.00   5.265E-01 -175.67  0.000E+00    0.00      3.48400E+00                 0.0000   180.00   LINEAR
  200.00    0.00   4.319E-01  173.77  0.000E+00    0.00      2.34364E+00                 0.0000   180.00   LINEAR
  202.00    0.00   3.393E-01  164.06  0.000E+00    0.00      1.44655E+00                 0.0000   180.00   LINEAR
  204.00    0.00   2.512E-01  155.81  0.000E+00    0.00      7.92945E-01                 0.0000   180.00   LINEAR
  206.00    0.00   1.702E-01  150.64  0.000E+00    0.00      3.63897E-01                 0.0000   180.00   LINEAR
  208.00    0.00   1.004E-01  153.79  0.000E+00    0.00      1.26714E-01                 0.0000   180.00   LINEAR
  210.00    0.00   5.697E-02 -175.80  0.000E+00    0.00      4.07922E-02                 0.0000   180.00   LINEAR
  212.00    0.00   7.088E-02 -131.82  0.000E+00    0.00      6.31318E-02                 0.0000     0.00   LINEAR
  214.00    0.00   1.103E-01 -121.37  0.000E+00    0.00      1.52931E-01                 0.0000     0.00   LINEAR
  216.00    0.00   1.479E-01 -123.53  0.000E+00    0.00      2.74906E-01                 0.0000     0.00   LINEAR
  218.00    0.00   1.787E-01 -129.57  0.000E+00    0.00      4.01228E-01                 0.0000     0.00   LINEAR
  220.00    0.00   2.019E-01 -137.09  0.000E+00    0.00      5.12197E-01                 0.0000   180.00   LINEAR
  222.00    0.00   2.178E-01 -145.23  0.000E+00    0.00      5.95875E-01                 0.0000   180.00   LINEAR
  224.00    0.00   2.269E-01 -153.61  0.000E+00    0.00      6.47001E-01                 0.0000   180.00   LINEAR
  226.00    0.00   2.301E-01 -162.03  0.000E+00    0.00      6.65513E-01                 0.0000   180.00   LINEAR
  228.00    0.00   2.283E-01 -170.38  0.000E+00    0.00      6.54953E-01                 0.0000   180.00   LINEAR
  230.00    0.00   2.223E-01 -178.59  0.000E+00    0.00      6.20966E-01                 0.0000   180.00   LINEAR
  232.00    0.00   2.130E-01  173.39  0.000E+00    0.00      5.70055E-01                 0.0000   180.00   LINEAR
  234.00    0.00   2.012E-01  165.59  0.000E+00    0.00      5.08624E-01                 0.0000   180.00   LINEAR
  236.00    0.00   1.876E-01  158.04  0.000E+00    0.00      4.42357E-01                 0.0000   180.00   LINEAR
  238.00    0.00   1.729E-01  150.75  0.000E+00    0.00      3.75864E-01                 0.0000   180.00   LINEAR
  240.00    0.00   1.577E-01  143.75  0.000E+00    0.00      3.12566E-01                 0.0000   180.00   LINEAR
  242.00    0.00   1.424E-01  137.04  0.000E+00    0.00      2.54742E-01                 0.0000   180.00   LINEAR
  244.00    0.00   1.273E-01  130.64  0.000E+00    0.00      2.03672E-01                 0.0000   180.00   LINEAR
  246.00    0.00   1.128E-01  124.57  0.000E+00    0.00      1.59842E-01                 0.0000   180.00   LINEAR
  248.00    0.00   9.899E-02  118.83  0.000E+00    0.00      1.23149E-01                 0.0000   180.00   LINEAR
  250.00    0.00   8.607E-02  113.46  0.000E+00    0.00      9.30979E-02                 0.0000   180.00   LINEAR
  252.00    0.00   7.408E-02  108.47  0.000E+00    0.00      6.89667E-02                 0.0000   180.00   LINEAR
  254.00    0.00   6.304E-02  103.88  0.000E+00    0.00      4.99353E-02                 0.0000   180.00   LINEAR
  256.00    0.00   5.291E-02   99.72  0.000E+00    0.00      3.51788E-02                 0.0000   180.00   LINEAR
  258.00    0.00   4.364E-02   96.02  0.000E+00    0.00      2.39289E-02                 0.0000   180.00   LINEAR
  260.00    0.00   3.513E-02   92.81  0.000E+00    0.00      1.55102E-02                 0.0000   180.00   LINEAR
  262.00    0.00   2.729E-02   90.13  0.000E+00    0.00      9.35720E-03                 0.0000   180.00   LINEAR
  264.00    0.00   1.998E-02   88.01  0.000E+00    0.00      5.01852E-03                 0.0000   180.00   LINEAR
  266.00    0.00   1.309E-02   86.47  0.000E+00    0.00      2.15380E-03                 0.0000   180.00   LINEAR
  268.00    0.00   6.476E-03   85.53  0.000E+00    0.00      5.27068E-04                 0.0000   180.00   LINEAR
  270.00    0.00   3.396E-17   85.22  0.000E+00    0.00      1.44922E-32                 0.0000   180.00   LINEAR
  272.00    0.00   6.476E-03  -94.47  0.000E+00    0.00      5.27067E-04                 0.0000     0.00   LINEAR
  274.00    0.00   1.309E-02  -93.53  0.000E+00    0.00      2.15379E-03                 0.0000     0.00   LINEAR
  276.00    0.00   1.998E-02  -91.99  0.000E+00    0.00      5.01850E-03                 0.0000     0.00   LINEAR
  278.00    0.00   2.729E-02  -89.87  0.000E+00    0.00      9.35716E-03                 0.0000     0.00   LINEAR
  280.00    0.00   3.513E-02  -87.19  0.000E+00    0.00      1.55102E-02                 0.0000     0.00   LINEAR
  282.00    0.00   4.364E-02  -83.98  0.000E+00    0.00      2.39288E-02                 0.0000     0.00   LINEAR
  284.00    0.00   5.291E-02  -80.28  0.000E+00    0.00      3.51787E-02                 0.0000     0.00   LINEAR
  286.00    0.00   6.304E-02  -76.12  0.000E+00    0.00      4.99351E-02                 0.0000     0.00   LINEAR
  288.00    0.00   7.408E-02  -71.53  0.000E+00    0.00      6.89665E-02                 0.0000     0.00   LINEAR
  290.00    0.00   8.607E-02  -66.54  0.000E+00    0.00      9.30977E-02                 0.0000     0.00   LINEAR
  292.00    0.00   9.899E-02  -61.17  0.000E+00    0.00      1.23149E-01                 0.0000     0.00   LINEAR
  294.00    0.00   1.128E-01  -55.43  0.000E+00    0.00      1.59842E-01                 0.0000     0.00   LINEAR
  296.00    0.00   1.273E-01  -49.36  0.000E+00    0.00      2.03672E-01                 0.0000     0.00   LINEAR
  298.00    0.00   1.424E-01  -42.96  0.000E+00    0.00      2.54742E-01                 0.0000     0.00   LINEAR
  300.00    0.00   1.577E-01  -36.25  0.000E+00    0.00      3.12567E-01                 0.0000     0.00   LINEAR
  302.00    0.00   1.729E-01  -29.25  0.000E+00    0.00      3.75865E-01                 0.0000     0.00   LINEAR
  304.00    0.00   1.876E-01  -21.96  0.000E+00    0.00      4.42358E-01                 0.0000     0.00   LINEAR
  306.00    0.00   2.012E-01  -14.40  0.000E+00    0.00      5.08626E-01                 0.0000     0.00   LINEAR
  308.00    0.00   2.130E-01   -6.61  0.000E+00    0.00      5.70057E-01                 0.0000     0.00   LINEAR
  310.00    0.00   2.223E-01    1.42  0.000E+00    0.00      6.20968E-01                 0.0000     0.00   LINEAR
  312.00    0.00   2.283E-01    9.62  0.000E+00    0.00      6.54955E-01                 0.0000     0.00   LINEAR
  314.00    0.00   2.301E-01   17.97  0.000E+00    0.00      6.65515E-01                 0.0000     0.00   LINEAR
  316.00    0.00   2.269E-01   26.39  0.000E+00    0.00      6.47003E-01                 0.0000     0.00   LINEAR
  318.00    0.00   2.178E-01   34.77  0.000E+00    0.00      5.95876E-01                 0.0000     0.00   LINEAR
  320.00    0.00   2.019E-01   42.91  0.000E+00    0.00      5.12198E-01                 0.0000     0.00   LINEAR
  322.00    0.00   1.787E-01   50.43  0.000E+00    0.00      4.01228E-01                 0.0000   180.00   LINEAR
  324.00    0.00   1.479E-01   56.47  0.000E+00    0.00      2.74905E-01                 0.0000   180.00   LINEAR
  326.00    0.00   1.103E-01   58.63  0.000E+00    0.00      1.52930E-01                 0.0000   180.00   LINEAR
  328.00    0.00   7.088E-02   48.18  0.000E+00    0.00      6.31305E-02                 0.0000   180.00   LINEAR
  330.00    0.00   5.697E-02    4.19  0.000E+00    0.00      4.07908E-02                 0.0000     0.00   LINEAR
  332.00    0.00   1.004E-01  -26.22  0.000E+00    0.00      1.26713E-01                 0.0000     0.00   LINEAR
  334.00    0.00   1.702E-01  -29.37  0.000E+00    0.00      3.63896E-01                 0.0000     0.00   LINEAR
  336.00    0.00   2.512E-01  -24.19  0.000E+00    0.00      7.92945E-01                 0.0000     0.00   LINEAR
  338.00    0.00   3.393E-01  -15.95  0.000E+00    0.00      1.44655E+00                 0.0000     0.00   LINEAR
  340.00    0.00   4.319E-01   -6.23  0.000E+00    0.00      2.34364E+00                 0.0000     0.00   LINEAR
  342.00    0.00   5.265E-01    4.33  0.000E+00    0.00      3.48400E+00                 0.0000     0.00   LINEAR
  344.00    0.00   6.209E-01   15.44  0.000E+00    0.00      4.84424E+00                 0.0000     0.00   LINEAR
  346.00    0.00   7.123E-01   26.93  0.000E+00    0.00      6.37607E+00                 0.0000     0.00   LINEAR
  348.00    0.00   7.982E-01   38.70  0.000E+00    0.00      8.00731E+00                 0.0000     0.00   LINEAR
  350.00    0.00   8.761E-01   50.69  0.000E+00    0.00      9.64625E+00                 0.0000   180.00   LINEAR
  352.00    0.00   9.436E-01   62.85  0.000E+00    0.00      1.11889E+01                 0.0000   180.00   LINEAR
  354.00    0.00   9.985E-01   75.15  0.000E+00    0.00      1.25287E+01                 0.0000   180.00   LINEAR
  356.00    0.00   1.039E+00   87.55  0.000E+00    0.00      1.35673E+01                 0.0000   180.00   LINEAR
  358.00    0.00   1.064E+00  100.04  0.000E+00    0.00      1.42250E+01                 0.0000   180.00   LINEAR
  360.00    0.00   1.072E+00  112.59  0.000E+00    0.00      1.44503E+01                 0.0000   180.00   LINEAR
