 0.00    0.00   6.884E-01  151.43  5.223E-06  -33.67      5.95599E+00                 0.0000   180.00   LINEAR
    2.00    0.00   6.829E-01  163.96  2.800E-02   -2.91      5.87048E+00                 0.0093   177.71   LINEAR
    4.00    0.00   6.665E-01  176.38  5.474E-02    9.57      5.61973E+00                 0.0186   175.43   RIGHT 
    6.00    0.00   6.397E-01 -171.32  7.901E-02   21.97      5.22089E+00                 0.0280   173.14   RIGHT 
    8.00    0.00   6.034E-01 -159.16  9.974E-02   34.27      4.70081E+00                 0.0374   170.85   RIGHT 
   10.00    0.00   5.588E-01 -147.15  1.160E-01   46.44      4.09346E+00                 0.0469   168.57   RIGHT 
   12.00    0.00   5.073E-01 -135.34  1.271E-01   58.47      3.43691E+00                 0.0564   -13.72   RIGHT 
   14.00    0.00   4.504E-01 -123.73  1.325E-01   70.33      2.77003E+00                 0.0660   -16.00   RIGHT 
   16.00    0.00   3.899E-01 -112.36  1.320E-01   81.97      2.12922E+00                 0.0756   -18.27   RIGHT 
   18.00    0.00   3.274E-01 -101.28  1.258E-01   93.35      1.54572E+00                 0.0852   -20.54   RIGHT 
   20.00    0.00   2.647E-01  -90.55  1.139E-01  104.40      1.04350E+00                 0.0945   -22.79   RIGHT 
   22.00    0.00   2.034E-01  -80.28  9.704E-02  114.95      6.38038E-01                 0.1031   -25.01   RIGHT 
   24.00    0.00   1.449E-01  -70.69  7.584E-02  124.66      3.36045E-01                 0.1101   -27.14   RIGHT 
   26.00    0.00   9.052E-02  -62.44  5.126E-02  132.48      1.35990E-01                 0.1118   -29.09   RIGHT 
   28.00    0.00   4.154E-02  -58.81  2.469E-02  132.61      2.93416E-02                 0.0876   -30.48   RIGHT 
   30.00    0.00   8.788E-03 -147.21  1.025E-02   39.13      2.29030E-03                 0.0548   130.59   RIGHT 
   32.00    0.00   4.111E-02  162.97  3.621E-02    6.99      3.77103E-02                 0.2108   138.97   RIGHT 
   34.00    0.00   7.159E-02  166.67  6.477E-02   10.92      1.17125E-01                 0.2136   138.14   RIGHT 
   36.00    0.00   9.586E-02  173.19  9.227E-02   18.34      2.22468E-01                 0.2229   136.21   RIGHT 
   38.00    0.00   1.140E-01 -179.91  1.177E-01   26.57      3.37501E-01                 0.2352   133.97   RIGHT 
   40.00    0.00   1.265E-01 -173.22  1.404E-01   34.95      4.48789E-01                 0.2493   131.60   RIGHT 
   42.00    0.00   1.338E-01 -166.94  1.599E-01   43.24      5.46233E-01                 0.2648   129.15   RIGHT 
   44.00    0.00   1.368E-01 -161.23  1.757E-01   51.31      6.23179E-01                 0.2814   126.65   RIGHT 
   46.00    0.00   1.362E-01 -156.18  1.878E-01   59.10      6.76192E-01                 0.2991   -55.90   RIGHT 
   48.00    0.00   1.329E-01 -151.87  1.960E-01   66.55      7.04587E-01                 0.3178   -58.48   RIGHT 
   50.00    0.00   1.276E-01 -148.36  2.005E-01   73.63      7.09819E-01                 0.3375   -61.09   RIGHT 
   52.00    0.00   1.211E-01 -145.69  2.015E-01   80.29      6.94837E-01                 0.3583   -63.71   RIGHT 
   54.00    0.00   1.141E-01 -143.87  1.994E-01   86.50      6.63454E-01                 0.3800   -66.32   RIGHT 
   56.00    0.00   1.072E-01 -142.85  1.945E-01   92.23      6.19822E-01                 0.4028   -68.92   RIGHT 
   58.00    0.00   1.006E-01 -142.53  1.873E-01   97.43      5.68006E-01                 0.4264   -71.46   RIGHT 
   60.00    0.00   9.460E-02 -142.75  1.782E-01  102.06      5.11688E-01                 0.4509   -73.92   RIGHT 
   62.00    0.00   8.924E-02 -143.32  1.678E-01  106.07      4.53990E-01                 0.4759   -76.22   RIGHT 
   64.00    0.00   8.440E-02 -144.05  1.565E-01  109.42      3.97395E-01                 0.5010   -78.31   RIGHT 
   66.00    0.00   7.988E-02 -144.78  1.448E-01  112.06      3.43744E-01                 0.5255   -80.07   RIGHT 
   68.00    0.00   7.544E-02 -145.37  1.331E-01  113.92      2.94289E-01                 0.5480   -81.38   RIGHT 
   70.00    0.00   7.086E-02 -145.79  1.219E-01  114.97      2.49779E-01                 0.5665   -82.12   RIGHT 
   72.00    0.00   6.595E-02 -146.00  1.114E-01  115.18      2.10558E-01                 0.5779   -82.19   RIGHT 
   74.00    0.00   6.057E-02 -146.03  1.019E-01  114.57      1.76668E-01                 0.5780   -81.65   RIGHT 
   76.00    0.00   5.464E-02 -145.93  9.374E-02  113.20      1.47940E-01                 0.5624   -80.79   RIGHT 
   78.00    0.00   4.813E-02 -145.72  8.693E-02  111.23      1.24078E-01                 0.5279   -80.09   RIGHT 
   80.00    0.00   4.107E-02 -145.47  8.152E-02  108.87      1.04719E-01                 0.4737   -79.99   RIGHT 
   82.00    0.00   3.351E-02 -145.21  7.745E-02  106.40      8.94922E-02                 0.4016   -80.72   RIGHT 
   84.00    0.00   2.552E-02 -144.97  7.457E-02  104.12      7.80511E-02                 0.3145   -82.27   RIGHT 
   86.00    0.00   1.719E-02 -144.80  7.269E-02  102.29      7.01035E-02                 0.2159   -84.48   RIGHT 
   88.00    0.00   8.634E-03 -144.75  7.164E-02  101.11      6.54295E-02                 0.1097   -87.14   RIGHT 
   90.00    0.00   4.271E-05   66.39  7.131E-02  100.70      6.38926E-02                 0.0003   -90.03   LINEAR
   92.00    0.00   8.707E-03   35.53  7.164E-02  101.11      6.54463E-02                 0.1104   -92.91   LEFT  
   94.00    0.00   1.726E-02   35.33  7.269E-02  102.29      7.01361E-02                 0.2166   -95.57   LEFT  
   96.00    0.00   2.559E-02   35.11  7.457E-02  104.12      7.80973E-02                 0.3151   -97.78   LEFT  
   98.00    0.00   3.358E-02   34.84  7.745E-02  106.40      8.95490E-02                 0.4022   -99.33   LEFT  
  100.00    0.00   4.114E-02   34.56  8.152E-02  108.87      1.04782E-01                 0.4743  -100.06   LEFT  
  102.00    0.00   4.819E-02   34.29  8.693E-02  111.23      1.24142E-01                 0.5284   -99.94   LEFT  
  104.00    0.00   5.469E-02   34.07  9.374E-02  113.20      1.48001E-01                 0.5629   -99.23   LEFT  
  106.00    0.00   6.061E-02   33.96  1.019E-01  114.57      1.76718E-01                 0.5784   -98.35   LEFT  
  108.00    0.00   6.598E-02   33.98  1.114E-01  115.18      2.10591E-01                 0.5783   -97.80   LEFT  
  110.00    0.00   7.088E-02   34.19  1.219E-01  114.97      2.49788E-01                 0.5668   -97.86   LEFT  
  112.00    0.00   7.545E-02   34.60  1.331E-01  113.93      2.94270E-01                 0.5482   -98.59   LEFT  
  114.00    0.00   7.987E-02   35.19  1.448E-01  112.07      3.43691E-01                 0.5256   -99.90   LEFT  
  116.00    0.00   8.437E-02   35.91  1.565E-01  109.44      3.97306E-01                 0.5011  -101.66   LEFT  
  118.00    0.00   8.919E-02   36.64  1.678E-01  106.09      4.53864E-01                 0.4759  -103.74   LEFT  
  120.00    0.00   9.453E-02   37.22  1.782E-01  102.07      5.11528E-01                 0.4509  -106.05   LEFT  
  122.00    0.00   1.005E-01   37.45  1.873E-01   97.45      5.67817E-01                 0.4264  -108.50   LEFT  
  124.00    0.00   1.071E-01   37.14  1.945E-01   92.25      6.19613E-01                 0.4027  -111.05   LEFT  
  126.00    0.00   1.140E-01   36.13  1.994E-01   86.53      6.63236E-01                 0.3800  -113.64   LEFT  
  128.00    0.00   1.210E-01   34.31  2.016E-01   80.32      6.94623E-01                 0.3582  -116.26   LEFT  
  130.00    0.00   1.275E-01   31.65  2.005E-01   73.66      7.09624E-01                 0.3375  -118.88   LEFT  
  132.00    0.00   1.328E-01   28.14  1.960E-01   66.59      7.04423E-01                 0.3178  -121.49   LEFT  
  134.00    0.00   1.361E-01   23.83  1.878E-01   59.14      6.76071E-01                 0.2992  -124.07   LEFT  
  136.00    0.00   1.367E-01   18.78  1.758E-01   51.35      6.23108E-01                 0.2815    53.38   LEFT  
  138.00    0.00   1.338E-01   13.07  1.599E-01   43.28      5.46213E-01                 0.2650    50.87   LEFT  
  140.00    0.00   1.264E-01    6.80  1.405E-01   34.99      4.48815E-01                 0.2496    48.42   LEFT  
  142.00    0.00   1.140E-01    0.10  1.178E-01   26.62      3.37561E-01                 0.2355    46.04   LEFT  
  144.00    0.00   9.586E-02   -6.79  9.231E-02   18.40      2.22547E-01                 0.2233    43.81   LEFT  
  146.00    0.00   7.160E-02  -13.32  6.481E-02   10.98      1.17201E-01                 0.2141    41.87   LEFT  
  148.00    0.00   4.113E-02  -17.02  3.624E-02    7.07      3.77640E-02                 0.2116    41.04   LEFT  
  150.00    0.00   8.803E-03   32.59  1.029E-02   39.22      2.30376E-03                 0.0572    49.48   LEFT  
  152.00    0.00   4.150E-02  121.18  2.470E-02  132.56      2.93041E-02                 0.0874  -149.48   LEFT  
  154.00    0.00   9.047E-02  117.56  5.127E-02  132.48      1.35901E-01                 0.1118  -150.90   LEFT  
  156.00    0.00   1.448E-01  109.31  7.586E-02  124.67      3.35916E-01                 0.1102  -152.85   LEFT  
  158.00    0.00   2.033E-01   99.72  9.706E-02  114.97      6.37894E-01                 0.1033  -154.98   LEFT  
  160.00    0.00   2.647E-01   89.44  1.140E-01  104.42      1.04338E+00                 0.0947  -157.20   LEFT  
  162.00    0.00   3.274E-01   78.71  1.258E-01   93.39      1.54567E+00                 0.0854  -159.45   LEFT  
  164.00    0.00   3.899E-01   67.63  1.321E-01   82.00      2.12929E+00                 0.0759  -161.72   LEFT  
  166.00    0.00   4.504E-01   56.26  1.325E-01   70.36      2.77026E+00                 0.0663  -164.00   LEFT  
  168.00    0.00   5.073E-01   44.65  1.271E-01   58.51      3.43736E+00                 0.0566  -166.28   LEFT  
  170.00    0.00   5.589E-01   32.84  1.160E-01   46.48      4.09414E+00                 0.0471    11.43   LEFT  
  172.00    0.00   6.035E-01   20.83  9.979E-02   34.31      4.70174E+00                 0.0376     9.15   LEFT  
  174.00    0.00   6.398E-01    8.67  7.906E-02   22.02      5.22207E+00                 0.0281     6.86   LEFT  
  176.00    0.00   6.666E-01   -3.63  5.478E-02    9.62      5.62111E+00                 0.0187     4.57   LEFT  
  178.00    0.00   6.830E-01  -16.06  2.803E-02   -2.85      5.87204E+00                 0.0094     2.29   LINEAR
  180.00    0.00   6.885E-01  -28.58  2.067E-05    8.52      5.95765E+00                 0.0000     0.00   LINEAR
  182.00    0.00   6.830E-01  -41.20  2.799E-02  151.97      5.87203E+00                 0.0093    -2.29   LINEAR
  184.00    0.00   6.666E-01  -53.89  5.474E-02  139.34      5.62110E+00                 0.0187    -4.57   RIGHT 
  186.00    0.00   6.398E-01  -66.64  7.902E-02  126.69      5.22203E+00                 0.0281    -6.86   RIGHT 
  188.00    0.00   6.035E-01  -79.44  9.976E-02  114.03      4.70166E+00                 0.0375    -9.15   RIGHT 
  190.00    0.00   5.589E-01  -92.27  1.160E-01  101.36      4.09400E+00                 0.0470   -11.43   RIGHT 
  192.00    0.00   5.073E-01 -105.14  1.271E-01   88.70      3.43714E+00                 0.0566   -13.72   RIGHT 
  194.00    0.00   4.504E-01 -118.03  1.325E-01   76.05      2.76996E+00                 0.0662   -16.00   RIGHT 
  196.00    0.00   3.898E-01 -130.96  1.321E-01   63.40      2.12891E+00                 0.0758   -18.28   RIGHT 
  198.00    0.00   3.273E-01 -143.92  1.258E-01   50.73      1.54523E+00                 0.0853   159.45   RIGHT 
  200.00    0.00   2.646E-01 -156.96  1.139E-01   37.99      1.04289E+00                 0.0946   157.20   RIGHT 
  202.00    0.00   2.032E-01 -170.16  9.705E-02   25.06      6.37403E-01                 0.1032   154.98   RIGHT 
  204.00    0.00   1.447E-01  176.29  7.584E-02   11.62      3.35467E-01                 0.1100   152.83   RIGHT 
  206.00    0.00   9.033E-02  161.77  5.125E-02   -3.37      1.35547E-01                 0.1115   150.87   RIGHT 
  208.00    0.00   4.132E-02  143.02  2.466E-02  -25.69      2.90994E-02                 0.0868   149.41   RIGHT 
  210.00    0.00   8.770E-03   30.99  1.030E-02 -141.31      2.29901E-03                 0.0664   -49.62   RIGHT 
  212.00    0.00   4.132E-02  -39.02  3.629E-02  165.20      3.80022E-02                 0.2126   -40.94   RIGHT 
  214.00    0.00   7.182E-02  -56.31  6.488E-02  148.04      1.17714E-01                 0.2145   -41.81   RIGHT 
  216.00    0.00   9.610E-02  -70.35  9.240E-02  134.86      2.23351E-01                 0.2235   -43.76   RIGHT 
  218.00    0.00   1.143E-01  -83.52  1.179E-01  123.01      3.38660E-01                 0.2356   -46.00   RIGHT 
  220.00    0.00   1.267E-01  -96.36  1.406E-01  111.84      4.50195E-01                 0.2496   -48.38   RIGHT 
  222.00    0.00   1.341E-01 -109.05  1.601E-01  101.14      5.47846E-01                 0.2649   -50.83   RIGHT 
  224.00    0.00   1.370E-01 -121.72  1.759E-01   90.82      6.24957E-01                 0.2814   -53.34   RIGHT 
  226.00    0.00   1.364E-01 -134.44  1.880E-01   80.82      6.78090E-01                 0.2990   -55.89   RIGHT 
  228.00    0.00   1.331E-01 -147.27  1.963E-01   71.12      7.06561E-01                 0.3176   -58.47   RIGHT 
  230.00    0.00   1.278E-01 -160.25  2.008E-01   61.70      7.11830E-01                 0.3372   -61.08   RIGHT 
  232.00    0.00   1.213E-01 -173.40  2.018E-01   52.53      6.96848E-01                 0.3578   116.30   RIGHT 
  234.00    0.00   1.143E-01  173.30  1.997E-01   43.60      6.65436E-01                 0.3794   113.69   RIGHT 
  236.00    0.00   1.073E-01  159.91  1.949E-01   34.90      6.21749E-01                 0.4020   111.10   RIGHT 
  238.00    0.00   1.007E-01  146.54  1.877E-01   26.40      5.69858E-01                 0.4255   108.55   RIGHT 
  240.00    0.00   9.466E-02  133.37  1.786E-01   18.08      5.13452E-01                 0.4498   106.10   RIGHT 
  242.00    0.00   8.928E-02  120.61  1.682E-01    9.90      4.55657E-01                 0.4747   103.80   RIGHT 
  244.00    0.00   8.442E-02  108.46  1.569E-01    1.84      3.98959E-01                 0.4996   101.71   RIGHT 
  246.00    0.00   7.989E-02   97.11  1.452E-01   -6.15      3.45203E-01                 0.5238    99.95   RIGHT 
  248.00    0.00   7.545E-02   86.69  1.335E-01  -14.11      2.95643E-01                 0.5462    98.64   RIGHT 
  250.00    0.00   7.086E-02   77.26  1.223E-01  -22.07      2.51030E-01                 0.5644    97.89   RIGHT 
  252.00    0.00   6.595E-02   68.85  1.118E-01  -30.03      2.11711E-01                 0.5756    97.80   RIGHT 
  254.00    0.00   6.057E-02   61.46  1.023E-01  -37.98      1.77727E-01                 0.5756    98.31   RIGHT 
  256.00    0.00   5.464E-02   55.06  9.415E-02  -45.83      1.48913E-01                 0.5600    99.14   RIGHT 
  258.00    0.00   4.814E-02   49.60  8.733E-02  -53.43      1.24970E-01                 0.5258    99.82   RIGHT 
  260.00    0.00   4.109E-02   45.06  8.191E-02  -60.55      1.05539E-01                 0.4720    99.92   RIGHT 
  262.00    0.00   3.354E-02   41.38  7.783E-02  -66.92      9.02479E-02                 0.4003    99.20   RIGHT 
  264.00    0.00   2.555E-02   38.55  7.493E-02  -72.24      7.87516E-02                 0.3137    97.66   RIGHT 
  266.00    0.00   1.724E-02   36.52  7.303E-02  -76.25      7.07585E-02                 0.2157    95.47   RIGHT 
  268.00    0.00   8.691E-03   35.23  7.198E-02  -78.73      6.60493E-02                 0.1101    92.84   RIGHT 
  270.00    0.00   4.253E-05  -10.99  7.164E-02  -79.57      6.44887E-02                 0.0006    89.99   LINEAR
  272.00    0.00   8.633E-03 -144.36  7.197E-02  -78.73      6.60313E-02                 0.1090    87.13   LEFT  
  274.00    0.00   1.718E-02 -143.27  7.303E-02  -76.24      7.07236E-02                 0.2147    84.50   LEFT  
  276.00    0.00   2.550E-02 -141.30  7.492E-02  -72.24      7.87025E-02                 0.3128    82.31   LEFT  
  278.00    0.00   3.349E-02 -138.49  7.782E-02  -66.91      9.01882E-02                 0.3994    80.77   LEFT  
  280.00    0.00   4.105E-02 -134.84  8.191E-02  -60.54      1.05473E-01                 0.4712    80.04   LEFT  
  282.00    0.00   4.810E-02 -130.30  8.732E-02  -53.41      1.24904E-01                 0.5251    80.13   LEFT  
  284.00    0.00   5.461E-02 -124.85  9.414E-02  -45.81      1.48853E-01                 0.5595    80.80   LEFT  
  286.00    0.00   6.054E-02 -118.45  1.023E-01  -37.96      1.77680E-01                 0.5752    81.63   LEFT  
  288.00    0.00   6.594E-02 -111.06  1.118E-01  -30.02      2.11683E-01                 0.5753    82.13   LEFT  
  290.00    0.00   7.086E-02 -102.65  1.223E-01  -22.06      2.51029E-01                 0.5642    82.04   LEFT  
  292.00    0.00   7.546E-02  -93.23  1.335E-01  -14.11      2.95673E-01                 0.5460    81.30   LEFT  
  294.00    0.00   7.992E-02  -82.81  1.452E-01   -6.15      3.45268E-01                 0.5238    79.99   LEFT  
  296.00    0.00   8.447E-02  -71.46  1.569E-01    1.84      3.99062E-01                 0.4995    78.23   LEFT  
  298.00    0.00   8.934E-02  -59.32  1.682E-01    9.90      4.55798E-01                 0.4746    76.15   LEFT  
  300.00    0.00   9.474E-02  -46.57  1.786E-01   18.08      5.13627E-01                 0.4498    73.85   LEFT  
  302.00    0.00   1.008E-01  -33.41  1.876E-01   26.40      5.70063E-01                 0.4255    71.40   LEFT  
  304.00    0.00   1.074E-01  -20.05  1.948E-01   34.89      6.21974E-01                 0.4019    68.86   LEFT  
  306.00    0.00   1.144E-01   -6.67  1.997E-01   43.59      6.65672E-01                 0.3793    66.27   LEFT  
  308.00    0.00   1.214E-01    6.63  2.018E-01   52.52      6.97085E-01                 0.3577    63.66   LEFT  
  310.00    0.00   1.279E-01   19.77  2.008E-01   61.68      7.12055E-01                 0.3370  -118.96   LEFT  
  312.00    0.00   1.332E-01   32.75  1.962E-01   71.11      7.06763E-01                 0.3174  -121.56   LEFT  
  314.00    0.00   1.365E-01   45.58  1.880E-01   80.81      6.78261E-01                 0.2988  -124.14   LEFT  
  316.00    0.00   1.371E-01   58.30  1.759E-01   90.80      6.25093E-01                 0.2812  -126.69   LEFT  
  318.00    0.00   1.341E-01   70.97  1.601E-01  101.12      5.47945E-01                 0.2646  -129.19   LEFT  
  320.00    0.00   1.267E-01   83.66  1.406E-01  111.81      4.50259E-01                 0.2492  -131.64   LEFT  
  322.00    0.00   1.143E-01   96.50  1.179E-01  122.98      3.38697E-01                 0.2352  -134.01   LEFT  
  324.00    0.00   9.612E-02  109.67  9.239E-02  134.84      2.23370E-01                 0.2230  -136.25   LEFT  
  326.00    0.00   7.184E-02  123.73  6.487E-02  148.01      1.17723E-01                 0.2139  -138.20   LEFT  
  328.00    0.00   4.133E-02  141.04  3.629E-02  165.16      3.80092E-02                 0.2117  -139.07   LEFT  
  330.00    0.00   8.807E-03 -148.90  1.029E-02 -141.38      2.30606E-03                 0.0649  -130.51   LEFT  
  332.00    0.00   4.133E-02  -37.02  2.465E-02  -25.71      2.91019E-02                 0.0869    30.57   LEFT  
  334.00    0.00   9.034E-02  -18.25  5.123E-02   -3.39      1.35532E-01                 0.1114    29.12   LEFT  
  336.00    0.00   1.447E-01   -3.71  7.581E-02   11.59      3.35412E-01                 0.1098    27.16   LEFT  
  338.00    0.00   2.032E-01    9.84  9.701E-02   25.03      6.37277E-01                 0.1030    25.02   LEFT  
  340.00    0.00   2.646E-01   23.04  1.139E-01   37.96      1.04266E+00                 0.0944    22.80   LEFT  
  342.00    0.00   3.273E-01   36.09  1.257E-01   50.70      1.54485E+00                 0.0851    20.55   LEFT  
  344.00    0.00   3.898E-01   49.05  1.320E-01   63.37      2.12835E+00                 0.0756  -161.72   LEFT  
  346.00    0.00   4.503E-01   61.98  1.325E-01   76.02      2.76920E+00                 0.0660  -164.00   LEFT  
  348.00    0.00   5.072E-01   74.87  1.271E-01   88.67      3.43616E+00                 0.0564  -166.28   LEFT  
  350.00    0.00   5.588E-01   87.74  1.160E-01  101.33      4.09281E+00                 0.0469  -168.57   LEFT  
  352.00    0.00   6.034E-01  100.58  9.973E-02  113.99      4.70027E+00                 0.0374  -170.85   LEFT  
  354.00    0.00   6.397E-01  113.37  7.900E-02  126.66      5.22048E+00                 0.0280  -173.14   LEFT  
  356.00    0.00   6.665E-01  126.12  5.473E-02  139.32      5.61945E+00                 0.0186  -175.43   LEFT  
  358.00    0.00   6.829E-01  138.81  2.799E-02  151.95      5.87034E+00                 0.0093  -177.71   LINEAR
  360.00    0.00   6.884E-01  151.43  5.223E-06  -33.67      5.95599E+00                 0.0000   180.00   LINEAR