 0.00    0.00   6.348E-01   96.50  5.596E-06   84.98      5.06352E+00                 0.0000  -180.00   LINEAR
    2.00    0.00   6.298E-01  108.99  2.127E-02    0.60      4.98942E+00                 0.0321   179.39   RIGHT 
    4.00    0.00   6.149E-01  121.28  4.155E-02   13.08      4.77257E+00                 0.0642   178.79   RIGHT 
    6.00    0.00   5.906E-01  133.37  5.990E-02   25.49      4.42872E+00                 0.0964   178.20   RIGHT 
    8.00    0.00   5.578E-01  145.22  7.548E-02   37.80      3.98221E+00                 0.1289   177.64   RIGHT 
   10.00    0.00   5.176E-01  156.80  8.760E-02   49.99      3.46351E+00                 0.1616   177.12   RIGHT 
   12.00    0.00   4.713E-01  168.08  9.576E-02   62.03      2.90620E+00                 0.1946   176.66   RIGHT 
   14.00    0.00   4.202E-01  179.01  9.965E-02   73.88      2.34378E+00                 0.2280   176.26   RIGHT 
   16.00    0.00   3.660E-01 -170.47  9.917E-02   85.50      1.80685E+00                 0.2617   175.96   RIGHT 
   18.00    0.00   3.101E-01 -160.46  9.444E-02   96.81      1.32074E+00                 0.2956   175.79   RIGHT 
   20.00    0.00   2.541E-01 -151.11  8.578E-02  107.71      9.03977E-01                 0.3296   175.80   RIGHT 
   22.00    0.00   1.994E-01 -142.71  7.366E-02  117.99      5.67654E-01                 0.3631   176.06   RIGHT 
   24.00    0.00   1.472E-01 -135.84  5.872E-02  127.21      3.15533E-01                 0.3949    -3.27   RIGHT 
   26.00    0.00   9.893E-02 -132.04  4.175E-02  134.17      1.44893E-01                 0.4207    -1.94   RIGHT 
   28.00    0.00   5.686E-02 -136.68  2.396E-02  134.03      4.78433E-02                 0.4213  -179.63   RIGHT 
   30.00    0.00   3.029E-02 -172.63  1.041E-02   91.86      1.28952E-02                 0.3416   177.86   RIGHT 
   32.00    0.00   4.135E-02  136.95  2.012E-02   30.72      2.65710E-02                 0.4566   170.19   RIGHT 
   34.00    0.00   6.741E-02  125.53  3.761E-02   26.23      7.48767E-02                 0.5442   172.67   RIGHT 
   36.00    0.00   9.221E-02  125.88  5.475E-02   31.17      1.44512E-01                 0.5896   175.71   RIGHT 
   38.00    0.00   1.134E-01  129.52  7.040E-02   38.41      2.23751E-01                 0.6208   178.88   RIGHT 
   40.00    0.00   1.306E-01  134.30  8.405E-02   46.39      3.02983E-01                 0.6427  -177.70   RIGHT 
   42.00    0.00   1.440E-01  139.45  9.540E-02   54.58      3.74944E-01                 0.6557  -174.03   RIGHT 
   44.00    0.00   1.540E-01  144.66  1.043E-01   62.73      4.34684E-01                 0.6598  -170.31   RIGHT 
   46.00    0.00   1.609E-01  149.77  1.107E-01   70.72      4.79358E-01                 0.6554  -166.80   RIGHT 
   48.00    0.00   1.651E-01  154.72  1.147E-01   78.48      5.07896E-01                 0.6437  -163.73   RIGHT 
   50.00    0.00   1.670E-01  159.47  1.164E-01   85.94      5.20617E-01                 0.6264  -161.23   RIGHT 
   52.00    0.00   1.668E-01  164.00  1.160E-01   93.06      5.18842E-01                 0.6055  -159.33   RIGHT 
   54.00    0.00   1.649E-01  168.31  1.138E-01   99.82      5.04538E-01                 0.5825  -158.00   RIGHT 
   56.00    0.00   1.615E-01  172.40  1.100E-01  106.17      4.80013E-01                 0.5587  -157.15   RIGHT 
   58.00    0.00   1.568E-01  176.27  1.050E-01  112.10      4.47672E-01                 0.5353  -156.71   RIGHT 
   60.00    0.00   1.510E-01  179.92  9.899E-02  117.56      4.09842E-01                 0.5131  -156.59   RIGHT 
   62.00    0.00   1.443E-01 -176.63  9.230E-02  122.52      3.68645E-01                 0.4927  -156.73   RIGHT 
   64.00    0.00   1.367E-01 -173.39  8.519E-02  126.96      3.25935E-01                 0.4746  -157.07   RIGHT 
   66.00    0.00   1.283E-01 -170.37  7.790E-02  130.83      2.83258E-01                 0.4595  -157.56   RIGHT 
   68.00    0.00   1.194E-01 -167.56  7.066E-02  134.09      2.41856E-01                 0.4480  -158.15   RIGHT 
   70.00    0.00   1.099E-01 -164.96  6.364E-02  136.70      2.02681E-01                 0.4409  -158.78   RIGHT 
   72.00    0.00   9.996E-02 -162.59  5.702E-02  138.62      1.66430E-01                 0.4391  -159.38   RIGHT 
   74.00    0.00   8.965E-02 -160.45  5.093E-02  139.82      1.33586E-01                 0.4441  -159.89   RIGHT 
   76.00    0.00   7.902E-02 -158.54  4.547E-02  140.30      1.04451E-01                 0.4582  -160.16   RIGHT 
   78.00    0.00   6.815E-02 -156.87  4.072E-02  140.08      7.91963E-02                 0.4847  -159.94   RIGHT 
   80.00    0.00   5.708E-02 -155.45  3.673E-02  139.26      5.78910E-02                 0.5292  -158.72   RIGHT 
   82.00    0.00   4.585E-02 -154.27  3.352E-02  138.00      4.05406E-02                 0.5991  -155.02   RIGHT 
   84.00    0.00   3.452E-02 -153.35  3.108E-02  136.56      2.71117E-02                 0.6903  -143.58   RIGHT 
   86.00    0.00   2.311E-02 -152.69  2.938E-02  135.22      1.75556E-02                 0.6698  -115.88   RIGHT 
   88.00    0.00   1.165E-02 -152.29  2.838E-02  134.28      1.18253E-02                 0.3870   -97.86   RIGHT 
   90.00    0.00   1.600E-04 -151.62  2.805E-02  133.94      9.88717E-03                 0.0055   -90.09   LINEAR
   92.00    0.00   1.132E-02   27.70  2.837E-02  134.29      1.17286E-02                 0.3767   -82.41   LEFT  
   94.00    0.00   2.278E-02   27.31  2.937E-02  135.25      1.73603E-02                 0.6637   -64.90   LEFT  
   96.00    0.00   3.419E-02   26.65  3.106E-02  136.60      2.68137E-02                 0.6917   -37.14   LEFT  
   98.00    0.00   4.551E-02   25.74  3.350E-02  138.05      4.01344E-02                 0.6014   -25.32   LEFT  
  100.00    0.00   5.673E-02   24.58  3.671E-02  139.32      5.73697E-02                 0.5311   -21.49   LEFT  
  102.00    0.00   6.778E-02   23.16  4.070E-02  140.15      7.85520E-02                 0.4862   -20.22   LEFT  
  104.00    0.00   7.864E-02   21.49  4.545E-02  140.37      1.03676E-01                 0.4594   -19.98   LEFT  
  106.00    0.00   8.925E-02   19.59  5.091E-02  139.90      1.32672E-01                 0.4452   -20.23   LEFT  
  108.00    0.00   9.955E-02   17.45  5.700E-02  138.70      1.65372E-01                 0.4400   -20.73   LEFT  
  110.00    0.00   1.095E-01   15.09  6.362E-02  136.78      2.01474E-01                 0.4418   -21.33   LEFT  
  112.00    0.00   1.190E-01   12.50  7.063E-02  134.17      2.40501E-01                 0.4490   -21.96   LEFT  
  114.00    0.00   1.279E-01    9.70  7.788E-02  130.91      2.81760E-01                 0.4605   -22.54   LEFT  
  116.00    0.00   1.362E-01    6.68  8.516E-02  127.04      3.24303E-01                 0.4756   -23.03   LEFT  
  118.00    0.00   1.438E-01    3.46  9.228E-02  122.60      3.66895E-01                 0.4937   -23.37   LEFT  
  120.00    0.00   1.506E-01    0.02  9.897E-02  117.63      4.07997E-01                 0.5143   -23.50   LEFT  
  122.00    0.00   1.564E-01   -3.63  1.050E-01  112.17      4.45764E-01                 0.5366   -23.38   LEFT  
  124.00    0.00   1.611E-01   -7.49  1.100E-01  106.25      4.78077E-01                 0.5601   -22.93   LEFT  
  126.00    0.00   1.645E-01  -11.56  1.138E-01   99.89      5.02617E-01                 0.5839   -22.07   LEFT  
  128.00    0.00   1.664E-01  -15.86  1.160E-01   93.14      5.16981E-01                 0.6070   -20.72   LEFT  
  130.00    0.00   1.666E-01  -20.38  1.164E-01   86.01      5.18863E-01                 0.6281   -18.81   LEFT  
  132.00    0.00   1.647E-01  -25.12  1.147E-01   78.55      5.06294E-01                 0.6453   -16.28   LEFT  
  134.00    0.00   1.606E-01  -30.06  1.107E-01   70.80      4.77949E-01                 0.6570   -13.18   LEFT  
  136.00    0.00   1.537E-01  -35.17  1.043E-01   62.82      4.33500E-01                 0.6613    -9.63   LEFT  
  138.00    0.00   1.438E-01  -40.37  9.538E-02   54.67      3.74007E-01                 0.6570    -5.88   LEFT  
  140.00    0.00   1.304E-01  -45.50  8.404E-02   46.49      3.02304E-01                 0.6437    -2.19   LEFT  
  142.00    0.00   1.132E-01  -50.24  7.039E-02   38.52      2.23323E-01                 0.6215     1.25   LEFT  
  144.00    0.00   9.212E-02  -53.85  5.475E-02   31.30      1.44318E-01                 0.5899     4.42   LEFT  
  146.00    0.00   6.741E-02  -54.13  3.762E-02   26.41      7.48844E-02                 0.5439     7.46   LEFT  
  148.00    0.00   4.149E-02  -42.59  2.016E-02   31.02      2.67360E-02                 0.4553     9.87   LEFT  
  150.00    0.00   3.061E-02    7.42  1.051E-02   91.86      1.31648E-02                 0.3414     2.16   LEFT  
  152.00    0.00   5.706E-02   43.13  2.402E-02  133.86      4.81588E-02                 0.4209    -0.37   LEFT  
  154.00    0.00   9.903E-02   47.84  4.179E-02  134.07      1.45194E-01                 0.4207  -178.07   LEFT  
  156.00    0.00   1.472E-01   44.09  5.875E-02  127.14      3.15760E-01                 0.3950  -176.73   LEFT  
  158.00    0.00   1.994E-01   37.25  7.369E-02  117.94      5.67754E-01                 0.3632     3.94   LEFT  
  160.00    0.00   2.541E-01   28.86  8.580E-02  107.67      9.03904E-01                 0.3297     4.21   LEFT  
  162.00    0.00   3.101E-01   19.53  9.447E-02   96.78      1.32046E+00                 0.2957     4.21   LEFT  
  164.00    0.00   3.659E-01    9.53  9.919E-02   85.48      1.80635E+00                 0.2617     4.04   LEFT  
  166.00    0.00   4.201E-01   -0.98  9.967E-02   73.86      2.34305E+00                 0.2281     3.74   LEFT  
  168.00    0.00   4.712E-01  -11.91  9.578E-02   62.02      2.90525E+00                 0.1947     3.35   LEFT  
  170.00    0.00   5.175E-01  -23.19  8.762E-02   49.98      3.46238E+00                 0.1617     2.88   LEFT  
  172.00    0.00   5.578E-01  -34.77  7.550E-02   37.79      3.98095E+00                 0.1289     2.36   LEFT  
  174.00    0.00   5.905E-01  -46.62  5.992E-02   25.48      4.42739E+00                 0.0965     1.80   LEFT  
  176.00    0.00   6.148E-01  -58.70  4.157E-02   13.08      4.77125E+00                 0.0642     1.22   LEFT  
  178.00    0.00   6.297E-01  -71.00  2.128E-02    0.60      4.98819E+00                 0.0321     0.61   LEFT  
  180.00    0.00   6.347E-01  -83.48  8.564E-06   57.51      5.06246E+00                 0.0000    -0.00   LINEAR
  182.00    0.00   6.297E-01  -96.14  2.128E-02  155.41      4.98862E+00                 0.0320    -0.61   RIGHT 
  184.00    0.00   6.148E-01 -108.96  4.156E-02  142.80      4.77208E+00                 0.0642    -1.22   RIGHT 
  186.00    0.00   5.906E-01 -121.93  5.992E-02  130.16      4.42854E+00                 0.0964    -1.80   RIGHT 
  188.00    0.00   5.579E-01 -135.04  7.550E-02  117.51      3.98232E+00                 0.1289    -2.36   RIGHT 
  190.00    0.00   5.177E-01 -148.30  8.763E-02  104.86      3.46387E+00                 0.1616   177.12   RIGHT 
  192.00    0.00   4.713E-01 -161.71  9.579E-02   92.21      2.90674E+00                 0.1946   176.65   RIGHT 
  194.00    0.00   4.203E-01 -175.28  9.968E-02   79.56      2.34444E+00                 0.2280   176.26   RIGHT 
  196.00    0.00   3.661E-01  170.94  9.921E-02   66.88      1.80756E+00                 0.2617   175.96   RIGHT 
  198.00    0.00   3.102E-01  156.90  9.448E-02   54.15      1.32143E+00                 0.2956   175.78   RIGHT 
  200.00    0.00   2.542E-01  142.46  8.582E-02   41.26      9.04625E-01                 0.3296   175.79   RIGHT 
  202.00    0.00   1.995E-01  127.37  7.370E-02   28.06      5.68226E-01                 0.3631   176.06   RIGHT 
  204.00    0.00   1.473E-01  111.07  5.877E-02   14.13      3.16015E-01                 0.3950   176.73   RIGHT 
  206.00    0.00   9.906E-02   92.05  4.181E-02   -1.72      1.45281E-01                 0.4207   178.07   RIGHT 
  208.00    0.00   5.704E-02   64.95  2.402E-02  -24.27      4.81393E-02                 0.4210  -179.61   RIGHT 
  210.00    0.00   3.055E-02    7.21  1.047E-02  -88.22      1.31020E-02                 0.3407    -2.10   RIGHT 
  212.00    0.00   4.147E-02  -64.48  2.011E-02 -170.91      2.66895E-02                 0.4544    -9.87   RIGHT 
  214.00    0.00   6.744E-02  -97.08  3.759E-02  163.42      7.49037E-02                 0.5431    -7.47   RIGHT 
  216.00    0.00   9.219E-02 -117.38  5.473E-02  147.73      1.44440E-01                 0.5892    -4.44   RIGHT 
  218.00    0.00   1.133E-01 -133.85  7.038E-02  134.88      2.23570E-01                 0.6208    -1.29   RIGHT 
  220.00    0.00   1.305E-01 -148.64  8.403E-02  123.31      3.02682E-01                 0.6431  -177.87   RIGHT 
  222.00    0.00   1.439E-01 -162.47  9.538E-02  112.51      3.74513E-01                 0.6565  -174.20   RIGHT 
  224.00    0.00   1.539E-01 -175.66  1.043E-01  102.27      4.34118E-01                 0.6609  -170.46   RIGHT 
  226.00    0.00   1.607E-01  171.67  1.107E-01   92.47      4.78658E-01                 0.6568  -166.92   RIGHT 
  228.00    0.00   1.649E-01  159.46  1.147E-01   83.07      5.07069E-01                 0.6453  -163.82   RIGHT 
  230.00    0.00   1.668E-01  147.71  1.164E-01   74.03      5.19676E-01                 0.6281  -161.29   RIGHT 
  232.00    0.00   1.666E-01  136.41  1.160E-01   65.33      5.17807E-01                 0.6073  -159.37   RIGHT 
  234.00    0.00   1.646E-01  125.58  1.138E-01   56.95      5.03433E-01                 0.5843  -158.02   RIGHT 
  236.00    0.00   1.612E-01  115.23  1.100E-01   48.88      4.78863E-01                 0.5605  -157.15   RIGHT 
  238.00    0.00   1.565E-01  105.40  1.050E-01   41.10      4.46506E-01                 0.5371  -156.69   RIGHT 
  240.00    0.00   1.507E-01   96.10  9.901E-02   33.61      4.08684E-01                 0.5149  -156.57   RIGHT 
  242.00    0.00   1.440E-01   87.35  9.232E-02   26.38      3.67520E-01                 0.4945  -156.70   RIGHT 
  244.00    0.00   1.363E-01   79.16  8.521E-02   19.39      3.24862E-01                 0.4764  -157.04   RIGHT 
  246.00    0.00   1.280E-01   71.55  7.793E-02   12.63      2.82254E-01                 0.4613  -157.52   RIGHT 
  248.00    0.00   1.191E-01   64.53  7.069E-02    6.06      2.40931E-01                 0.4499  -158.10   RIGHT 
  250.00    0.00   1.096E-01   58.11  6.368E-02   -0.35      2.01844E-01                 0.4428  -158.72   RIGHT 
  252.00    0.00   9.965E-02   52.29  5.706E-02   -6.62      1.65686E-01                 0.4411    20.67   RIGHT 
  254.00    0.00   8.934E-02   47.08  5.097E-02  -12.78      1.32935E-01                 0.4464    20.18   RIGHT 
  256.00    0.00   7.872E-02   42.47  4.551E-02  -18.82      1.03894E-01                 0.4607    19.92   RIGHT 
  258.00    0.00   6.785E-02   38.49  4.077E-02  -24.70      7.87311E-02                 0.4877    20.15   RIGHT 
  260.00    0.00   5.678E-02   35.11  3.678E-02  -30.33      5.75155E-02                 0.5329    21.42   RIGHT 
  262.00    0.00   4.556E-02   32.36  3.358E-02  -35.53      4.02524E-02                 0.6037    25.26   RIGHT 
  264.00    0.00   3.423E-02   30.23  3.114E-02  -40.06      2.69092E-02                 0.6948    37.16   RIGHT 
  266.00    0.00   2.282E-02   28.73  2.945E-02  -43.60      1.74382E-02                 0.6658    65.17   RIGHT 
  268.00    0.00   1.135E-02   27.92  2.845E-02  -45.87      1.17936E-02                 0.3776    82.58   RIGHT 
  270.00    0.00   1.462E-04 -171.33  2.813E-02  -46.66      9.94373E-03                 0.0043    90.17   LINEAR
  272.00    0.00   1.163E-02 -152.55  2.846E-02  -45.88      1.18776E-02                 0.3852    97.86   LEFT  
  274.00    0.00   2.310E-02 -151.51  2.946E-02  -43.63      1.76078E-02                 0.6688   115.67   LEFT  
  276.00    0.00   3.452E-02 -149.94  3.115E-02  -40.10      2.71677E-02                 0.6917   143.41   LEFT  
  278.00    0.00   4.586E-02 -147.77  3.359E-02  -35.59      4.06044E-02                 0.6008   154.98   LEFT  
  280.00    0.00   5.708E-02 -145.00  3.680E-02  -30.40      5.79669E-02                 0.5307   158.72   LEFT  
  282.00    0.00   6.816E-02 -141.62  4.079E-02  -24.78      7.92885E-02                 0.4860   159.96   LEFT  
  284.00    0.00   7.904E-02 -137.62  4.553E-02  -18.90      1.04565E-01                 0.4593   160.18   LEFT  
  286.00    0.00   8.967E-02 -133.02  5.099E-02  -12.86      1.33725E-01                 0.4452   159.91   LEFT  
  288.00    0.00   1.000E-01 -127.80  5.708E-02   -6.70      1.66602E-01                 0.4400   159.41   LEFT  
  290.00    0.00   1.099E-01 -121.98  6.370E-02   -0.43      2.02891E-01                 0.4418   -21.19   LEFT  
  292.00    0.00   1.194E-01 -115.56  7.071E-02    5.98      2.42112E-01                 0.4489   -21.82   LEFT  
  294.00    0.00   1.284E-01 -108.55  7.795E-02   12.55      2.83567E-01                 0.4603   -22.40   LEFT  
  296.00    0.00   1.368E-01 -100.94  8.523E-02   19.31      3.26304E-01                 0.4754   -22.88   LEFT  
  298.00    0.00   1.444E-01  -92.76  9.234E-02   26.30      3.69082E-01                 0.4934   -23.22   LEFT  
  300.00    0.00   1.512E-01  -84.01  9.903E-02   33.53      4.10352E-01                 0.5137   -23.35   LEFT  
  302.00    0.00   1.570E-01  -74.71  1.050E-01   41.02      4.48261E-01                 0.5359   -23.23   LEFT  
  304.00    0.00   1.617E-01  -64.89  1.101E-01   48.80      4.80683E-01                 0.5592   -22.78   LEFT  
  306.00    0.00   1.651E-01  -54.55  1.138E-01   56.87      5.05287E-01                 0.5829   -21.92   LEFT  
  308.00    0.00   1.670E-01  -43.72  1.160E-01   65.25      5.19663E-01                 0.6058   -20.58   LEFT  
  310.00    0.00   1.672E-01  -32.43  1.164E-01   73.96      5.21499E-01                 0.6266   -18.67   LEFT  
  312.00    0.00   1.653E-01  -20.68  1.147E-01   83.00      5.08820E-01                 0.6437   -16.17   LEFT  
  314.00    0.00   1.611E-01   -8.48  1.107E-01   92.40      4.80299E-01                 0.6552   -13.09   LEFT  
  316.00    0.00   1.542E-01    4.18  1.043E-01  102.19      4.35612E-01                 0.6594    -9.59   LEFT  
  318.00    0.00   1.442E-01   17.35  9.542E-02  112.43      3.75823E-01                 0.6551    -5.88   LEFT  
  320.00    0.00   1.308E-01   31.18  8.407E-02  123.22      3.03777E-01                 0.6419    -2.23   LEFT  
  322.00    0.00   1.136E-01   45.94  7.043E-02  134.77      2.24423E-01                 0.6198  -178.82   LEFT  
  324.00    0.00   9.242E-02   62.37  5.478E-02  147.61      1.45031E-01                 0.5885  -175.68   LEFT  
  326.00    0.00   6.760E-02   82.58  3.763E-02  163.25      7.52190E-02                 0.5430  -172.67   LEFT  
  328.00    0.00   4.149E-02  114.98  2.013E-02 -171.24      2.67246E-02                 0.4553  -170.24   LEFT  
  330.00    0.00   3.027E-02 -173.19  1.037E-02  -88.54      1.28620E-02                 0.3407  -177.93   LEFT  
  332.00    0.00   5.674E-02 -115.02  2.392E-02  -24.20      4.76402E-02                 0.4215    -0.42   LEFT  
  334.00    0.00   9.881E-02  -87.91  4.172E-02   -1.66      1.44551E-01                 0.4209     1.92   LEFT  
  336.00    0.00   1.471E-01  -68.90  5.868E-02   14.17      3.15094E-01                 0.3950     3.27   LEFT  
  338.00    0.00   1.993E-01  -52.62  7.363E-02   28.09      5.67168E-01                 0.3631     3.93   LEFT  
  340.00    0.00   2.541E-01  -37.54  8.575E-02   41.29      9.03492E-01                 0.3295     4.20   LEFT  
  342.00    0.00   3.101E-01  -23.11  9.442E-02   54.17      1.32030E+00                 0.2956     4.21   LEFT  
  344.00    0.00   3.660E-01   -9.06  9.915E-02   66.90      1.80650E+00                 0.2616     4.04   LEFT  
  346.00    0.00   4.202E-01    4.71  9.963E-02   79.57      2.34353E+00                 0.2280     3.74   LEFT  
  348.00    0.00   4.713E-01   18.28  9.575E-02   92.23      2.90605E+00                 0.1946     3.34   LEFT  
  350.00    0.00   5.176E-01   31.69  8.759E-02  104.87      3.46346E+00                 0.1616     2.88   LEFT  
  352.00    0.00   5.579E-01   44.94  7.548E-02  117.52      3.98222E+00                 0.1289  -177.64   LEFT  
  354.00    0.00   5.906E-01   58.05  5.990E-02  130.17      4.42877E+00                 0.0964  -178.20   LEFT  
  356.00    0.00   6.149E-01   71.02  4.155E-02  142.81      4.77263E+00                 0.0642  -178.78   LEFT  
  358.00    0.00   6.298E-01   83.84  2.127E-02  155.43      4.98945E+00                 0.0320  -179.39   LEFT  
  360.00    0.00   6.348E-01   96.50  5.596E-06   84.98      5.06352E+00                 0.0000  -180.00   LINEAR