 0.00    0.00   1.241E-01   11.77  1.903E-07  -66.52      1.93391E-01                 0.0000     0.00   LINEAR
    2.00    0.00   1.231E-01   24.34  1.884E-07  -68.16      1.90573E-01                 0.0000    -0.00   LINEAR
    4.00    0.00   1.205E-01   36.87  1.969E-07  -69.36      1.82321E-01                 0.0000    -0.00   LINEAR
    6.00    0.00   1.160E-01   49.36  2.144E-07  -68.75      1.69223E-01                 0.0000   180.00   LINEAR
    8.00    0.00   1.101E-01   61.78  2.377E-07  -65.88      1.52195E-01                 0.0000   180.00   LINEAR
   10.00    0.00   1.026E-01   74.12  2.639E-07  -60.98      1.32385E-01                 0.0000   180.00   LINEAR
   12.00    0.00   9.401E-02   86.36  2.905E-07  -54.48      1.11063E-01                 0.0000   180.00   LINEAR
   14.00    0.00   8.440E-02   98.49  3.157E-07  -46.85      8.95063E-02                 0.0000   180.00   LINEAR
   16.00    0.00   7.404E-02  110.48  3.382E-07  -38.43      6.88890E-02                 0.0000   180.00   LINEAR
   18.00    0.00   6.320E-02  122.29  3.571E-07  -29.48      5.01924E-02                 0.0000   180.00   LINEAR
   20.00    0.00   5.213E-02  133.91  3.718E-07  -20.20      3.41443E-02                 0.0000   180.00   LINEAR
   22.00    0.00   4.106E-02  145.27  3.818E-07  -10.75      2.11893E-02                 0.0000   180.00   LINEAR
   24.00    0.00   3.024E-02  156.26  3.872E-07   -1.23      1.14894E-02                 0.0000   180.00   LINEAR
   26.00    0.00   1.985E-02  166.58  3.879E-07    8.25      4.95228E-03                 0.0000   180.00   LINEAR
   28.00    0.00   1.009E-02  174.95  3.841E-07   17.63      1.27926E-03                 0.0000   180.00   LINEAR
   30.00    0.00   1.398E-03  147.42  3.761E-07   26.82      2.45643E-05                 0.0002   179.99   LINEAR
   32.00    0.00   7.237E-03   29.68  3.644E-07   35.79      6.58192E-04                 0.0000     0.00   LINEAR
   34.00    0.00   1.445E-02   36.23  3.494E-07   44.46      2.62486E-03                 0.0000     0.00   LINEAR
   36.00    0.00   2.072E-02   45.21  3.318E-07   52.80      5.39380E-03                 0.0000  -180.00   LINEAR
   38.00    0.00   2.600E-02   54.55  3.121E-07   60.74      8.49610E-03                 0.0000  -180.00   LINEAR
   40.00    0.00   3.032E-02   63.85  2.909E-07   68.24      1.15485E-02                 0.0000  -180.00   LINEAR
   42.00    0.00   3.369E-02   72.99  2.688E-07   75.24      1.42642E-02                 0.0000  -180.00   LINEAR
   44.00    0.00   3.618E-02   81.89  2.463E-07   81.70      1.64527E-02                 0.0000  -180.00   LINEAR
   46.00    0.00   3.786E-02   90.52  2.240E-07   87.55      1.80115E-02                 0.0000  -180.00   LINEAR
   48.00    0.00   3.879E-02   98.86  2.023E-07   92.74      1.89116E-02                 0.0000  -180.00   LINEAR
   50.00    0.00   3.907E-02  106.90  1.816E-07   97.22      1.91817E-02                 0.0000  -180.00   LINEAR
   52.00    0.00   3.877E-02  114.61  1.622E-07  100.95      1.88901E-02                 0.0000  -180.00   LINEAR
   54.00    0.00   3.798E-02  121.99  1.443E-07  103.87      1.81297E-02                 0.0000  -180.00   LINEAR
   56.00    0.00   3.679E-02  129.01  1.282E-07  105.99      1.70043E-02                 0.0000  -180.00   LINEAR
   58.00    0.00   3.525E-02  135.69  1.138E-07  107.32      1.56177E-02                 0.0000  -180.00   LINEAR
   60.00    0.00   3.346E-02  141.99  1.012E-07  107.90      1.40670E-02                 0.0000  -180.00   LINEAR
   62.00    0.00   3.146E-02  147.93  9.016E-08  107.83      1.24369E-02                 0.0000  -180.00   LINEAR
   64.00    0.00   2.931E-02  153.48  8.057E-08  107.24      1.07978E-02                 0.0000  -180.00   LINEAR
   66.00    0.00   2.707E-02  158.65  7.213E-08  106.25      9.20535E-03                 0.0000  -180.00   LINEAR
   68.00    0.00   2.475E-02  163.42  6.459E-08  105.00      7.70068E-03                 0.0000  -180.00   LINEAR
   70.00    0.00   2.241E-02  167.80  5.764E-08  103.59      6.31232E-03                 0.0000  -180.00   LINEAR
   72.00    0.00   2.006E-02  171.77  5.104E-08  102.06      5.05808E-03                 0.0000  -180.00   LINEAR
   74.00    0.00   1.772E-02  175.34  4.459E-08  100.40      3.94728E-03                 0.0000  -180.00   LINEAR
   76.00    0.00   1.541E-02  178.50  3.811E-08   98.51      2.98284E-03                 0.0000  -180.00   LINEAR
   78.00    0.00   1.312E-02 -178.76  3.153E-08   96.18      2.16320E-03                 0.0000  -180.00   LINEAR
   80.00    0.00   1.087E-02 -176.44  2.480E-08   92.90      1.48403E-03                 0.0000   180.00   LINEAR
   82.00    0.00   8.647E-03 -174.53  1.797E-08   87.47      9.39585E-04                 0.0000   180.00   LINEAR
   84.00    0.00   6.456E-03 -173.05  1.125E-08   75.80      5.23830E-04                 0.0000   180.00   LINEAR
   86.00    0.00   4.290E-03 -171.99  5.905E-09   38.41      2.31273E-04                 0.0000   180.00   LINEAR
   88.00    0.00   2.141E-03 -171.35  7.366E-09  -30.19      5.75823E-05                 0.0000   180.00   LINEAR
   90.00    0.00   1.965E-08  -87.14  1.368E-08  -54.55      7.20440E-15                 0.2712    33.15   LEFT  
   92.00    0.00   2.141E-03    8.64  2.077E-08  -63.45      5.75820E-05                 0.0000     0.00   LINEAR
   94.00    0.00   4.290E-03    8.01  2.792E-08  -68.20      2.31273E-04                 0.0000     0.00   LINEAR
   96.00    0.00   6.456E-03    6.95  3.491E-08  -71.37      5.23830E-04                 0.0000     0.00   LINEAR
   98.00    0.00   8.647E-03    5.47  4.162E-08  -73.79      9.39584E-04                 0.0000     0.00   LINEAR
  100.00    0.00   1.087E-02    3.56  4.794E-08  -75.79      1.48403E-03                 0.0000     0.00   LINEAR
  102.00    0.00   1.312E-02    1.24  5.380E-08  -77.50      2.16320E-03                 0.0000     0.00   LINEAR
  104.00    0.00   1.541E-02   -1.50  5.915E-08  -78.96      2.98284E-03                 0.0000     0.00   LINEAR
  106.00    0.00   1.772E-02   -4.66  6.398E-08  -80.18      3.94728E-03                 0.0000     0.00   LINEAR
  108.00    0.00   2.006E-02   -8.23  6.829E-08  -81.10      5.05808E-03                 0.0000     0.00   LINEAR
  110.00    0.00   2.241E-02  -12.20  7.219E-08  -81.67      6.31232E-03                 0.0000     0.00   LINEAR
  112.00    0.00   2.475E-02  -16.58  7.585E-08  -81.84      7.70068E-03                 0.0000     0.00   LINEAR
  114.00    0.00   2.707E-02  -21.35  7.953E-08  -81.57      9.20535E-03                 0.0000     0.00   LINEAR
  116.00    0.00   2.931E-02  -26.52  8.360E-08  -80.87      1.07978E-02                 0.0000     0.00   LINEAR
  118.00    0.00   3.146E-02  -32.07  8.855E-08  -79.86      1.24369E-02                 0.0000     0.00   LINEAR
  120.00    0.00   3.346E-02  -38.01  9.489E-08  -78.74      1.40670E-02                 0.0000     0.00   LINEAR
  122.00    0.00   3.525E-02  -44.31  1.031E-07  -77.83      1.56177E-02                 0.0000     0.00   LINEAR
  124.00    0.00   3.679E-02  -50.99  1.137E-07  -77.45      1.70043E-02                 0.0000     0.00   LINEAR
  126.00    0.00   3.798E-02  -58.01  1.269E-07  -77.91      1.81297E-02                 0.0000     0.00   LINEAR
  128.00    0.00   3.877E-02  -65.39  1.426E-07  -79.38      1.88901E-02                 0.0000     0.00   LINEAR
  130.00    0.00   3.907E-02  -73.10  1.609E-07  -81.95      1.91817E-02                 0.0000     0.00   LINEAR
  132.00    0.00   3.879E-02  -81.14  1.815E-07  -85.60      1.89117E-02                 0.0000     0.00   LINEAR
  134.00    0.00   3.786E-02  -89.48  2.040E-07  -90.26      1.80115E-02                 0.0000     0.00   LINEAR
  136.00    0.00   3.618E-02  -98.11  2.280E-07  -95.84      1.64527E-02                 0.0000     0.00   LINEAR
  138.00    0.00   3.369E-02 -107.01  2.529E-07 -102.24      1.42642E-02                 0.0000     0.00   LINEAR
  140.00    0.00   3.032E-02 -116.15  2.781E-07 -109.37      1.15485E-02                 0.0000     0.00   LINEAR
  142.00    0.00   2.600E-02 -125.45  3.031E-07 -117.12      8.49611E-03                 0.0000     0.00   LINEAR
  144.00    0.00   2.072E-02 -134.79  3.269E-07 -125.42      5.39381E-03                 0.0000     0.00   LINEAR
  146.00    0.00   1.445E-02 -143.77  3.491E-07 -134.18      2.62487E-03                 0.0000  -180.00   LINEAR
  148.00    0.00   7.237E-03 -150.32  3.686E-07 -143.35      6.58195E-04                 0.0000  -180.00   LINEAR
  150.00    0.00   1.398E-03  -32.58  3.850E-07 -152.84      2.45639E-05                 0.0002    -0.01   LINEAR
  152.00    0.00   1.009E-02   -5.05  3.973E-07 -162.59      1.27925E-03                 0.0000    -0.00   LINEAR
  154.00    0.00   1.985E-02  -13.42  4.050E-07 -172.54      4.95227E-03                 0.0000    -0.00   LINEAR
  156.00    0.00   3.024E-02  -23.74  4.076E-07  177.39      1.14894E-02                 0.0000    -0.00   LINEAR
  158.00    0.00   4.106E-02  -34.73  4.045E-07  167.29      2.11893E-02                 0.0000    -0.00   LINEAR
  160.00    0.00   5.213E-02  -46.09  3.957E-07  157.26      3.41443E-02                 0.0000    -0.00   LINEAR
  162.00    0.00   6.320E-02  -57.71  3.810E-07  147.42      5.01923E-02                 0.0000    -0.00   LINEAR
  164.00    0.00   7.404E-02  -69.52  3.608E-07  137.95      6.88890E-02                 0.0000    -0.00   LINEAR
  166.00    0.00   8.440E-02  -81.51  3.355E-07  129.06      8.95063E-02                 0.0000    -0.00   LINEAR
  168.00    0.00   9.401E-02  -93.64  3.063E-07  121.07      1.11063E-01                 0.0000    -0.00   LINEAR
  170.00    0.00   1.026E-01 -105.88  2.748E-07  114.45      1.32385E-01                 0.0000    -0.00   LINEAR
  172.00    0.00   1.101E-01 -118.22  2.431E-07  109.81      1.52195E-01                 0.0000    -0.00   LINEAR
  174.00    0.00   1.160E-01 -130.64  2.148E-07  107.90      1.69223E-01                 0.0000    -0.00   LINEAR
  176.00    0.00   1.205E-01 -143.13  1.944E-07  109.16      1.82321E-01                 0.0000   180.00   LINEAR
  178.00    0.00   1.231E-01 -155.66  1.866E-07  112.83      1.90573E-01                 0.0000   180.00   LINEAR
  180.00    0.00   1.241E-01 -168.23  1.934E-07  116.56      1.93391E-01                 0.0000  -180.00   LINEAR
  182.00    0.00   1.231E-01  179.19  2.129E-07  117.95      1.90572E-01                 0.0000  -180.00   LINEAR
  184.00    0.00   1.205E-01  166.61  2.401E-07  116.20      1.82319E-01                 0.0000  -180.00   LINEAR
  186.00    0.00   1.160E-01  154.04  2.706E-07  111.73      1.69221E-01                 0.0000  -180.00   LINEAR
  188.00    0.00   1.101E-01  141.50  3.007E-07  105.27      1.52193E-01                 0.0000  -180.00   LINEAR
  190.00    0.00   1.026E-01  129.00  3.281E-07   97.46      1.32382E-01                 0.0000  -180.00   LINEAR
  192.00    0.00   9.401E-02  116.56  3.511E-07   88.77      1.11061E-01                 0.0000  -180.00   LINEAR
  194.00    0.00   8.440E-02  104.18  3.686E-07   79.51      8.95045E-02                 0.0000  -180.00   LINEAR
  196.00    0.00   7.404E-02   91.87  3.802E-07   69.94      6.88877E-02                 0.0000  -180.00   LINEAR
  198.00    0.00   6.320E-02   79.64  3.856E-07   60.21      5.01917E-02                 0.0000  -180.00   LINEAR
  200.00    0.00   5.213E-02   67.48  3.848E-07   50.48      3.41443E-02                 0.0000  -180.00   LINEAR
  202.00    0.00   4.106E-02   55.36  3.781E-07   40.84      2.11898E-02                 0.0000  -180.00   LINEAR
  204.00    0.00   3.024E-02   43.19  3.662E-07   31.42      1.14901E-02                 0.0000     0.00   LINEAR
  206.00    0.00   1.985E-02   30.71  3.497E-07   22.30      4.95305E-03                 0.0000     0.00   LINEAR
  208.00    0.00   1.009E-02   16.66  3.293E-07   13.60      1.27986E-03                 0.0000     0.00   LINEAR
  210.00    0.00   1.404E-03  -32.97  3.062E-07    5.41      2.47871E-05                 0.0001     0.01   LINEAR
  212.00    0.00   7.235E-03 -172.07  2.811E-07   -2.13      6.57856E-04                 0.0000   180.00   LINEAR
  214.00    0.00   1.445E-02  173.35  2.551E-07   -8.89      2.62384E-03                 0.0000   180.00   LINEAR
  216.00    0.00   2.071E-02  161.73  2.291E-07  -14.69      5.39202E-03                 0.0000   180.00   LINEAR
  218.00    0.00   2.600E-02  150.98  2.043E-07  -19.37      8.49355E-03                 0.0000   180.00   LINEAR
  220.00    0.00   3.031E-02  140.73  1.814E-07  -22.75      1.15452E-02                 0.0000   180.00   LINEAR
  222.00    0.00   3.369E-02  130.88  1.615E-07  -24.69      1.42603E-02                 0.0000   180.00   LINEAR
  224.00    0.00   3.618E-02  121.39  1.451E-07  -25.20      1.64483E-02                 0.0000   180.00   LINEAR
  226.00    0.00   3.785E-02  112.24  1.326E-07  -24.50      1.80067E-02                 0.0000   180.00   LINEAR
  228.00    0.00   3.879E-02  103.43  1.242E-07  -23.03      1.89066E-02                 0.0000   180.00   LINEAR
  230.00    0.00   3.906E-02   94.97  1.192E-07  -21.42      1.91766E-02                 0.0000   180.00   LINEAR
  232.00    0.00   3.877E-02   86.85  1.168E-07  -20.19      1.88851E-02                 0.0000   180.00   LINEAR
  234.00    0.00   3.798E-02   79.09  1.160E-07  -19.68      1.81249E-02                 0.0000   180.00   LINEAR
  236.00    0.00   3.678E-02   71.70  1.158E-07  -19.97      1.69997E-02                 0.0000   180.00   LINEAR
  238.00    0.00   3.525E-02   64.67  1.155E-07  -20.99      1.56135E-02                 0.0000  -180.00   LINEAR
  240.00    0.00   3.345E-02   58.02  1.146E-07  -22.57      1.40632E-02                 0.0000  -180.00   LINEAR
  242.00    0.00   3.146E-02   51.77  1.127E-07  -24.55      1.24334E-02                 0.0000  -180.00   LINEAR
  244.00    0.00   2.931E-02   45.90  1.096E-07  -26.77      1.07948E-02                 0.0000  -180.00   LINEAR
  246.00    0.00   2.706E-02   40.44  1.054E-07  -29.11      9.20278E-03                 0.0000     0.00   LINEAR
  248.00    0.00   2.475E-02   35.39  9.994E-08  -31.43      7.69852E-03                 0.0000     0.00   LINEAR
  250.00    0.00   2.241E-02   30.75  9.339E-08  -33.65      6.31053E-03                 0.0000     0.00   LINEAR
  252.00    0.00   2.006E-02   26.54  8.580E-08  -35.67      5.05664E-03                 0.0000     0.00   LINEAR
  254.00    0.00   1.772E-02   22.75  7.730E-08  -37.40      3.94615E-03                 0.0000     0.00   LINEAR
  256.00    0.00   1.540E-02   19.40  6.801E-08  -38.75      2.98198E-03                 0.0000     0.00   LINEAR
  258.00    0.00   1.312E-02   16.48  5.806E-08  -39.56      2.16257E-03                 0.0000     0.00   LINEAR
  260.00    0.00   1.087E-02   14.01  4.760E-08  -39.58      1.48360E-03                 0.0000     0.00   LINEAR
  262.00    0.00   8.646E-03   11.98  3.677E-08  -38.29      9.39310E-04                 0.0000     0.00   LINEAR
  264.00    0.00   6.455E-03   10.40  2.579E-08  -34.32      5.23677E-04                 0.0000     0.00   LINEAR
  266.00    0.00   4.289E-03    9.27  1.513E-08  -22.45      2.31206E-04                 0.0000     0.00   LINEAR
  268.00    0.00   2.140E-03    8.59  7.622E-09   25.77      5.75654E-05                 0.0000     0.00   LINEAR
  270.00    0.00   2.270E-08  -74.80  1.254E-08   90.53      8.45105E-15                 0.1084   -28.49   LEFT  
  272.00    0.00   2.140E-03 -171.41  2.283E-08  107.94      5.75651E-05                 0.0000  -180.00   LINEAR
  274.00    0.00   4.289E-03 -170.73  3.369E-08  114.46      2.31205E-04                 0.0000  -180.00   LINEAR
  276.00    0.00   6.455E-03 -169.60  4.444E-08  118.08      5.23676E-04                 0.0000  -180.00   LINEAR
  278.00    0.00   8.646E-03 -168.02  5.486E-08  120.68      9.39309E-04                 0.0000  -180.00   LINEAR
  280.00    0.00   1.087E-02 -165.99  6.480E-08  122.86      1.48360E-03                 0.0000  -180.00   LINEAR
  282.00    0.00   1.312E-02 -163.52  7.415E-08  124.90      2.16257E-03                 0.0000  -180.00   LINEAR
  284.00    0.00   1.540E-02 -160.60  8.280E-08  126.88      2.98198E-03                 0.0000  -180.00   LINEAR
  286.00    0.00   1.772E-02 -157.25  9.067E-08  128.87      3.94615E-03                 0.0000  -180.00   LINEAR
  288.00    0.00   2.006E-02 -153.46  9.768E-08  130.87      5.05664E-03                 0.0000  -180.00   LINEAR
  290.00    0.00   2.241E-02 -149.25  1.038E-07  132.84      6.31053E-03                 0.0000  -180.00   LINEAR
  292.00    0.00   2.475E-02 -144.61  1.089E-07  134.76      7.69852E-03                 0.0000  -180.00   LINEAR
  294.00    0.00   2.706E-02 -139.56  1.132E-07  136.57      9.20279E-03                 0.0000  -180.00   LINEAR
  296.00    0.00   2.931E-02 -134.10  1.166E-07  138.20      1.07948E-02                 0.0000     0.00   LINEAR
  298.00    0.00   3.146E-02 -128.23  1.194E-07  139.56      1.24334E-02                 0.0000    -0.00   LINEAR
  300.00    0.00   3.345E-02 -121.97  1.217E-07  140.60      1.40632E-02                 0.0000    -0.00   LINEAR
  302.00    0.00   3.525E-02 -115.33  1.240E-07  141.26      1.56135E-02                 0.0000    -0.00   LINEAR
  304.00    0.00   3.678E-02 -108.30  1.268E-07  141.54      1.69997E-02                 0.0000    -0.00   LINEAR
  306.00    0.00   3.798E-02 -100.91  1.306E-07  141.52      1.81249E-02                 0.0000    -0.00   LINEAR
  308.00    0.00   3.877E-02  -93.15  1.360E-07  141.37      1.88851E-02                 0.0000    -0.00   LINEAR
  310.00    0.00   3.906E-02  -85.03  1.436E-07  141.36      1.91766E-02                 0.0000    -0.00   LINEAR
  312.00    0.00   3.879E-02  -76.57  1.536E-07  141.80      1.89067E-02                 0.0000    -0.00   LINEAR
  314.00    0.00   3.785E-02  -67.76  1.663E-07  142.96      1.80067E-02                 0.0000    -0.00   LINEAR
  316.00    0.00   3.618E-02  -58.61  1.816E-07  145.04      1.64483E-02                 0.0000    -0.00   LINEAR
  318.00    0.00   3.369E-02  -49.12  1.990E-07  148.14      1.42603E-02                 0.0000    -0.00   LINEAR
  320.00    0.00   3.031E-02  -39.27  2.182E-07  152.24      1.15452E-02                 0.0000    -0.00   LINEAR
  322.00    0.00   2.600E-02  -29.02  2.384E-07  157.30      8.49357E-03                 0.0000    -0.00   LINEAR
  324.00    0.00   2.071E-02  -18.27  2.591E-07  163.23      5.39203E-03                 0.0000    -0.00   LINEAR
  326.00    0.00   1.445E-02   -6.65  2.795E-07  169.93      2.62385E-03                 0.0000    -0.00   LINEAR
  328.00    0.00   7.235E-03    7.93  2.989E-07  177.29      6.57859E-04                 0.0000    -0.00   LINEAR
  330.00    0.00   1.404E-03  147.03  3.166E-07 -174.77      2.47867E-05                 0.0001  -179.99   LINEAR
  332.00    0.00   1.009E-02 -163.34  3.319E-07 -166.35      1.27986E-03                 0.0000  -180.00   LINEAR
  334.00    0.00   1.985E-02 -149.29  3.441E-07 -157.54      4.95304E-03                 0.0000  -180.00   LINEAR
  336.00    0.00   3.024E-02 -136.81  3.528E-07 -148.43      1.14901E-02                 0.0000  -180.00   LINEAR
  338.00    0.00   4.106E-02 -124.64  3.574E-07 -139.09      2.11897E-02                 0.0000     0.00   LINEAR
  340.00    0.00   5.213E-02 -112.52  3.576E-07 -129.62      3.41443E-02                 0.0000     0.00   LINEAR
  342.00    0.00   6.320E-02 -100.36  3.531E-07 -120.13      5.01917E-02                 0.0000     0.00   LINEAR
  344.00    0.00   7.404E-02  -88.13  3.441E-07 -110.72      6.88877E-02                 0.0000     0.00   LINEAR
  346.00    0.00   8.440E-02  -75.82  3.305E-07 -101.54      8.95045E-02                 0.0000     0.00   LINEAR
  348.00    0.00   9.401E-02  -63.44  3.129E-07  -92.77      1.11061E-01                 0.0000     0.00   LINEAR
  350.00    0.00   1.026E-01  -51.00  2.918E-07  -84.65      1.32382E-01                 0.0000     0.00   LINEAR
  352.00    0.00   1.101E-01  -38.50  2.684E-07  -77.50      1.52193E-01                 0.0000     0.00   LINEAR
  354.00    0.00   1.160E-01  -25.96  2.441E-07  -71.72      1.69221E-01                 0.0000     0.00   LINEAR
  356.00    0.00   1.205E-01  -13.39  2.211E-07  -67.79      1.82319E-01                 0.0000     0.00   LINEAR
  358.00    0.00   1.231E-01   -0.81  2.021E-07  -66.07      1.90572E-01                 0.0000     0.00   LINEAR
  360.00    0.00   1.241E-01   11.77  1.903E-07  -66.52      1.93391E-01                 0.0000     0.00   LINEAR
