 0.00    0.00   1.657E-01   15.82  2.432E-08  116.75      3.45021E-01                 0.0000    -0.00   LINEAR
    2.00    0.00   1.645E-01   28.38  3.591E-07   16.82      3.40014E-01                 0.0000     0.00   LINEAR
    4.00    0.00   1.609E-01   40.90  7.101E-07   27.66      3.25346E-01                 0.0000     0.00   LINEAR
    6.00    0.00   1.550E-01   53.37  1.026E-06   39.65      3.02063E-01                 0.0000  -180.00   LINEAR
    8.00    0.00   1.471E-01   65.77  1.292E-06   51.91      2.71785E-01                 0.0000  -180.00   LINEAR
   10.00    0.00   1.372E-01   78.09  1.496E-06   64.23      2.36547E-01                 0.0000  -180.00   LINEAR
   12.00    0.00   1.257E-01   90.30  1.628E-06   76.56      1.98605E-01                 0.0000  -180.00   LINEAR
   14.00    0.00   1.129E-01  102.38  1.684E-06   88.86      1.60223E-01                 0.0000  -180.00   LINEAR
   16.00    0.00   9.913E-02  114.31  1.662E-06  101.12      1.23488E-01                 0.0000  -180.00   LINEAR
   18.00    0.00   8.470E-02  126.06  1.567E-06  113.33      9.01436E-02                 0.0000  -180.00   LINEAR
   20.00    0.00   6.995E-02  137.60  1.405E-06  125.51      6.14866E-02                 0.0000  -180.00   LINEAR
   22.00    0.00   5.522E-02  148.84  1.185E-06  137.74      3.83115E-02                 0.0000  -180.00   LINEAR
   24.00    0.00   4.079E-02  159.67  9.188E-07  150.15      2.09127E-02                 0.0000  -180.00   LINEAR
   26.00    0.00   2.696E-02  169.71  6.204E-07  163.31      9.13319E-03                 0.0000  -180.00   LINEAR
   28.00    0.00   1.396E-02  177.47  3.048E-07 -179.94      2.44934E-03                 0.0000  -180.00   LINEAR
   30.00    0.00   2.450E-03  152.79  6.202E-08  -66.44      7.54324E-05                 0.0000   180.00   LINEAR
   32.00    0.00   9.249E-03   35.93  3.459E-07    1.66      1.07491E-03                 0.0000     0.00   LINEAR
   34.00    0.00   1.885E-02   41.02  6.419E-07   16.65      4.46481E-03                 0.0000     0.00   LINEAR
   36.00    0.00   2.721E-02   49.56  9.115E-07   28.51      9.30397E-03                 0.0000  -180.00   LINEAR
   38.00    0.00   3.427E-02   58.67  1.146E-06   39.34      1.47595E-02                 0.0000  -180.00   LINEAR
   40.00    0.00   4.004E-02   67.81  1.341E-06   49.59      2.01493E-02                 0.0000  -180.00   LINEAR
   42.00    0.00   4.457E-02   76.82  1.492E-06   59.40      2.49614E-02                 0.0000  -180.00   LINEAR
   44.00    0.00   4.792E-02   85.61  1.600E-06   68.83      2.88541E-02                 0.0000  -180.00   LINEAR
   46.00    0.00   5.018E-02   94.15  1.664E-06   77.90      3.16417E-02                 0.0000  -180.00   LINEAR
   48.00    0.00   5.145E-02  102.41  1.688E-06   86.61      3.32691E-02                 0.0000  -180.00   LINEAR
   50.00    0.00   5.185E-02  110.36  1.675E-06   94.98      3.37835E-02                 0.0000  -180.00   LINEAR
   52.00    0.00   5.148E-02  117.99  1.630E-06  102.99      3.33034E-02                 0.0000  -180.00   LINEAR
   54.00    0.00   5.046E-02  125.29  1.557E-06  110.66      3.19911E-02                 0.0000  -180.00   LINEAR
   56.00    0.00   4.888E-02  132.25  1.462E-06  117.96      3.00289E-02                 0.0000  -180.00   LINEAR
   58.00    0.00   4.687E-02  138.85  1.350E-06  124.89      2.76001E-02                 0.0000  -180.00   LINEAR
   60.00    0.00   4.449E-02  145.09  1.226E-06  131.46      2.48758E-02                 0.0000  -180.00   LINEAR
   62.00    0.00   4.185E-02  150.97  1.095E-06  137.66      2.20063E-02                 0.0000  -180.00   LINEAR
   64.00    0.00   3.900E-02  156.46  9.612E-07  143.48      1.91167E-02                 0.0000  -180.00   LINEAR
   66.00    0.00   3.602E-02  161.57  8.275E-07  148.93      1.63057E-02                 0.0000  -180.00   LINEAR
   68.00    0.00   3.295E-02  166.29  6.974E-07  154.01      1.36469E-02                 0.0000  -180.00   LINEAR
   70.00    0.00   2.984E-02  170.61  5.734E-07  158.74      1.11913E-02                 0.0000  -180.00   LINEAR
   72.00    0.00   2.672E-02  174.54  4.576E-07  163.12      8.97115E-03                 0.0000  -180.00   LINEAR
   74.00    0.00   2.361E-02  178.06  3.515E-07  167.21      7.00350E-03                 0.0000  -180.00   LINEAR
   76.00    0.00   2.053E-02 -178.82  2.563E-07  171.09      5.29400E-03                 0.0000  -180.00   LINEAR
   78.00    0.00   1.748E-02 -176.11  1.729E-07  175.00      3.84035E-03                 0.0000  -180.00   LINEAR
   80.00    0.00   1.448E-02 -173.82  1.018E-07  179.63      2.63523E-03                 0.0000  -180.00   LINEAR
   82.00    0.00   1.152E-02 -171.94  4.370E-08 -171.35      1.66878E-03                 0.0000  -180.00   LINEAR
   84.00    0.00   8.605E-03 -170.48  9.630E-09  -73.07      9.30508E-04                 0.0000   180.00   LINEAR
   86.00    0.00   5.718E-03 -169.43  3.708E-08  -14.56      4.10870E-04                 0.0000   180.00   LINEAR
   88.00    0.00   2.853E-03 -168.80  5.654E-08   -8.55      1.02306E-04                 0.0000   180.00   LINEAR
   90.00    0.00   4.583E-08 -123.16  6.328E-08   -6.69      7.67197E-14                 0.5574   116.82   LEFT  
   92.00    0.00   2.853E-03   11.20  5.709E-08   -6.57      1.02301E-04                 0.0000     0.00   LINEAR
   94.00    0.00   5.718E-03   10.57  3.795E-08   -8.48      4.10860E-04                 0.0000     0.00   LINEAR
   96.00    0.00   8.605E-03    9.52  6.503E-09  -34.51      9.30494E-04                 0.0000     0.00   LINEAR
   98.00    0.00   1.152E-02    8.06  3.965E-08  179.03      1.66876E-03                 0.0000    -0.00   LINEAR
  100.00    0.00   1.448E-02    6.18  9.756E-08  174.40      2.63521E-03                 0.0000    -0.00   LINEAR
  102.00    0.00   1.748E-02    3.89  1.682E-07  171.32      3.84032E-03                 0.0000    -0.00   LINEAR
  104.00    0.00   2.053E-02    1.18  2.511E-07  168.21      5.29397E-03                 0.0000    -0.00   LINEAR
  106.00    0.00   2.361E-02   -1.94  3.458E-07  164.83      7.00347E-03                 0.0000    -0.00   LINEAR
  108.00    0.00   2.672E-02   -5.46  4.515E-07  161.09      8.97112E-03                 0.0000    -0.00   LINEAR
  110.00    0.00   2.984E-02   -9.39  5.669E-07  156.97      1.11913E-02                 0.0000    -0.00   LINEAR
  112.00    0.00   3.295E-02  -13.71  6.906E-07  152.45      1.36468E-02                 0.0000    -0.00   LINEAR
  114.00    0.00   3.602E-02  -18.43  8.205E-07  147.52      1.63057E-02                 0.0000    -0.00   LINEAR
  116.00    0.00   3.900E-02  -23.54  9.541E-07  142.20      1.91167E-02                 0.0000    -0.00   LINEAR
  118.00    0.00   4.185E-02  -29.03  1.088E-06  136.49      2.20063E-02                 0.0000    -0.00   LINEAR
  120.00    0.00   4.449E-02  -34.91  1.220E-06  130.38      2.48758E-02                 0.0000    -0.00   LINEAR
  122.00    0.00   4.687E-02  -41.15  1.344E-06  123.89      2.76001E-02                 0.0000    -0.00   LINEAR
  124.00    0.00   4.888E-02  -47.75  1.456E-06  117.02      3.00289E-02                 0.0000    -0.00   LINEAR
  126.00    0.00   5.046E-02  -54.71  1.552E-06  109.78      3.19911E-02                 0.0000    -0.00   LINEAR
  128.00    0.00   5.148E-02  -62.01  1.625E-06  102.17      3.33034E-02                 0.0000    -0.00   LINEAR
  130.00    0.00   5.185E-02  -69.64  1.672E-06   94.20      3.37835E-02                 0.0000    -0.00   LINEAR
  132.00    0.00   5.145E-02  -77.59  1.686E-06   85.88      3.32691E-02                 0.0000    -0.00   LINEAR
  134.00    0.00   5.018E-02  -85.85  1.663E-06   77.20      3.16417E-02                 0.0000    -0.00   LINEAR
  136.00    0.00   4.792E-02  -94.39  1.599E-06   68.17      2.88542E-02                 0.0000    -0.00   LINEAR
  138.00    0.00   4.457E-02 -103.18  1.493E-06   58.78      2.49614E-02                 0.0000    -0.00   LINEAR
  140.00    0.00   4.004E-02 -112.19  1.343E-06   49.01      2.01493E-02                 0.0000    -0.00   LINEAR
  142.00    0.00   3.427E-02 -121.33  1.149E-06   38.81      1.47596E-02                 0.0000    -0.00   LINEAR
  144.00    0.00   2.721E-02 -130.44  9.157E-07   28.05      9.30399E-03                 0.0000    -0.00   LINEAR
  146.00    0.00   1.885E-02 -138.98  6.471E-07   16.34      4.46482E-03                 0.0000   180.00   LINEAR
  148.00    0.00   9.249E-03 -144.07  3.517E-07    1.82      1.07492E-03                 0.0000   180.00   LINEAR
  150.00    0.00   2.450E-03  -27.21  6.132E-08  -59.12      7.54358E-05                 0.0000     0.00   LINEAR
  152.00    0.00   1.396E-02   -2.53  2.960E-07  178.69      2.44935E-03                 0.0000    -0.00   LINEAR
  154.00    0.00   2.696E-02  -10.29  6.116E-07  162.15      9.13319E-03                 0.0000    -0.00   LINEAR
  156.00    0.00   4.079E-02  -20.33  9.100E-07  149.07      2.09126E-02                 0.0000    -0.00   LINEAR
  158.00    0.00   5.522E-02  -31.16  1.176E-06  136.66      3.83115E-02                 0.0000    -0.00   LINEAR
  160.00    0.00   6.995E-02  -42.40  1.397E-06  124.42      6.14866E-02                 0.0000    -0.00   LINEAR
  162.00    0.00   8.470E-02  -53.93  1.560E-06  112.18      9.01436E-02                 0.0000    -0.00   LINEAR
  164.00    0.00   9.913E-02  -65.69  1.656E-06   99.89      1.23488E-01                 0.0000    -0.00   LINEAR
  166.00    0.00   1.129E-01  -77.62  1.679E-06   87.52      1.60223E-01                 0.0000    -0.00   LINEAR
  168.00    0.00   1.257E-01  -89.70  1.624E-06   75.05      1.98605E-01                 0.0000    -0.00   LINEAR
  170.00    0.00   1.372E-01 -101.91  1.494E-06   62.47      2.36547E-01                 0.0000    -0.00   LINEAR
  172.00    0.00   1.471E-01 -114.23  1.292E-06   49.76      2.71785E-01                 0.0000    -0.00   LINEAR
  174.00    0.00   1.550E-01 -126.63  1.029E-06   36.84      3.02063E-01                 0.0000    -0.00   LINEAR
  176.00    0.00   1.609E-01 -139.10  7.146E-07   23.49      3.25346E-01                 0.0000   180.00   LINEAR
  178.00    0.00   1.645E-01 -151.62  3.661E-07    8.52      3.40013E-01                 0.0000   180.00   LINEAR
  180.00    0.00   1.657E-01 -164.18  3.088E-08  -93.28      3.45020E-01                 0.0000  -180.00   LINEAR
  182.00    0.00   1.645E-01 -176.77  3.699E-07  172.90      3.40007E-01                 0.0000  -180.00   LINEAR
  184.00    0.00   1.609E-01  170.64  7.170E-07  158.01      3.25334E-01                 0.0000  -180.00   LINEAR
  186.00    0.00   1.550E-01  158.06  1.029E-06  144.72      3.02046E-01                 0.0000  -180.00   LINEAR
  188.00    0.00   1.471E-01  145.50  1.290E-06  131.89      2.71764E-01                 0.0000  -180.00   LINEAR
  190.00    0.00   1.372E-01  132.98  1.487E-06  119.28      2.36525E-01                 0.0000  -180.00   LINEAR
  192.00    0.00   1.257E-01  120.50  1.613E-06  106.86      1.98582E-01                 0.0000  -180.00   LINEAR
  194.00    0.00   1.129E-01  108.08  1.663E-06   94.59      1.60202E-01                 0.0000  -180.00   LINEAR
  196.00    0.00   9.912E-02   95.72  1.636E-06   82.50      1.23469E-01                 0.0000  -180.00   LINEAR
  198.00    0.00   8.469E-02   83.42  1.536E-06   70.59      9.01282E-02                 0.0000  -180.00   LINEAR
  200.00    0.00   6.994E-02   71.18  1.369E-06   58.92      6.14748E-02                 0.0000  -180.00   LINEAR
  202.00    0.00   5.521E-02   58.94  1.144E-06   47.56      3.83034E-02                 0.0000  -180.00   LINEAR
  204.00    0.00   4.079E-02   46.62  8.748E-07   36.69      2.09077E-02                 0.0000  -180.00   LINEAR
  206.00    0.00   2.696E-02   33.88  5.737E-07   26.82      9.13075E-03                 0.0000     0.00   LINEAR
  208.00    0.00   1.396E-02   19.23  2.560E-07   21.11      2.44854E-03                 0.0000     0.00   LINEAR
  210.00    0.00   2.449E-03  -27.44  8.438E-08  149.03      7.53391E-05                 0.0000    -0.00   LINEAR
  212.00    0.00   9.248E-03 -165.88  3.908E-07  163.12      1.07466E-03                 0.0000  -180.00   LINEAR
  214.00    0.00   1.885E-02  178.13  6.866E-07  155.38      4.46365E-03                 0.0000  -180.00   LINEAR
  216.00    0.00   2.721E-02  166.07  9.544E-07  146.16      9.30135E-03                 0.0000  -180.00   LINEAR
  218.00    0.00   3.427E-02  155.09  1.187E-06  136.68      1.47551E-02                 0.0000  -180.00   LINEAR
  220.00    0.00   4.004E-02  144.69  1.378E-06  127.26      2.01429E-02                 0.0000  -180.00   LINEAR
  222.00    0.00   4.456E-02  134.71  1.526E-06  118.02      2.49530E-02                 0.0000  -180.00   LINEAR
  224.00    0.00   4.791E-02  125.12  1.629E-06  109.01      2.88441E-02                 0.0000  -180.00   LINEAR
  226.00    0.00   5.017E-02  115.87  1.690E-06  100.27      3.16302E-02                 0.0000  -180.00   LINEAR
  228.00    0.00   5.144E-02  106.98  1.709E-06   91.83      3.32566E-02                 0.0000  -180.00   LINEAR
  230.00    0.00   5.184E-02   98.43  1.692E-06   83.70      3.37703E-02                 0.0000  -180.00   LINEAR
  232.00    0.00   5.147E-02   90.24  1.643E-06   75.91      3.32900E-02                 0.0000  -180.00   LINEAR
  234.00    0.00   5.045E-02   82.41  1.566E-06   68.47      3.19779E-02                 0.0000  -180.00   LINEAR
  236.00    0.00   4.887E-02   74.94  1.467E-06   61.39      3.00162E-02                 0.0000  -180.00   LINEAR
  238.00    0.00   4.686E-02   67.85  1.352E-06   54.70      2.75881E-02                 0.0000  -180.00   LINEAR
  240.00    0.00   4.448E-02   61.13  1.225E-06   48.40      2.48648E-02                 0.0000  -180.00   LINEAR
  242.00    0.00   4.184E-02   54.81  1.092E-06   42.52      2.19964E-02                 0.0000  -180.00   LINEAR
  244.00    0.00   3.899E-02   48.89  9.553E-07   37.08      1.91079E-02                 0.0000  -180.00   LINEAR
  246.00    0.00   3.601E-02   43.37  8.197E-07   32.10      1.62981E-02                 0.0000     0.00   LINEAR
  248.00    0.00   3.295E-02   38.26  6.881E-07   27.63      1.36404E-02                 0.0000     0.00   LINEAR
  250.00    0.00   2.984E-02   33.58  5.630E-07   23.73      1.11859E-02                 0.0000     0.00   LINEAR
  252.00    0.00   2.671E-02   29.31  4.465E-07   20.49      8.96679E-03                 0.0000     0.00   LINEAR
  254.00    0.00   2.360E-02   25.48  3.401E-07   18.09      7.00005E-03                 0.0000     0.00   LINEAR
  256.00    0.00   2.052E-02   22.09  2.450E-07   16.90      5.29137E-03                 0.0000     0.00   LINEAR
  258.00    0.00   1.748E-02   19.14  1.624E-07   17.82      3.83843E-03                 0.0000     0.00   LINEAR
  260.00    0.00   1.448E-02   16.64  9.351E-08   23.74      2.63391E-03                 0.0000     0.00   LINEAR
  262.00    0.00   1.152E-02   14.58  4.290E-08   48.26      1.66793E-03                 0.0000     0.00   LINEAR
  264.00    0.00   8.603E-03   12.98  3.414E-08  117.74      9.30037E-04                 0.0000    -0.00   LINEAR
  266.00    0.00   5.717E-03   11.84  5.630E-08  147.54      4.10662E-04                 0.0000    -0.00   LINEAR
  268.00    0.00   2.853E-03   11.15  7.289E-08  155.25      1.02255E-04                 0.0000    -0.00   LINEAR
  270.00    0.00   6.151E-08  -18.38  7.805E-08  157.20      1.24087E-13                 0.0375   -51.78   LEFT  
  272.00    0.00   2.852E-03 -168.85  7.102E-08  155.79      1.02247E-04                 0.0000  -180.00   LINEAR
  274.00    0.00   5.716E-03 -168.16  5.241E-08  148.41      4.10647E-04                 0.0000  -180.00   LINEAR
  276.00    0.00   8.603E-03 -167.02  2.860E-08  113.79      9.30015E-04                 0.0000  -180.00   LINEAR
  278.00    0.00   1.152E-02 -165.42  4.365E-08   37.85      1.66790E-03                 0.0000   180.00   LINEAR
  280.00    0.00   1.448E-02 -163.36  9.827E-08   18.62      2.63387E-03                 0.0000   180.00   LINEAR
  282.00    0.00   1.748E-02 -160.86  1.693E-07   14.57      3.83839E-03                 0.0000   180.00   LINEAR
  284.00    0.00   2.052E-02 -157.91  2.535E-07   14.50      5.29133E-03                 0.0000   180.00   LINEAR
  286.00    0.00   2.360E-02 -154.51  3.500E-07   16.18      7.00000E-03                 0.0000   180.00   LINEAR
  288.00    0.00   2.671E-02 -150.69  4.576E-07   18.89      8.96673E-03                 0.0000   180.00   LINEAR
  290.00    0.00   2.984E-02 -146.42  5.752E-07   22.35      1.11859E-02                 0.0000   180.00   LINEAR
  292.00    0.00   3.295E-02 -141.74  7.012E-07   26.41      1.36403E-02                 0.0000   180.00   LINEAR
  294.00    0.00   3.601E-02 -136.63  8.335E-07   31.00      1.62981E-02                 0.0000   180.00   LINEAR
  296.00    0.00   3.899E-02 -131.11  9.696E-07   36.08      1.91079E-02                 0.0000    -0.00   LINEAR
  298.00    0.00   4.184E-02 -125.19  1.106E-06   41.60      2.19964E-02                 0.0000    -0.00   LINEAR
  300.00    0.00   4.448E-02 -118.87  1.240E-06   47.55      2.48648E-02                 0.0000    -0.00   LINEAR
  302.00    0.00   4.686E-02 -112.15  1.367E-06   53.90      2.75881E-02                 0.0000    -0.00   LINEAR
  304.00    0.00   4.887E-02 -105.06  1.482E-06   60.64      3.00162E-02                 0.0000    -0.00   LINEAR
  306.00    0.00   5.045E-02  -97.59  1.580E-06   67.76      3.19779E-02                 0.0000    -0.00   LINEAR
  308.00    0.00   5.147E-02  -89.76  1.656E-06   75.23      3.32900E-02                 0.0000    -0.00   LINEAR
  310.00    0.00   5.184E-02  -81.57  1.704E-06   83.05      3.37704E-02                 0.0000    -0.00   LINEAR
  312.00    0.00   5.144E-02  -73.02  1.720E-06   91.20      3.32566E-02                 0.0000    -0.00   LINEAR
  314.00    0.00   5.017E-02  -64.13  1.699E-06   99.67      3.16302E-02                 0.0000    -0.00   LINEAR
  316.00    0.00   4.791E-02  -54.88  1.637E-06  108.42      2.88441E-02                 0.0000    -0.00   LINEAR
  318.00    0.00   4.456E-02  -45.29  1.531E-06  117.45      2.49531E-02                 0.0000    -0.00   LINEAR
  320.00    0.00   4.004E-02  -35.31  1.381E-06  126.71      2.01429E-02                 0.0000    -0.00   LINEAR
  322.00    0.00   3.427E-02  -24.91  1.188E-06  136.15      1.47551E-02                 0.0000    -0.00   LINEAR
  324.00    0.00   2.721E-02  -13.93  9.533E-07  145.65      9.30138E-03                 0.0000    -0.00   LINEAR
  326.00    0.00   1.885E-02   -1.87  6.831E-07  154.92      4.46367E-03                 0.0000    -0.00   LINEAR
  328.00    0.00   9.248E-03   14.12  3.849E-07  162.74      1.07467E-03                 0.0000    -0.00   LINEAR
  330.00    0.00   2.448E-03  152.56  7.621E-08  146.97      7.53359E-05                 0.0000  -180.00   LINEAR
  332.00    0.00   1.396E-02 -160.77  2.655E-07   19.46      2.44853E-03                 0.0000   180.00   LINEAR
  334.00    0.00   2.696E-02 -146.12  5.855E-07   25.73      9.13075E-03                 0.0000   180.00   LINEAR
  336.00    0.00   4.079E-02 -133.38  8.884E-07   35.70      2.09077E-02                 0.0000    -0.00   LINEAR
  338.00    0.00   5.521E-02 -121.06  1.159E-06   46.59      3.83034E-02                 0.0000    -0.00   LINEAR
  340.00    0.00   6.994E-02 -108.82  1.385E-06   57.92      6.14749E-02                 0.0000    -0.00   LINEAR
  342.00    0.00   8.469E-02  -96.58  1.553E-06   69.54      9.01283E-02                 0.0000    -0.00   LINEAR
  344.00    0.00   9.912E-02  -84.28  1.654E-06   81.36      1.23469E-01                 0.0000    -0.00   LINEAR
  346.00    0.00   1.129E-01  -71.92  1.681E-06   93.33      1.60202E-01                 0.0000    -0.00   LINEAR
  348.00    0.00   1.257E-01  -59.50  1.631E-06  105.43      1.98582E-01                 0.0000    -0.00   LINEAR
  350.00    0.00   1.372E-01  -47.02  1.504E-06  117.60      2.36525E-01                 0.0000    -0.00   LINEAR
  352.00    0.00   1.471E-01  -34.50  1.305E-06  129.82      2.71764E-01                 0.0000    -0.00   LINEAR
  354.00    0.00   1.550E-01  -21.94  1.043E-06  142.00      3.02046E-01                 0.0000    -0.00   LINEAR
  356.00    0.00   1.609E-01   -9.36  7.291E-07  153.97      3.25334E-01                 0.0000    -0.00   LINEAR
  358.00    0.00   1.645E-01    3.23  3.798E-07  164.91      3.40007E-01                 0.0000    -0.00   LINEAR
  360.00    0.00   1.657E-01   15.82  2.432E-08  116.75      3.45021E-01                 0.0000    -0.00   LINEAR