 0.00    0.00   0.000E+00    0.00  0.000E+00    0.00      0.00000E+00                 0.0000     0.00   UNDEF.
    2.00    0.00   2.911E-03   12.56  0.000E+00    0.00      1.06521E-04                 0.0000     0.00   LINEAR
    4.00    0.00   5.836E-03   11.93  0.000E+00    0.00      4.28069E-04                 0.0000     0.00   LINEAR
    6.00    0.00   8.788E-03   10.89  0.000E+00    0.00      9.70465E-04                 0.0000     0.00   LINEAR
    8.00    0.00   1.178E-02    9.42  0.000E+00    0.00      1.74295E-03                 0.0000     0.00   LINEAR
   10.00    0.00   1.481E-02    7.54  0.000E+00    0.00      2.75741E-03                 0.0000     0.00   LINEAR
   12.00    0.00   1.790E-02    5.25  0.000E+00    0.00      4.02733E-03                 0.0000     0.00   LINEAR
   14.00    0.00   2.105E-02    2.55  0.000E+00    0.00      5.56614E-03                 0.0000     0.00   LINEAR
   16.00    0.00   2.424E-02   -0.57  0.000E+00    0.00      7.38523E-03                 0.0000     0.00   LINEAR
   18.00    0.00   2.748E-02   -4.09  0.000E+00    0.00      9.49128E-03                 0.0000     0.00   LINEAR
   20.00    0.00   3.075E-02   -8.01  0.000E+00    0.00      1.18830E-02                 0.0000     0.00   LINEAR
   22.00    0.00   3.402E-02  -12.34  0.000E+00    0.00      1.45473E-02                 0.0000     0.00   LINEAR
   24.00    0.00   3.727E-02  -17.06  0.000E+00    0.00      1.74551E-02                 0.0000     0.00   LINEAR
   26.00    0.00   4.045E-02  -22.17  0.000E+00    0.00      2.05567E-02                 0.0000     0.00   LINEAR
   28.00    0.00   4.350E-02  -27.67  0.000E+00    0.00      2.37774E-02                 0.0000     0.00   LINEAR
   30.00    0.00   4.637E-02  -33.54  0.000E+00    0.00      2.70141E-02                 0.0000     0.00   LINEAR
   32.00    0.00   4.897E-02  -39.79  0.000E+00    0.00      3.01329E-02                 0.0000     0.00   LINEAR
   34.00    0.00   5.122E-02  -46.40  0.000E+00    0.00      3.29693E-02                 0.0000     0.00   LINEAR
   36.00    0.00   5.303E-02  -53.36  0.000E+00    0.00      3.53324E-02                 0.0000     0.00   LINEAR
   38.00    0.00   5.427E-02  -60.67  0.000E+00    0.00      3.70134E-02                 0.0000     0.00   LINEAR
   40.00    0.00   5.484E-02  -68.31  0.000E+00    0.00      3.77992E-02                 0.0000     0.00   LINEAR
   42.00    0.00   5.462E-02  -76.28  0.000E+00    0.00      3.74936E-02                 0.0000     0.00   LINEAR
   44.00    0.00   5.348E-02  -84.54  0.000E+00    0.00      3.59433E-02                 0.0000     0.00   LINEAR
   46.00    0.00   5.130E-02  -93.10  0.000E+00    0.00      3.30707E-02                 0.0000     0.00   LINEAR
   48.00    0.00   4.796E-02 -101.91  0.000E+00    0.00      2.89090E-02                 0.0000     0.00   LINEAR
   50.00    0.00   4.337E-02 -110.93  0.000E+00    0.00      2.36384E-02                 0.0000     0.00   LINEAR
   52.00    0.00   3.744E-02 -120.10  0.000E+00    0.00      1.76164E-02                 0.0000     0.00   LINEAR
   54.00    0.00   3.012E-02 -129.25  0.000E+00    0.00      1.13993E-02                 0.0000     0.00   LINEAR
   56.00    0.00   2.138E-02 -137.92  0.000E+00    0.00      5.74618E-03                 0.0000   180.00   LINEAR
   58.00    0.00   1.128E-02 -143.84  0.000E+00    0.00      1.60033E-03                 0.0000   180.00   LINEAR
   60.00    0.00   1.880E-03  -61.69  0.000E+00    0.00      4.44117E-05                 0.0000     0.00   LINEAR
   62.00    0.00   1.331E-02   -2.58  0.000E+00    0.00      2.22598E-03                 0.0000     0.00   LINEAR
   64.00    0.00   2.714E-02   -9.58  0.000E+00    0.00      9.25600E-03                 0.0000     0.00   LINEAR
   66.00    0.00   4.192E-02  -19.46  0.000E+00    0.00      2.20864E-02                 0.0000     0.00   LINEAR
   68.00    0.00   5.738E-02  -30.23  0.000E+00    0.00      4.13774E-02                 0.0000     0.00   LINEAR
   70.00    0.00   7.322E-02  -41.45  0.000E+00    0.00      6.73699E-02                 0.0000     0.00   LINEAR
   72.00    0.00   8.911E-02  -52.97  0.000E+00    0.00      9.97806E-02                 0.0000     0.00   LINEAR
   74.00    0.00   1.047E-01  -64.73  0.000E+00    0.00      1.37737E-01                 0.0000     0.00   LINEAR
   76.00    0.00   1.196E-01  -76.66  0.000E+00    0.00      1.79771E-01                 0.0000     0.00   LINEAR
   78.00    0.00   1.335E-01  -88.75  0.000E+00    0.00      2.23872E-01                 0.0000     0.00   LINEAR
   80.00    0.00   1.459E-01 -100.96  0.000E+00    0.00      2.67618E-01                 0.0000     0.00   LINEAR
   82.00    0.00   1.566E-01 -113.28  0.000E+00    0.00      3.08356E-01                 0.0000     0.00   LINEAR
   84.00    0.00   1.653E-01 -125.68  0.000E+00    0.00      3.43436E-01                 0.0000     0.00   LINEAR
   86.00    0.00   1.717E-01 -138.16  0.000E+00    0.00      3.70454E-01                 0.0000   180.00   LINEAR
   88.00    0.00   1.756E-01 -150.68  0.000E+00    0.00      3.87493E-01                 0.0000   180.00   LINEAR
   90.00    0.00   1.769E-01 -163.25  0.000E+00    0.00      3.93315E-01                 0.0000   180.00   LINEAR
   92.00    0.00   1.756E-01 -175.83  0.000E+00    0.00      3.87493E-01                 0.0000   180.00   LINEAR
   94.00    0.00   1.717E-01  171.58  0.000E+00    0.00      3.70454E-01                 0.0000   180.00   LINEAR
   96.00    0.00   1.653E-01  159.00  0.000E+00    0.00      3.43436E-01                 0.0000   180.00   LINEAR
   98.00    0.00   1.566E-01  146.45  0.000E+00    0.00      3.08357E-01                 0.0000   180.00   LINEAR
  100.00    0.00   1.459E-01  133.93  0.000E+00    0.00      2.67618E-01                 0.0000   180.00   LINEAR
  102.00    0.00   1.335E-01  121.45  0.000E+00    0.00      2.23873E-01                 0.0000   180.00   LINEAR
  104.00    0.00   1.196E-01  109.04  0.000E+00    0.00      1.79771E-01                 0.0000   180.00   LINEAR
  106.00    0.00   1.047E-01   96.68  0.000E+00    0.00      1.37738E-01                 0.0000   180.00   LINEAR
  108.00    0.00   8.911E-02   84.38  0.000E+00    0.00      9.97809E-02                 0.0000   180.00   LINEAR
  110.00    0.00   7.322E-02   72.13  0.000E+00    0.00      6.73701E-02                 0.0000   180.00   LINEAR
  112.00    0.00   5.738E-02   59.87  0.000E+00    0.00      4.13775E-02                 0.0000   180.00   LINEAR
  114.00    0.00   4.192E-02   47.49  0.000E+00    0.00      2.20865E-02                 0.0000   180.00   LINEAR
  116.00    0.00   2.714E-02   34.58  0.000E+00    0.00      9.25604E-03                 0.0000     0.00   LINEAR
  118.00    0.00   1.331E-02   19.16  0.000E+00    0.00      2.22599E-03                 0.0000     0.00   LINEAR
  120.00    0.00   1.880E-03  -61.94  0.000E+00    0.00      4.44131E-05                 0.0000     0.00   LINEAR
  122.00    0.00   1.128E-02 -165.64  0.000E+00    0.00      1.60033E-03                 0.0000   180.00   LINEAR
  124.00    0.00   2.138E-02  179.18  0.000E+00    0.00      5.74620E-03                 0.0000   180.00   LINEAR
  126.00    0.00   3.012E-02  167.25  0.000E+00    0.00      1.13994E-02                 0.0000   180.00   LINEAR
  128.00    0.00   3.744E-02  156.32  0.000E+00    0.00      1.76165E-02                 0.0000   180.00   LINEAR
  130.00    0.00   4.337E-02  145.94  0.000E+00    0.00      2.36385E-02                 0.0000   180.00   LINEAR
  132.00    0.00   4.796E-02  135.98  0.000E+00    0.00      2.89092E-02                 0.0000   180.00   LINEAR
  134.00    0.00   5.130E-02  126.40  0.000E+00    0.00      3.30708E-02                 0.0000   180.00   LINEAR
  136.00    0.00   5.348E-02  117.17  0.000E+00    0.00      3.59435E-02                 0.0000   180.00   LINEAR
  138.00    0.00   5.462E-02  108.29  0.000E+00    0.00      3.74938E-02                 0.0000   180.00   LINEAR
  140.00    0.00   5.485E-02   99.75  0.000E+00    0.00      3.77994E-02                 0.0000   180.00   LINEAR
  142.00    0.00   5.427E-02   91.57  0.000E+00    0.00      3.70136E-02                 0.0000   180.00   LINEAR
  144.00    0.00   5.303E-02   83.74  0.000E+00    0.00      3.53326E-02                 0.0000   180.00   LINEAR
  146.00    0.00   5.122E-02   76.28  0.000E+00    0.00      3.29694E-02                 0.0000   180.00   LINEAR
  148.00    0.00   4.897E-02   69.20  0.000E+00    0.00      3.01330E-02                 0.0000   180.00   LINEAR
  150.00    0.00   4.637E-02   62.49  0.000E+00    0.00      2.70143E-02                 0.0000   180.00   LINEAR
  152.00    0.00   4.350E-02   56.17  0.000E+00    0.00      2.37776E-02                 0.0000   180.00   LINEAR
  154.00    0.00   4.045E-02   50.25  0.000E+00    0.00      2.05568E-02                 0.0000   180.00   LINEAR
  156.00    0.00   3.727E-02   44.73  0.000E+00    0.00      1.74552E-02                 0.0000     0.00   LINEAR
  158.00    0.00   3.402E-02   39.63  0.000E+00    0.00      1.45474E-02                 0.0000     0.00   LINEAR
  160.00    0.00   3.075E-02   34.94  0.000E+00    0.00      1.18831E-02                 0.0000     0.00   LINEAR
  162.00    0.00   2.748E-02   30.68  0.000E+00    0.00      9.49134E-03                 0.0000     0.00   LINEAR
  164.00    0.00   2.424E-02   26.85  0.000E+00    0.00      7.38528E-03                 0.0000     0.00   LINEAR
  166.00    0.00   2.105E-02   23.45  0.000E+00    0.00      5.56618E-03                 0.0000     0.00   LINEAR
  168.00    0.00   1.790E-02   20.50  0.000E+00    0.00      4.02735E-03                 0.0000     0.00   LINEAR
  170.00    0.00   1.481E-02   17.99  0.000E+00    0.00      2.75743E-03                 0.0000     0.00   LINEAR
  172.00    0.00   1.178E-02   15.94  0.000E+00    0.00      1.74296E-03                 0.0000     0.00   LINEAR
  174.00    0.00   8.788E-03   14.33  0.000E+00    0.00      9.70472E-04                 0.0000     0.00   LINEAR
  176.00    0.00   5.837E-03   13.19  0.000E+00    0.00      4.28071E-04                 0.0000     0.00   LINEAR
  178.00    0.00   2.911E-03   12.50  0.000E+00    0.00      1.06521E-04                 0.0000     0.00   LINEAR
  180.00    0.00   1.021E-17   12.27  0.000E+00    0.00      1.30907E-33                 0.0000     0.00   LINEAR
  182.00    0.00   2.911E-03 -167.50  0.000E+00    0.00      1.06521E-04                 0.0000   180.00   LINEAR
  184.00    0.00   5.837E-03 -166.81  0.000E+00    0.00      4.28071E-04                 0.0000   180.00   LINEAR
  186.00    0.00   8.788E-03 -165.67  0.000E+00    0.00      9.70472E-04                 0.0000   180.00   LINEAR
  188.00    0.00   1.178E-02 -164.06  0.000E+00    0.00      1.74296E-03                 0.0000   180.00   LINEAR
  190.00    0.00   1.481E-02 -162.01  0.000E+00    0.00      2.75743E-03                 0.0000   180.00   LINEAR
  192.00    0.00   1.790E-02 -159.50  0.000E+00    0.00      4.02735E-03                 0.0000   180.00   LINEAR
  194.00    0.00   2.105E-02 -156.55  0.000E+00    0.00      5.56618E-03                 0.0000   180.00   LINEAR
  196.00    0.00   2.424E-02 -153.15  0.000E+00    0.00      7.38528E-03                 0.0000   180.00   LINEAR
  198.00    0.00   2.748E-02 -149.32  0.000E+00    0.00      9.49134E-03                 0.0000   180.00   LINEAR
  200.00    0.00   3.075E-02 -145.06  0.000E+00    0.00      1.18831E-02                 0.0000   180.00   LINEAR
  202.00    0.00   3.402E-02 -140.37  0.000E+00    0.00      1.45474E-02                 0.0000   180.00   LINEAR
  204.00    0.00   3.727E-02 -135.27  0.000E+00    0.00      1.74552E-02                 0.0000   180.00   LINEAR
  206.00    0.00   4.045E-02 -129.75  0.000E+00    0.00      2.05568E-02                 0.0000     0.00   LINEAR
  208.00    0.00   4.350E-02 -123.83  0.000E+00    0.00      2.37776E-02                 0.0000     0.00   LINEAR
  210.00    0.00   4.637E-02 -117.51  0.000E+00    0.00      2.70143E-02                 0.0000     0.00   LINEAR
  212.00    0.00   4.897E-02 -110.80  0.000E+00    0.00      3.01330E-02                 0.0000     0.00   LINEAR
  214.00    0.00   5.122E-02 -103.72  0.000E+00    0.00      3.29694E-02                 0.0000     0.00   LINEAR
  216.00    0.00   5.303E-02  -96.26  0.000E+00    0.00      3.53326E-02                 0.0000     0.00   LINEAR
  218.00    0.00   5.427E-02  -88.43  0.000E+00    0.00      3.70136E-02                 0.0000     0.00   LINEAR
  220.00    0.00   5.485E-02  -80.25  0.000E+00    0.00      3.77994E-02                 0.0000     0.00   LINEAR
  222.00    0.00   5.462E-02  -71.71  0.000E+00    0.00      3.74938E-02                 0.0000     0.00   LINEAR
  224.00    0.00   5.348E-02  -62.83  0.000E+00    0.00      3.59435E-02                 0.0000     0.00   LINEAR
  226.00    0.00   5.130E-02  -53.60  0.000E+00    0.00      3.30708E-02                 0.0000     0.00   LINEAR
  228.00    0.00   4.796E-02  -44.02  0.000E+00    0.00      2.89092E-02                 0.0000     0.00   LINEAR
  230.00    0.00   4.337E-02  -34.06  0.000E+00    0.00      2.36385E-02                 0.0000     0.00   LINEAR
  232.00    0.00   3.744E-02  -23.68  0.000E+00    0.00      1.76165E-02                 0.0000     0.00   LINEAR
  234.00    0.00   3.012E-02  -12.75  0.000E+00    0.00      1.13994E-02                 0.0000     0.00   LINEAR
  236.00    0.00   2.138E-02   -0.82  0.000E+00    0.00      5.74620E-03                 0.0000     0.00   LINEAR
  238.00    0.00   1.128E-02   14.36  0.000E+00    0.00      1.60033E-03                 0.0000     0.00   LINEAR
  240.00    0.00   1.880E-03  118.06  0.000E+00    0.00      4.44126E-05                 0.0000   180.00   LINEAR
  242.00    0.00   1.331E-02 -160.84  0.000E+00    0.00      2.22599E-03                 0.0000   180.00   LINEAR
  244.00    0.00   2.714E-02 -145.42  0.000E+00    0.00      9.25604E-03                 0.0000   180.00   LINEAR
  246.00    0.00   4.192E-02 -132.51  0.000E+00    0.00      2.20865E-02                 0.0000     0.00   LINEAR
  248.00    0.00   5.738E-02 -120.13  0.000E+00    0.00      4.13775E-02                 0.0000     0.00   LINEAR
  250.00    0.00   7.322E-02 -107.87  0.000E+00    0.00      6.73701E-02                 0.0000     0.00   LINEAR
  252.00    0.00   8.911E-02  -95.62  0.000E+00    0.00      9.97809E-02                 0.0000     0.00   LINEAR
  254.00    0.00   1.047E-01  -83.32  0.000E+00    0.00      1.37738E-01                 0.0000     0.00   LINEAR
  256.00    0.00   1.196E-01  -70.96  0.000E+00    0.00      1.79771E-01                 0.0000     0.00   LINEAR
  258.00    0.00   1.335E-01  -58.55  0.000E+00    0.00      2.23873E-01                 0.0000     0.00   LINEAR
  260.00    0.00   1.459E-01  -46.07  0.000E+00    0.00      2.67618E-01                 0.0000     0.00   LINEAR
  262.00    0.00   1.566E-01  -33.55  0.000E+00    0.00      3.08357E-01                 0.0000     0.00   LINEAR
  264.00    0.00   1.653E-01  -21.00  0.000E+00    0.00      3.43436E-01                 0.0000     0.00   LINEAR
  266.00    0.00   1.717E-01   -8.42  0.000E+00    0.00      3.70454E-01                 0.0000     0.00   LINEAR
  268.00    0.00   1.756E-01    4.17  0.000E+00    0.00      3.87493E-01                 0.0000     0.00   LINEAR
  270.00    0.00   1.769E-01   16.75  0.000E+00    0.00      3.93315E-01                 0.0000     0.00   LINEAR
  272.00    0.00   1.756E-01   29.32  0.000E+00    0.00      3.87493E-01                 0.0000     0.00   LINEAR
  274.00    0.00   1.717E-01   41.84  0.000E+00    0.00      3.70454E-01                 0.0000     0.00   LINEAR
  276.00    0.00   1.653E-01   54.32  0.000E+00    0.00      3.43436E-01                 0.0000   180.00   LINEAR
  278.00    0.00   1.566E-01   66.72  0.000E+00    0.00      3.08356E-01                 0.0000   180.00   LINEAR
  280.00    0.00   1.459E-01   79.04  0.000E+00    0.00      2.67618E-01                 0.0000   180.00   LINEAR
  282.00    0.00   1.335E-01   91.25  0.000E+00    0.00      2.23872E-01                 0.0000   180.00   LINEAR
  284.00    0.00   1.196E-01  103.34  0.000E+00    0.00      1.79771E-01                 0.0000   180.00   LINEAR
  286.00    0.00   1.047E-01  115.27  0.000E+00    0.00      1.37737E-01                 0.0000   180.00   LINEAR
  288.00    0.00   8.911E-02  127.03  0.000E+00    0.00      9.97806E-02                 0.0000   180.00   LINEAR
  290.00    0.00   7.322E-02  138.55  0.000E+00    0.00      6.73699E-02                 0.0000   180.00   LINEAR
  292.00    0.00   5.738E-02  149.77  0.000E+00    0.00      4.13774E-02                 0.0000   180.00   LINEAR
  294.00    0.00   4.192E-02  160.54  0.000E+00    0.00      2.20864E-02                 0.0000   180.00   LINEAR
  296.00    0.00   2.714E-02  170.42  0.000E+00    0.00      9.25600E-03                 0.0000   180.00   LINEAR
  298.00    0.00   1.331E-02  177.42  0.000E+00    0.00      2.22598E-03                 0.0000   180.00   LINEAR
  300.00    0.00   1.880E-03  118.31  0.000E+00    0.00      4.44111E-05                 0.0000   180.00   LINEAR
  302.00    0.00   1.128E-02   36.16  0.000E+00    0.00      1.60033E-03                 0.0000     0.00   LINEAR
  304.00    0.00   2.138E-02   42.08  0.000E+00    0.00      5.74618E-03                 0.0000     0.00   LINEAR
  306.00    0.00   3.012E-02   50.75  0.000E+00    0.00      1.13993E-02                 0.0000   180.00   LINEAR
  308.00    0.00   3.744E-02   59.90  0.000E+00    0.00      1.76164E-02                 0.0000   180.00   LINEAR
  310.00    0.00   4.337E-02   69.07  0.000E+00    0.00      2.36384E-02                 0.0000   180.00   LINEAR
  312.00    0.00   4.796E-02   78.09  0.000E+00    0.00      2.89090E-02                 0.0000   180.00   LINEAR
  314.00    0.00   5.130E-02   86.90  0.000E+00    0.00      3.30707E-02                 0.0000   180.00   LINEAR
  316.00    0.00   5.348E-02   95.46  0.000E+00    0.00      3.59433E-02                 0.0000   180.00   LINEAR
  318.00    0.00   5.462E-02  103.72  0.000E+00    0.00      3.74936E-02                 0.0000   180.00   LINEAR
  320.00    0.00   5.484E-02  111.69  0.000E+00    0.00      3.77992E-02                 0.0000   180.00   LINEAR
  322.00    0.00   5.427E-02  119.33  0.000E+00    0.00      3.70134E-02                 0.0000   180.00   LINEAR
  324.00    0.00   5.303E-02  126.64  0.000E+00    0.00      3.53324E-02                 0.0000   180.00   LINEAR
  326.00    0.00   5.122E-02  133.60  0.000E+00    0.00      3.29693E-02                 0.0000   180.00   LINEAR
  328.00    0.00   4.897E-02  140.21  0.000E+00    0.00      3.01329E-02                 0.0000   180.00   LINEAR
  330.00    0.00   4.637E-02  146.46  0.000E+00    0.00      2.70141E-02                 0.0000   180.00   LINEAR
  332.00    0.00   4.350E-02  152.33  0.000E+00    0.00      2.37774E-02                 0.0000   180.00   LINEAR
  334.00    0.00   4.045E-02  157.83  0.000E+00    0.00      2.05567E-02                 0.0000   180.00   LINEAR
  336.00    0.00   3.727E-02  162.94  0.000E+00    0.00      1.74551E-02                 0.0000   180.00   LINEAR
  338.00    0.00   3.402E-02  167.66  0.000E+00    0.00      1.45473E-02                 0.0000   180.00   LINEAR
  340.00    0.00   3.075E-02  171.99  0.000E+00    0.00      1.18830E-02                 0.0000   180.00   LINEAR
  342.00    0.00   2.748E-02  175.91  0.000E+00    0.00      9.49128E-03                 0.0000   180.00   LINEAR
  344.00    0.00   2.424E-02  179.43  0.000E+00    0.00      7.38523E-03                 0.0000   180.00   LINEAR
  346.00    0.00   2.105E-02 -177.45  0.000E+00    0.00      5.56614E-03                 0.0000   180.00   LINEAR
  348.00    0.00   1.790E-02 -174.75  0.000E+00    0.00      4.02733E-03                 0.0000   180.00   LINEAR
  350.00    0.00   1.481E-02 -172.46  0.000E+00    0.00      2.75741E-03                 0.0000   180.00   LINEAR
  352.00    0.00   1.178E-02 -170.58  0.000E+00    0.00      1.74295E-03                 0.0000   180.00   LINEAR
  354.00    0.00   8.788E-03 -169.11  0.000E+00    0.00      9.70465E-04                 0.0000   180.00   LINEAR
  356.00    0.00   5.836E-03 -168.07  0.000E+00    0.00      4.28069E-04                 0.0000   180.00   LINEAR
  358.00    0.00   2.911E-03 -167.44  0.000E+00    0.00      1.06521E-04                 0.0000   180.00   LINEAR
  360.00    0.00   2.041E-17 -167.23  0.000E+00    0.00      5.23623E-33                 0.0000   180.00   LINEAR