0.00    0.00   6.564E-01  117.59  4.132E-06  -37.68      5.41396E+00                 0.0000   180.00   LINEAR
    2.00    0.00   6.510E-01  130.09  2.707E-02   -3.67      5.33419E+00                 0.0300   178.35   RIGHT 
    4.00    0.00   6.349E-01  142.41  5.288E-02    8.81      5.10050E+00                 0.0601   176.70   RIGHT 
    6.00    0.00   6.087E-01  154.54  7.624E-02   21.21      4.72976E+00                 0.0904   175.05   RIGHT 
    8.00    0.00   5.734E-01  166.46  9.609E-02   33.51      4.24811E+00                 0.1210   173.39   RIGHT 
   10.00    0.00   5.302E-01  178.13  1.115E-01   45.68      3.68837E+00                 0.1521   171.73   RIGHT 
   12.00    0.00   4.804E-01 -170.49  1.219E-01   57.69      3.08680E+00                 0.1836   170.06   RIGHT 
   14.00    0.00   4.257E-01 -159.44  1.268E-01   69.51      2.47978E+00                 0.2159   168.38   RIGHT 
   16.00    0.00   3.679E-01 -148.79  1.261E-01   81.08      1.90067E+00                 0.2491   166.70   RIGHT 
   18.00    0.00   3.086E-01 -138.65  1.199E-01   92.35      1.37728E+00                 0.2834   -14.97   RIGHT 
   20.00    0.00   2.495E-01 -129.17  1.085E-01  103.19      9.30123E-01                 0.3192   -16.62   RIGHT 
   22.00    0.00   1.921E-01 -120.68  9.265E-02  113.38      5.71601E-01                 0.3572   -18.21   RIGHT 
   24.00    0.00   1.379E-01 -113.84  7.300E-02  122.44      3.06058E-01                 0.3986   -19.61   RIGHT 
   26.00    0.00   8.848E-02 -110.58  5.064E-02  128.96      1.30608E-01                 0.4453   -20.39   RIGHT 
   28.00    0.00   4.653E-02 -118.63  2.724E-02  126.53      3.65230E-02                 0.4911   -18.40   RIGHT 
   30.00    0.00   2.657E-02 -170.76  1.283E-02   66.40      1.09393E-02                 0.3752   162.84   RIGHT 
   32.00    0.00   4.614E-02  148.07  3.076E-02   19.61      3.86456E-02                 0.4275   151.91   RIGHT 
   34.00    0.00   7.242E-02  142.34  5.488E-02   18.72      1.03757E-01                 0.5018   148.45   RIGHT 
   36.00    0.00   9.530E-02  144.36  7.827E-02   24.51      1.91120E-01                 0.5578   145.86   RIGHT 
   38.00    0.00   1.137E-01  148.49  9.969E-02   32.03      2.87355E-01                 0.6076   143.24   RIGHT 
   40.00    0.00   1.277E-01  153.24  1.185E-01   40.08      3.81522E-01                 0.6553   140.40   RIGHT 
   42.00    0.00   1.378E-01  158.06  1.343E-01   48.25      4.65416E-01                 0.7020   137.20   RIGHT 
   44.00    0.00   1.446E-01  162.70  1.468E-01   56.32      5.33558E-01                 0.7481   133.41   RIGHT 
   46.00    0.00   1.485E-01  167.05  1.560E-01   64.19      5.82955E-01                 0.7931   128.69   RIGHT 
   48.00    0.00   1.501E-01  171.07  1.620E-01   71.79      6.12709E-01                 0.8355   122.36   RIGHT 
   50.00    0.00   1.499E-01  174.75  1.647E-01   79.07      6.23554E-01                 0.8720   -66.80   RIGHT 
   52.00    0.00   1.484E-01  178.11  1.646E-01   85.98      6.17381E-01                 0.8955   -80.19   RIGHT 
   54.00    0.00   1.458E-01 -178.82  1.620E-01   92.50      5.96798E-01                 0.8975   -96.11   RIGHT 
   56.00    0.00   1.423E-01 -175.99  1.572E-01   98.57      5.64758E-01                 0.8802  -109.31   RIGHT 
   58.00    0.00   1.381E-01 -173.37  1.505E-01  104.19      5.24260E-01                 0.8538  -118.32   RIGHT 
   60.00    0.00   1.332E-01 -170.92  1.425E-01  109.29      4.78139E-01                 0.8258  -124.59   RIGHT 
   62.00    0.00   1.278E-01 -168.60  1.335E-01  113.85      4.28920E-01                 0.7997  -129.28   RIGHT 
   64.00    0.00   1.217E-01 -166.40  1.238E-01  117.83      3.78748E-01                 0.7775  -133.03   RIGHT 
   66.00    0.00   1.151E-01 -164.32  1.139E-01  121.19      3.29360E-01                 0.7602  -136.15   RIGHT 
   68.00    0.00   1.079E-01 -162.34  1.040E-01  123.87      2.82097E-01                 0.7489  -138.77   RIGHT 
   70.00    0.00   1.001E-01 -160.48  9.441E-02  125.83      2.37940E-01                 0.7448  -140.89   RIGHT 
   72.00    0.00   9.178E-02 -158.74  8.543E-02  127.05      1.97557E-01                 0.7494  -142.38   RIGHT 
   74.00    0.00   8.294E-02 -157.13  7.721E-02  127.51      1.61366E-01                 0.7646  -142.90   RIGHT 
   76.00    0.00   7.363E-02 -155.67  6.993E-02  127.23      1.29583E-01                 0.7921  -141.51   RIGHT 
   78.00    0.00   6.391E-02 -154.38  6.368E-02  126.29      1.02280E-01                 0.8292  -135.57   RIGHT 
   80.00    0.00   5.383E-02 -153.26  5.851E-02  124.83      7.94324E-02                 0.8483  -119.64   RIGHT 
   82.00    0.00   4.344E-02 -152.33  5.444E-02  123.06      6.09543E-02                 0.7828  -101.22   RIGHT 
   84.00    0.00   3.281E-02 -151.61  5.140E-02  121.26      4.67357E-02                 0.6365   -93.08   RIGHT 
   86.00    0.00   2.201E-02 -151.10  4.933E-02  119.72      3.66656E-02                 0.4461   -90.45   RIGHT 
   88.00    0.00   1.108E-02 -150.84  4.813E-02  118.68      3.06524E-02                 0.2303   -89.88   RIGHT 
   90.00    0.00   1.007E-04 -165.31  4.774E-02  118.32      2.86359E-02                 0.0021   -90.03   LINEAR
   92.00    0.00   1.089E-02   29.43  4.813E-02  118.69      3.05961E-02                 0.2262   -90.18   LEFT  
   94.00    0.00   2.182E-02   29.04  4.933E-02  119.73      3.65548E-02                 0.4422   -89.62   LEFT  
   96.00    0.00   3.263E-02   28.48  5.140E-02  121.27      4.65736E-02                 0.6330   -87.05   LEFT  
   98.00    0.00   4.326E-02   27.73  5.443E-02  123.07      6.07461E-02                 0.7801   -79.07   LEFT  
  100.00    0.00   5.365E-02   26.79  5.851E-02  124.84      7.91848E-02                 0.8474   -60.89   LEFT  
  102.00    0.00   6.374E-02   25.66  6.367E-02  126.31      1.02002E-01                 0.8296   -44.82   LEFT  
  104.00    0.00   7.348E-02   24.36  6.992E-02  127.25      1.29283E-01                 0.7927   -38.73   LEFT  
  106.00    0.00   8.279E-02   22.90  7.721E-02  127.53      1.61057E-01                 0.7652   -37.27   LEFT  
  108.00    0.00   9.164E-02   21.29  8.543E-02  127.07      1.97252E-01                 0.7498   -37.76   LEFT  
  110.00    0.00   9.998E-02   19.54  9.442E-02  125.85      2.37652E-01                 0.7450   -39.24   LEFT  
  112.00    0.00   1.078E-01   17.68  1.040E-01  123.89      2.81842E-01                 0.7490   -41.34   LEFT  
  114.00    0.00   1.150E-01   15.70  1.139E-01  121.20      3.29153E-01                 0.7602   -43.94   LEFT  
  116.00    0.00   1.216E-01   13.61  1.238E-01  117.85      3.78604E-01                 0.7774   -47.05   LEFT  
  118.00    0.00   1.277E-01   11.41  1.335E-01  113.87      4.28854E-01                 0.7996   -50.79   LEFT  
  120.00    0.00   1.332E-01    9.09  1.425E-01  109.31      4.78164E-01                 0.8255   -55.47   LEFT  
  122.00    0.00   1.381E-01    6.64  1.506E-01  104.20      5.24388E-01                 0.8535   -61.72   LEFT  
  124.00    0.00   1.423E-01    4.01  1.572E-01   98.59      5.64997E-01                 0.8799   -70.70   LEFT  
  126.00    0.00   1.458E-01    1.18  1.621E-01   92.50      5.97151E-01                 0.8974   -83.84   LEFT  
  128.00    0.00   1.484E-01   -1.90  1.647E-01   85.99      6.17848E-01                 0.8955   -99.74   LEFT  
  130.00    0.00   1.500E-01   -5.26  1.648E-01   79.07      6.24128E-01                 0.8723  -113.17   LEFT  
  132.00    0.00   1.502E-01   -8.95  1.620E-01   71.79      6.13376E-01                 0.8359    57.63   LEFT  
  134.00    0.00   1.486E-01  -12.98  1.561E-01   64.19      5.83694E-01                 0.7935    51.28   LEFT  
  136.00    0.00   1.447E-01  -17.34  1.469E-01   56.31      5.34340E-01                 0.7485    46.55   LEFT  
  138.00    0.00   1.380E-01  -21.99  1.344E-01   48.23      4.66204E-01                 0.7024    42.75   LEFT  
  140.00    0.00   1.279E-01  -26.82  1.186E-01   40.06      3.82273E-01                 0.6556    39.54   LEFT  
  142.00    0.00   1.139E-01  -31.59  9.976E-02   31.99      2.88021E-01                 0.6080    36.69   LEFT  
  144.00    0.00   9.548E-02  -35.76  7.832E-02   24.45      1.91650E-01                 0.5581    34.06   LEFT  
  146.00    0.00   7.258E-02  -37.85  5.492E-02   18.61      1.04101E-01                 0.5022    31.46   LEFT  
  148.00    0.00   4.624E-02  -32.30  3.076E-02   19.39      3.87563E-02                 0.4281    27.97   LEFT  
  150.00    0.00   2.639E-02    8.65  1.271E-02   66.15      1.07804E-02                 0.3763    16.98   LEFT  
  152.00    0.00   4.619E-02   61.43  2.715E-02  126.78      3.60717E-02                 0.4939  -161.58   LEFT  
  154.00    0.00   8.818E-02   69.53  5.059E-02  129.13      1.29859E-01                 0.4465  -159.56   LEFT  
  156.00    0.00   1.376E-01   66.25  7.298E-02  122.57      3.05028E-01                 0.3993  -160.36   LEFT  
  158.00    0.00   1.918E-01   59.40  9.264E-02  113.49      5.70328E-01                 0.3578  -161.77   LEFT  
  160.00    0.00   2.492E-01   50.89  1.085E-01  103.29      9.28665E-01                 0.3197  -163.37   LEFT  
  162.00    0.00   3.084E-01   41.41  1.199E-01   92.44      1.37571E+00                 0.2837  -165.02   LEFT  
  164.00    0.00   3.677E-01   31.26  1.261E-01   81.17      1.89908E+00                 0.2494    13.30   LEFT  
  166.00    0.00   4.256E-01   20.61  1.268E-01   69.58      2.47825E+00                 0.2162    11.62   LEFT  
  168.00    0.00   4.803E-01    9.56  1.219E-01   57.76      3.08541E+00                 0.1838     9.94   LEFT  
  170.00    0.00   5.301E-01   -1.83  1.116E-01   45.75      3.68718E+00                 0.1522     8.27   LEFT  
  172.00    0.00   5.734E-01  -13.50  9.612E-02   33.58      4.24716E+00                 0.1212     6.61   LEFT  
  174.00    0.00   6.087E-01  -25.42  7.627E-02   21.28      4.72905E+00                 0.0905     4.95   LEFT  
  176.00    0.00   6.349E-01  -37.55  5.290E-02    8.88      5.10001E+00                 0.0602     3.30   LEFT  
  178.00    0.00   6.509E-01  -49.88  2.708E-02   -3.60      5.33386E+00                 0.0300     1.65   LEFT  
  180.00    0.00   6.564E-01  -62.37  2.273E-06   32.35      5.41374E+00                 0.0000    -0.00   LINEAR
  182.00    0.00   6.509E-01  -75.02  2.708E-02  151.25      5.33382E+00                 0.0300    -1.65   RIGHT 
  184.00    0.00   6.349E-01  -87.81  5.290E-02  138.62      5.09991E+00                 0.0602    -3.30   RIGHT 
  186.00    0.00   6.087E-01 -100.73  7.627E-02  125.97      4.72890E+00                 0.0905    -4.95   RIGHT 
  188.00    0.00   5.733E-01 -113.77  9.612E-02  113.31      4.24697E+00                 0.1212    -6.61   RIGHT 
  190.00    0.00   5.300E-01 -126.94  1.116E-01  100.64      3.68694E+00                 0.1522    -8.27   RIGHT 
  192.00    0.00   4.802E-01 -140.24  1.219E-01   87.97      3.08513E+00                 0.1839   170.06   RIGHT 
  194.00    0.00   4.256E-01 -153.69  1.268E-01   75.29      2.47793E+00                 0.2162   168.38   RIGHT 
  196.00    0.00   3.677E-01 -167.33  1.261E-01   62.58      1.89873E+00                 0.2494   166.70   RIGHT 
  198.00    0.00   3.083E-01  178.77  1.199E-01   49.81      1.37535E+00                 0.2838   165.03   RIGHT 
  200.00    0.00   2.492E-01  164.48  1.085E-01   36.88      9.28312E-01                 0.3197   163.37   RIGHT 
  202.00    0.00   1.918E-01  149.51  9.262E-02   23.62      5.69999E-01                 0.3579   161.78   RIGHT 
  204.00    0.00   1.376E-01  133.21  7.295E-02    9.57      3.04743E-01                 0.3996   160.37   RIGHT 
  206.00    0.00   8.810E-02  113.70  5.055E-02   -6.65      1.29639E-01                 0.4470   159.58   RIGHT 
  208.00    0.00   4.610E-02   83.16  2.710E-02  -31.37      3.59355E-02                 0.4947   161.65   RIGHT 
  210.00    0.00   2.637E-02    8.21  1.264E-02 -114.27      1.07437E-02                 0.3750   -16.87   RIGHT 
  212.00    0.00   4.631E-02  -54.20  3.075E-02  177.42      3.88304E-02                 0.4272   -27.94   RIGHT 
  214.00    0.00   7.267E-02  -80.78  5.493E-02  155.62      1.04292E-01                 0.5015   -31.43   RIGHT 
  216.00    0.00   9.559E-02  -99.28  7.835E-02  140.89      1.91958E-01                 0.5575   -34.04   RIGHT 
  218.00    0.00   1.140E-01 -115.19  9.980E-02  128.36      2.88441E-01                 0.6074   -36.67   RIGHT 
  220.00    0.00   1.280E-01 -129.95  1.186E-01  116.89      3.82794E-01                 0.6551   -39.51   RIGHT 
  222.00    0.00   1.381E-01 -144.10  1.344E-01  106.09      4.66810E-01                 0.7018   -42.71   RIGHT 
  224.00    0.00   1.448E-01 -157.83  1.470E-01   95.78      5.35014E-01                 0.7479   -46.49   RIGHT 
  226.00    0.00   1.487E-01 -171.25  1.562E-01   85.87      5.84416E-01                 0.7929   -51.20   RIGHT 
  228.00    0.00   1.503E-01  175.63  1.621E-01   76.33      6.14127E-01                 0.8354   -57.51   RIGHT 
  230.00    0.00   1.501E-01  162.82  1.649E-01   67.11      6.24887E-01                 0.8720   -66.65   RIGHT 
  232.00    0.00   1.486E-01  150.36  1.648E-01   58.20      6.18597E-01                 0.8956   -80.01   RIGHT 
  234.00    0.00   1.459E-01  138.31  1.621E-01   49.58      5.97876E-01                 0.8979   -95.93   RIGHT 
  236.00    0.00   1.424E-01  126.72  1.573E-01   41.24      5.65684E-01                 0.8806  -109.16   RIGHT 
  238.00    0.00   1.382E-01  115.65  1.506E-01   33.16      5.25029E-01                 0.8543  -118.21   RIGHT 
  240.00    0.00   1.333E-01  105.16  1.426E-01   25.31      4.78751E-01                 0.8265  -124.49   RIGHT 
  242.00    0.00   1.278E-01   95.29  1.336E-01   17.68      4.29384E-01                 0.8005  -129.19   RIGHT 
  244.00    0.00   1.217E-01   86.07  1.239E-01   10.25      3.79076E-01                 0.7784  -132.94   RIGHT 
  246.00    0.00   1.151E-01   77.54  1.140E-01    2.97      3.29568E-01                 0.7612    43.95   RIGHT 
  248.00    0.00   1.078E-01   69.69  1.041E-01   -4.17      2.82204E-01                 0.7500    41.34   RIGHT 
  250.00    0.00   1.000E-01   62.55  9.449E-02  -11.21      2.37963E-01                 0.7460    39.23   RIGHT 
  252.00    0.00   9.169E-02   56.11  8.550E-02  -18.18      1.97518E-01                 0.7508    37.75   RIGHT 
  254.00    0.00   8.284E-02   50.37  7.728E-02  -25.07      1.61282E-01                 0.7662    37.27   RIGHT 
  256.00    0.00   7.352E-02   45.33  6.999E-02  -31.86      1.29473E-01                 0.7938    38.74   RIGHT 
  258.00    0.00   6.378E-02   40.98  6.373E-02  -38.46      1.02162E-01                 0.8308    44.89   RIGHT 
  260.00    0.00   5.368E-02   37.31  5.857E-02  -44.72      7.93190E-02                 0.8483    61.09   RIGHT 
  262.00    0.00   4.329E-02   34.33  5.449E-02  -50.42      6.08592E-02                 0.7803    79.25   RIGHT 
  264.00    0.00   3.265E-02   32.03  5.145E-02  -55.28      4.66695E-02                 0.6330    87.16   RIGHT 
  266.00    0.00   2.184E-02   30.43  4.938E-02  -59.02      3.66371E-02                 0.4423    89.70   RIGHT 
  268.00    0.00   1.091E-02   29.61  4.818E-02  -61.37      3.06682E-02                 0.2264    90.23   RIGHT 
  270.00    0.00   1.004E-04  168.65  4.779E-02  -62.18      2.87010E-02                 0.0016    90.08   LINEAR
  272.00    0.00   1.106E-02 -151.07  4.818E-02  -61.38      3.07135E-02                 0.2296    89.92   LEFT  
  274.00    0.00   2.199E-02 -149.91  4.939E-02  -59.03      3.67258E-02                 0.4452    90.49   LEFT  
  276.00    0.00   3.280E-02 -148.19  5.146E-02  -55.30      4.67979E-02                 0.6355    93.09   LEFT  
  278.00    0.00   4.343E-02 -145.84  5.450E-02  -50.44      6.10221E-02                 0.7818   101.16   LEFT  
  280.00    0.00   5.382E-02 -142.82  5.857E-02  -44.75      7.95094E-02                 0.8479   119.44   LEFT  
  282.00    0.00   6.390E-02 -139.13  6.374E-02  -38.49      1.02371E-01                 0.8295   135.40   LEFT  
  284.00    0.00   7.363E-02 -134.76  6.999E-02  -31.89      1.29691E-01                 0.7927   141.41   LEFT  
  286.00    0.00   8.294E-02 -129.71  7.728E-02  -25.10      1.61498E-01                 0.7653   142.84   LEFT  
  288.00    0.00   9.179E-02 -123.96  8.550E-02  -18.21      1.97718E-01                 0.7501   142.34   LEFT  
  290.00    0.00   1.001E-01 -117.51  9.448E-02  -11.24      2.38136E-01                 0.7455   140.84   LEFT  
  292.00    0.00   1.079E-01 -110.36  1.040E-01   -4.20      2.82335E-01                 0.7496   138.73   LEFT  
  294.00    0.00   1.151E-01 -102.51  1.139E-01    2.95      3.29645E-01                 0.7609   136.12   LEFT  
  296.00    0.00   1.218E-01  -93.96  1.239E-01   10.22      3.79087E-01                 0.7782   -47.00   LEFT  
  298.00    0.00   1.278E-01  -84.74  1.335E-01   17.66      4.29317E-01                 0.8005   -50.76   LEFT  
  300.00    0.00   1.333E-01  -74.86  1.426E-01   25.29      4.78598E-01                 0.8265   -55.47   LEFT  
  302.00    0.00   1.381E-01  -64.36  1.506E-01   33.14      5.24783E-01                 0.8545   -61.76   LEFT  
  304.00    0.00   1.424E-01  -53.29  1.572E-01   41.22      5.65343E-01                 0.8808   -70.84   LEFT  
  306.00    0.00   1.459E-01  -41.69  1.621E-01   49.57      5.97441E-01                 0.8979   -84.11   LEFT  
  308.00    0.00   1.485E-01  -29.63  1.647E-01   58.19      6.18074E-01                 0.8955  -100.05   LEFT  
  310.00    0.00   1.501E-01  -17.17  1.648E-01   67.10      6.24286E-01                 0.8717  -113.38   LEFT  
  312.00    0.00   1.502E-01   -4.36  1.620E-01   76.32      6.13464E-01                 0.8351  -122.49   LEFT  
  314.00    0.00   1.486E-01    8.77  1.561E-01   85.87      5.83713E-01                 0.7926  -128.78   LEFT  
  316.00    0.00   1.447E-01   22.20  1.469E-01   95.78      5.34296E-01                 0.7475  -133.48   LEFT  
  318.00    0.00   1.380E-01   35.95  1.344E-01  106.10      4.66111E-01                 0.7014  -137.25   LEFT  
  320.00    0.00   1.279E-01   50.10  1.186E-01  116.91      3.82148E-01                 0.6547  -140.45   LEFT  
  322.00    0.00   1.139E-01   64.89  9.974E-02  128.39      2.87888E-01                 0.6071  -143.29   LEFT  
  324.00    0.00   9.545E-02   80.83  7.831E-02  140.95      1.91536E-01                 0.5572  -145.90   LEFT  
  326.00    0.00   7.255E-02   99.39  5.491E-02  155.74      1.04038E-01                 0.5011  -148.50   LEFT  
  328.00    0.00   4.625E-02  126.13  3.077E-02  177.65      3.87761E-02                 0.4267  -151.98   LEFT  
  330.00    0.00   2.656E-02 -171.32  1.277E-02 -114.06      1.09113E-02                 0.3744  -162.97   LEFT  
  332.00    0.00   4.640E-02  -96.94  2.718E-02  -31.64      3.63349E-02                 0.4923    18.34   LEFT  
  334.00    0.00   8.835E-02  -66.43  5.059E-02   -6.83      1.30265E-01                 0.4459    20.39   LEFT  
  336.00    0.00   1.378E-01  -46.89  7.297E-02    9.43      3.05573E-01                 0.3989    19.61   LEFT  
  338.00    0.00   1.920E-01  -30.58  9.262E-02   23.51      5.70993E-01                 0.3574    18.21   LEFT  
  340.00    0.00   2.494E-01  -15.59  1.085E-01   36.78      9.29417E-01                 0.3193    16.62   LEFT  
  342.00    0.00   3.085E-01   -1.29  1.199E-01   49.72      1.37651E+00                 0.2835    14.97   LEFT  
  344.00    0.00   3.678E-01   12.62  1.261E-01   62.50      1.89986E+00                 0.2491    13.30   LEFT  
  346.00    0.00   4.257E-01   26.26  1.268E-01   75.21      2.47897E+00                 0.2160    11.62   LEFT  
  348.00    0.00   4.803E-01   39.72  1.219E-01   87.89      3.08603E+00                 0.1837     9.94   LEFT  
  350.00    0.00   5.301E-01   53.02  1.115E-01  100.57      3.68766E+00                 0.1521  -171.73   LEFT  
  352.00    0.00   5.734E-01   66.19  9.608E-02  113.24      4.24751E+00                 0.1210  -173.39   LEFT  
  354.00    0.00   6.087E-01   79.23  7.623E-02  125.91      4.72928E+00                 0.0904  -175.05   LEFT  
  356.00    0.00   6.349E-01   92.15  5.288E-02  138.56      5.10017E+00                 0.0601  -176.70   LEFT  
  358.00    0.00   6.509E-01  104.94  2.707E-02  151.19      5.33402E+00                 0.0300  -178.35   LEFT  
  360.00    0.00   6.564E-01  117.59  4.132E-06  -37.68      5.41396E+00                 0.0000   180.00   LINEAR