  0.00    0.00   2.987E-01   29.49  1.756E-07   22.41      1.12091E+00                 0.0000     0.00   LINEAR
    2.00    0.00   2.965E-01   42.04  1.350E-04   12.59      1.10482E+00                 0.0002     0.02   LINEAR
    4.00    0.00   2.901E-01   54.53  2.633E-04   25.14      1.05769E+00                 0.0004  -179.95   LINEAR
    6.00    0.00   2.797E-01   66.94  3.788E-04   37.66      9.82861E-01                 0.0007  -179.93   LINEAR
    8.00    0.00   2.655E-01   79.27  4.761E-04   50.13      8.85486E-01                 0.0009  -179.91   LINEAR
   10.00    0.00   2.479E-01   91.48  5.508E-04   62.55      7.72062E-01                 0.0011  -179.89   LINEAR
   12.00    0.00   2.274E-01  103.55  5.996E-04   74.89      6.49781E-01                 0.0013  -179.87   LINEAR
   14.00    0.00   2.046E-01  115.48  6.208E-04   87.13      5.25883E-01                 0.0014  -179.85   LINEAR
   16.00    0.00   1.800E-01  127.22  6.141E-04   99.27      4.07043E-01                 0.0016  -179.83   LINEAR
   18.00    0.00   1.542E-01  138.74  5.806E-04  111.29      2.98866E-01                 0.0017  -179.81   LINEAR
   20.00    0.00   1.279E-01  149.98  5.226E-04  123.17      2.05536E-01                 0.0018  -179.79   LINEAR
   22.00    0.00   1.016E-01  160.86  4.434E-04  134.89      1.29650E-01                 0.0019  -179.78   LINEAR
   24.00    0.00   7.580E-02  171.18  3.473E-04  146.43      7.22117E-02                 0.0019  -179.76   LINEAR
   26.00    0.00   5.108E-02 -179.54  2.390E-04  157.77      3.27898E-02                 0.0018  -179.75   LINEAR
   28.00    0.00   2.789E-02 -173.23  1.234E-04  168.81      9.77628E-03                 0.0014  -179.76   LINEAR
   30.00    0.00   7.564E-03  167.93  5.359E-06  172.34      7.18971E-04                 0.0001  -179.96   LINEAR
   32.00    0.00   1.458E-02   56.81  1.106E-04   11.29      2.67052E-03                 0.0054  -179.70   LINEAR
   34.00    0.00   3.156E-02   56.45  2.203E-04   21.65      1.25192E-02                 0.0040  -179.67   LINEAR
   36.00    0.00   4.658E-02   63.45  3.203E-04   31.88      2.72694E-02                 0.0036  -179.66   LINEAR
   38.00    0.00   5.934E-02   71.73  4.079E-04   41.89      4.42544E-02                 0.0034  -179.66   LINEAR
   40.00    0.00   6.983E-02   80.30  4.813E-04   51.64      6.12739E-02                 0.0033  -179.65   LINEAR
   42.00    0.00   7.810E-02   88.85  5.393E-04   61.12      7.66599E-02                 0.0032  -179.65   LINEAR
   44.00    0.00   8.429E-02   97.24  5.815E-04   70.30      8.92806E-02                 0.0031  -179.65   LINEAR
   46.00    0.00   8.853E-02  105.42  6.082E-04   79.19      9.84975E-02                 0.0030  -179.65   LINEAR
   48.00    0.00   9.101E-02  113.34  6.202E-04   87.75      1.04091E-01                 0.0029  -179.65   LINEAR
   50.00    0.00   9.192E-02  120.97  6.188E-04   95.99      1.06171E-01                 0.0028  -179.65   LINEAR
   52.00    0.00   9.144E-02  128.30  6.054E-04  103.90      1.05080E-01                 0.0027  -179.65   LINEAR
   54.00    0.00   8.979E-02  135.30  5.819E-04  111.46      1.01309E-01                 0.0026  -179.66   LINEAR
   56.00    0.00   8.714E-02  141.97  5.502E-04  118.66      9.54186E-02                 0.0025  -179.67   LINEAR
   58.00    0.00   8.367E-02  148.30  5.120E-04  125.50      8.79810E-02                 0.0024  -179.68   LINEAR
   60.00    0.00   7.956E-02  154.28  4.692E-04  131.96      7.95361E-02                 0.0022  -179.69   LINEAR
   62.00    0.00   7.493E-02  159.90  4.235E-04  138.04      7.05628E-02                 0.0021  -179.70   LINEAR
   64.00    0.00   6.994E-02  165.15  3.764E-04  143.74      6.14636E-02                 0.0020  -179.71   LINEAR
   66.00    0.00   6.467E-02  170.03  3.292E-04  149.03      5.25603E-02                 0.0018  -179.73   LINEAR
   68.00    0.00   5.924E-02  174.53  2.831E-04  153.92      4.40961E-02                 0.0017  -179.74   LINEAR
   70.00    0.00   5.370E-02  178.66  2.389E-04  158.39      3.62435E-02                 0.0015  -179.76   LINEAR
   72.00    0.00   4.813E-02 -177.60  1.976E-04  162.44      2.91144E-02                 0.0014  -179.78   LINEAR
   74.00    0.00   4.257E-02 -174.25  1.596E-04  166.06      2.27725E-02                 0.0013  -179.80   LINEAR
   76.00    0.00   3.704E-02 -171.28  1.254E-04  169.23      1.72438E-02                 0.0011  -179.82   LINEAR
   78.00    0.00   3.157E-02 -168.71  9.530E-05  171.94      1.25281E-02                 0.0010  -179.84   LINEAR
   80.00    0.00   2.617E-02 -166.53  6.963E-05  174.15      8.60814E-03                 0.0009  -179.86   LINEAR
   82.00    0.00   2.084E-02 -164.74  4.850E-05  175.82      5.45715E-03                 0.0008  -179.87   LINEAR
   84.00    0.00   1.557E-02 -163.35  3.199E-05  176.85      3.04554E-03                 0.0007  -179.89   LINEAR
   86.00    0.00   1.035E-02 -162.36  2.018E-05  177.08      1.34561E-03                 0.0007  -179.90   LINEAR
   88.00    0.00   5.165E-03 -161.76  1.309E-05  176.47      3.35180E-04                 0.0009  -179.87   LINEAR
   90.00    0.00   6.329E-08  -95.63  1.072E-05  175.90      1.44488E-09                 0.0059   -90.01   LINEAR
   92.00    0.00   5.165E-03   18.24  1.309E-05  176.48      3.35173E-04                 0.0009    -0.13   LINEAR
   94.00    0.00   1.035E-02   17.64  2.018E-05  177.10      1.34560E-03                 0.0007    -0.10   LINEAR
   96.00    0.00   1.557E-02   16.65  3.199E-05  176.86      3.04552E-03                 0.0007    -0.11   LINEAR
   98.00    0.00   2.084E-02   15.26  4.850E-05  175.83      5.45713E-03                 0.0008    -0.13   LINEAR
  100.00    0.00   2.617E-02   13.47  6.963E-05  174.16      8.60813E-03                 0.0009    -0.14   LINEAR
  102.00    0.00   3.157E-02   11.29  9.530E-05  171.95      1.25281E-02                 0.0010    -0.16   LINEAR
  104.00    0.00   3.704E-02    8.72  1.254E-04  169.24      1.72438E-02                 0.0011    -0.18   LINEAR
  106.00    0.00   4.257E-02    5.75  1.596E-04  166.06      2.27725E-02                 0.0013    -0.20   LINEAR
  108.00    0.00   4.813E-02    2.40  1.976E-04  162.45      2.91145E-02                 0.0014    -0.22   LINEAR
  110.00    0.00   5.370E-02   -1.34  2.389E-04  158.40      3.62436E-02                 0.0015    -0.24   LINEAR
  112.00    0.00   5.924E-02   -5.47  2.831E-04  153.92      4.40963E-02                 0.0017    -0.26   LINEAR
  114.00    0.00   6.467E-02   -9.97  3.292E-04  149.03      5.25605E-02                 0.0018    -0.27   LINEAR
  116.00    0.00   6.994E-02  -14.85  3.764E-04  143.74      6.14639E-02                 0.0020    -0.29   LINEAR
  118.00    0.00   7.493E-02  -20.11  4.235E-04  138.05      7.05631E-02                 0.0021    -0.30   LINEAR
  120.00    0.00   7.956E-02  -25.72  4.692E-04  131.97      7.95365E-02                 0.0022    -0.31   LINEAR
  122.00    0.00   8.367E-02  -31.70  5.120E-04  125.50      8.79815E-02                 0.0024    -0.32   LINEAR
  124.00    0.00   8.714E-02  -38.03  5.502E-04  118.66      9.54192E-02                 0.0025    -0.33   LINEAR
  126.00    0.00   8.979E-02  -44.70  5.819E-04  111.46      1.01310E-01                 0.0026    -0.34   LINEAR
  128.00    0.00   9.144E-02  -51.71  6.054E-04  103.90      1.05081E-01                 0.0027    -0.35   LINEAR
  130.00    0.00   9.192E-02  -59.03  6.188E-04   96.00      1.06172E-01                 0.0028    -0.35   LINEAR
  132.00    0.00   9.101E-02  -66.66  6.202E-04   87.76      1.04092E-01                 0.0029    -0.35   LINEAR
  134.00    0.00   8.853E-02  -74.58  6.082E-04   79.19      9.84982E-02                 0.0030    -0.35   LINEAR
  136.00    0.00   8.429E-02  -82.76  5.815E-04   70.31      8.92812E-02                 0.0031    -0.35   LINEAR
  138.00    0.00   7.810E-02  -91.16  5.393E-04   61.12      7.66605E-02                 0.0032    -0.35   LINEAR
  140.00    0.00   6.983E-02  -99.70  4.813E-04   51.65      6.12745E-02                 0.0033    -0.35   LINEAR
  142.00    0.00   5.934E-02 -108.27  4.079E-04   41.90      4.42549E-02                 0.0034    -0.34   LINEAR
  144.00    0.00   4.658E-02 -116.55  3.203E-04   31.89      2.72698E-02                 0.0036    -0.34   LINEAR
  146.00    0.00   3.156E-02 -123.56  2.203E-04   21.65      1.25195E-02                 0.0040    -0.33   LINEAR
  148.00    0.00   1.458E-02 -123.19  1.106E-04   11.30      2.67064E-03                 0.0054    -0.30   LINEAR
  150.00    0.00   7.563E-03  -12.07  5.352E-06  172.35      7.18840E-04                 0.0001    -0.04   LINEAR
  152.00    0.00   2.789E-02    6.77  1.234E-04  168.81      9.77581E-03                 0.0014    -0.24   LINEAR
  154.00    0.00   5.108E-02    0.46  2.390E-04  157.78      3.27888E-02                 0.0018    -0.25   LINEAR
  156.00    0.00   7.580E-02   -8.82  3.473E-04  146.44      7.22102E-02                 0.0019    -0.24   LINEAR
  158.00    0.00   1.016E-01  -19.15  4.434E-04  134.89      1.29647E-01                 0.0019    -0.22   LINEAR
  160.00    0.00   1.279E-01  -30.02  5.225E-04  123.17      2.05533E-01                 0.0018    -0.21   LINEAR
  162.00    0.00   1.542E-01  -41.27  5.806E-04  111.30      2.98861E-01                 0.0017    -0.19   LINEAR
  164.00    0.00   1.800E-01  -52.79  6.141E-04   99.28      4.07038E-01                 0.0016    -0.17   LINEAR
  166.00    0.00   2.046E-01  -64.52  6.207E-04   87.14      5.25876E-01                 0.0014    -0.15   LINEAR
  168.00    0.00   2.274E-01  -76.45  5.995E-04   74.90      6.49773E-01                 0.0013    -0.13   LINEAR
  170.00    0.00   2.479E-01  -88.53  5.507E-04   62.56      7.72053E-01                 0.0011    -0.11   LINEAR
  172.00    0.00   2.655E-01 -100.74  4.761E-04   50.15      8.85477E-01                 0.0009    -0.09   LINEAR
  174.00    0.00   2.797E-01 -113.06  3.788E-04   37.68      9.82850E-01                 0.0007    -0.07   LINEAR
  176.00    0.00   2.901E-01 -125.47  2.633E-04   25.17      1.05768E+00                 0.0004    -0.05   LINEAR
  178.00    0.00   2.965E-01 -137.96  1.350E-04   12.66      1.10481E+00                 0.0002   179.98   LINEAR
  180.00    0.00   2.987E-01 -150.51  2.247E-07   67.25      1.12090E+00                 0.0000   180.00   LINEAR
  182.00    0.00   2.965E-01 -163.11  1.348E-04  167.34      1.10481E+00                 0.0002  -179.98   LINEAR
  184.00    0.00   2.901E-01 -175.73  2.631E-04  154.82      1.05769E+00                 0.0004  -179.95   LINEAR
  186.00    0.00   2.797E-01  171.63  3.786E-04  142.31      9.82859E-01                 0.0007  -179.93   LINEAR
  188.00    0.00   2.655E-01  158.99  4.759E-04  129.84      8.85487E-01                 0.0009  -179.91   LINEAR
  190.00    0.00   2.479E-01  146.36  5.506E-04  117.42      7.72064E-01                 0.0011  -179.89   LINEAR
  192.00    0.00   2.274E-01  133.75  5.995E-04  105.08      6.49784E-01                 0.0013  -179.87   LINEAR
  194.00    0.00   2.046E-01  121.17  6.207E-04   92.83      5.25887E-01                 0.0014  -179.85   LINEAR
  196.00    0.00   1.800E-01  108.62  6.141E-04   80.68      4.07047E-01                 0.0016  -179.83   LINEAR
  198.00    0.00   1.542E-01   96.09  5.806E-04   68.65      2.98869E-01                 0.0017  -179.81   LINEAR
  200.00    0.00   1.279E-01   83.55  5.226E-04   56.75      2.05539E-01                 0.0018  -179.79   LINEAR
  202.00    0.00   1.016E-01   70.95  4.435E-04   45.00      1.29652E-01                 0.0019  -179.78   LINEAR
  204.00    0.00   7.581E-02   58.12  3.475E-04   33.41      7.22132E-02                 0.0019  -179.76   LINEAR
  206.00    0.00   5.108E-02   44.61  2.392E-04   21.97      3.27906E-02                 0.0018     0.25   LINEAR
  208.00    0.00   2.789E-02   28.51  1.236E-04   10.65      9.77671E-03                 0.0014     0.24   LINEAR
  210.00    0.00   7.566E-03  -12.34  5.525E-06   -5.31      7.19286E-04                 0.0001     0.04   LINEAR
  212.00    0.00   1.458E-02 -144.99  1.104E-04  169.37      2.67103E-03                 0.0054  -179.70   LINEAR
  214.00    0.00   3.156E-02 -166.45  2.201E-04  158.69      1.25201E-02                 0.0040  -179.67   LINEAR
  216.00    0.00   4.658E-02  179.95  3.201E-04  148.35      2.72710E-02                 0.0036  -179.66   LINEAR
  218.00    0.00   5.934E-02  168.15  4.077E-04  138.28      4.42569E-02                 0.0034  -179.66   LINEAR
  220.00    0.00   6.983E-02  157.17  4.811E-04  128.49      6.12773E-02                 0.0033  -179.65   LINEAR
  222.00    0.00   7.811E-02  146.74  5.391E-04  118.99      7.66641E-02                 0.0032  -179.65   LINEAR
  224.00    0.00   8.429E-02  136.74  5.814E-04  109.79      8.92855E-02                 0.0031  -179.65   LINEAR
  226.00    0.00   8.853E-02  127.14  6.081E-04  100.89      9.85031E-02                 0.0030  -179.65   LINEAR
  228.00    0.00   9.101E-02  117.90  6.201E-04   92.31      1.04097E-01                 0.0029  -179.65   LINEAR
  230.00    0.00   9.192E-02  109.03  6.187E-04   84.06      1.06177E-01                 0.0028  -179.65   LINEAR
  232.00    0.00   9.144E-02  100.53  6.053E-04   76.14      1.05087E-01                 0.0027  -179.65   LINEAR
  234.00    0.00   8.979E-02   92.40  5.819E-04   68.56      1.01315E-01                 0.0026  -179.66   LINEAR
  236.00    0.00   8.714E-02   84.65  5.501E-04   61.34      9.54245E-02                 0.0025  -179.67   LINEAR
  238.00    0.00   8.367E-02   77.28  5.120E-04   54.49      8.79866E-02                 0.0024  -179.68   LINEAR
  240.00    0.00   7.956E-02   70.31  4.693E-04   48.00      7.95412E-02                 0.0022  -179.69   LINEAR
  242.00    0.00   7.494E-02   63.73  4.236E-04   41.90      7.05673E-02                 0.0021  -179.70   LINEAR
  244.00    0.00   6.994E-02   57.57  3.765E-04   36.17      6.14676E-02                 0.0020  -179.71   LINEAR
  246.00    0.00   6.467E-02   51.82  3.293E-04   30.84      5.25638E-02                 0.0018  -179.73   LINEAR
  248.00    0.00   5.924E-02   46.50  2.832E-04   25.91      4.40991E-02                 0.0017  -179.74   LINEAR
  250.00    0.00   5.371E-02   41.61  2.390E-04   21.38      3.62459E-02                 0.0015     0.24   LINEAR
  252.00    0.00   4.813E-02   37.16  1.977E-04   17.26      2.91164E-02                 0.0014     0.22   LINEAR
  254.00    0.00   4.257E-02   33.17  1.597E-04   13.54      2.27740E-02                 0.0013     0.20   LINEAR
  256.00    0.00   3.704E-02   29.62  1.255E-04   10.22      1.72450E-02                 0.0011     0.18   LINEAR
  258.00    0.00   3.158E-02   26.54  9.543E-05    7.31      1.25290E-02                 0.0010     0.16   LINEAR
  260.00    0.00   2.617E-02   23.92  6.977E-05    4.77      8.60873E-03                 0.0009     0.14   LINEAR
  262.00    0.00   2.084E-02   21.77  4.863E-05    2.59      5.45753E-03                 0.0008     0.13   LINEAR
  264.00    0.00   1.557E-02   20.10  3.213E-05    0.69      3.04575E-03                 0.0007     0.11   LINEAR
  266.00    0.00   1.035E-02   18.90  2.031E-05   -1.04      1.34571E-03                 0.0007     0.11   LINEAR
  268.00    0.00   5.165E-03   18.18  1.322E-05   -2.61      3.35207E-04                 0.0009     0.14   LINEAR
  270.00    0.00   7.048E-08    9.34  1.085E-05   -3.40      1.48038E-09                 0.0014    89.64   LINEAR
  272.00    0.00   5.165E-03 -161.82  1.322E-05   -2.60      3.35189E-04                 0.0009   179.86   LINEAR
  274.00    0.00   1.035E-02 -161.10  2.031E-05   -1.03      1.34567E-03                 0.0007   179.89   LINEAR
  276.00    0.00   1.557E-02 -159.90  3.213E-05    0.70      3.04569E-03                 0.0007   179.89   LINEAR
  278.00    0.00   2.084E-02 -158.23  4.863E-05    2.60      5.45744E-03                 0.0008   179.87   LINEAR
  280.00    0.00   2.617E-02 -156.08  6.976E-05    4.78      8.60862E-03                 0.0009   179.86   LINEAR
  282.00    0.00   3.158E-02 -153.46  9.543E-05    7.31      1.25288E-02                 0.0010   179.84   LINEAR
  284.00    0.00   3.704E-02 -150.38  1.255E-04   10.23      1.72448E-02                 0.0011   179.82   LINEAR
  286.00    0.00   4.257E-02 -146.83  1.597E-04   13.54      2.27738E-02                 0.0013   179.80   LINEAR
  288.00    0.00   4.813E-02 -142.83  1.977E-04   17.26      2.91162E-02                 0.0014   179.78   LINEAR
  290.00    0.00   5.371E-02 -138.39  2.390E-04   21.39      3.62456E-02                 0.0015   179.76   LINEAR
  292.00    0.00   5.924E-02 -133.50  2.832E-04   25.92      4.40987E-02                 0.0017    -0.26   LINEAR
  294.00    0.00   6.467E-02 -128.18  3.293E-04   30.85      5.25634E-02                 0.0018    -0.27   LINEAR
  296.00    0.00   6.994E-02 -122.43  3.765E-04   36.18      6.14672E-02                 0.0020    -0.29   LINEAR
  298.00    0.00   7.494E-02 -116.27  4.236E-04   41.90      7.05669E-02                 0.0021    -0.30   LINEAR
  300.00    0.00   7.956E-02 -109.69  4.692E-04   48.00      7.95408E-02                 0.0022    -0.31   LINEAR
  302.00    0.00   8.367E-02 -102.72  5.120E-04   54.49      8.79862E-02                 0.0024    -0.32   LINEAR
  304.00    0.00   8.714E-02  -95.35  5.501E-04   61.34      9.54242E-02                 0.0025    -0.33   LINEAR
  306.00    0.00   8.979E-02  -87.59  5.819E-04   68.56      1.01315E-01                 0.0026    -0.34   LINEAR
  308.00    0.00   9.144E-02  -79.46  6.053E-04   76.14      1.05086E-01                 0.0027    -0.35   LINEAR
  310.00    0.00   9.192E-02  -70.96  6.186E-04   84.06      1.06177E-01                 0.0028    -0.35   LINEAR
  312.00    0.00   9.101E-02  -62.10  6.201E-04   92.31      1.04097E-01                 0.0029    -0.35   LINEAR
  314.00    0.00   8.853E-02  -52.86  6.080E-04  100.89      9.85033E-02                 0.0030    -0.35   LINEAR
  316.00    0.00   8.429E-02  -43.26  5.813E-04  109.79      8.92859E-02                 0.0031    -0.35   LINEAR
  318.00    0.00   7.811E-02  -33.26  5.391E-04  119.00      7.66645E-02                 0.0032    -0.35   LINEAR
  320.00    0.00   6.983E-02  -22.83  4.811E-04  128.50      6.12778E-02                 0.0033    -0.35   LINEAR
  322.00    0.00   5.934E-02  -11.85  4.077E-04  138.28      4.42574E-02                 0.0034    -0.34   LINEAR
  324.00    0.00   4.658E-02   -0.05  3.201E-04  148.35      2.72715E-02                 0.0036    -0.34   LINEAR
  326.00    0.00   3.156E-02   13.55  2.201E-04  158.69      1.25205E-02                 0.0040    -0.33   LINEAR
  328.00    0.00   1.458E-02   35.01  1.104E-04  169.37      2.67117E-03                 0.0054    -0.30   LINEAR
  330.00    0.00   7.565E-03  167.66  5.530E-06   -5.25      7.19157E-04                 0.0001   179.96   LINEAR
  332.00    0.00   2.789E-02 -151.49  1.236E-04   10.66      9.77629E-03                 0.0014   179.76   LINEAR
  334.00    0.00   5.108E-02 -135.39  2.392E-04   21.98      3.27899E-02                 0.0018   179.75   LINEAR
  336.00    0.00   7.580E-02 -121.88  3.475E-04   33.41      7.22123E-02                 0.0019    -0.24   LINEAR
  338.00    0.00   1.016E-01 -109.05  4.435E-04   45.00      1.29651E-01                 0.0019    -0.22   LINEAR
  340.00    0.00   1.279E-01  -96.45  5.226E-04   56.76      2.05538E-01                 0.0018    -0.21   LINEAR
  342.00    0.00   1.542E-01  -83.91  5.806E-04   68.65      2.98869E-01                 0.0017    -0.19   LINEAR
  344.00    0.00   1.800E-01  -71.38  6.140E-04   80.68      4.07048E-01                 0.0016    -0.17   LINEAR
  346.00    0.00   2.046E-01  -58.83  6.207E-04   92.83      5.25888E-01                 0.0014    -0.15   LINEAR
  348.00    0.00   2.274E-01  -46.25  5.994E-04  105.09      6.49786E-01                 0.0013    -0.13   LINEAR
  350.00    0.00   2.479E-01  -33.64  5.505E-04  117.43      7.72068E-01                 0.0011    -0.11   LINEAR
  352.00    0.00   2.655E-01  -21.01  4.759E-04  129.85      8.85492E-01                 0.0009    -0.09   LINEAR
  354.00    0.00   2.797E-01   -8.37  3.786E-04  142.33      9.82865E-01                 0.0007    -0.07   LINEAR
  356.00    0.00   2.901E-01    4.27  2.630E-04  154.85      1.05770E+00                 0.0004    -0.05   LINEAR
  358.00    0.00   2.965E-01   16.89  1.347E-04  167.39      1.10482E+00                 0.0002    -0.02   LINEAR
  360.00    0.00   2.987E-01   29.49  1.756E-07   22.41      1.12091E+00                 0.0000     0.00   LINEAR