 0.00    0.00   5.946E-01   76.96  1.215E-05  -32.63      4.44341E+00                 0.0000   180.00   LINEAR
    2.00    0.00   5.902E-01   89.45  1.266E-02    6.58      4.37896E+00                 0.0213  -179.85   RIGHT 
    4.00    0.00   5.769E-01  101.78  2.472E-02   19.10      4.19046E+00                 0.0425  -179.69   RIGHT 
    6.00    0.00   5.553E-01  113.90  3.562E-02   31.55      3.89155E+00                 0.0636  -179.51   RIGHT 
    8.00    0.00   5.261E-01  125.82  4.488E-02   43.92      3.50330E+00                 0.0844  -179.31   RIGHT 
   10.00    0.00   4.901E-01  137.50  5.208E-02   56.18      3.05211E+00                 0.1050  -179.07   RIGHT 
   12.00    0.00   4.484E-01  148.90  5.694E-02   68.31      2.56700E+00                 0.1252  -178.79   RIGHT 
   14.00    0.00   4.022E-01  160.00  5.926E-02   80.28      2.07693E+00                 0.1449  -178.46   RIGHT 
   16.00    0.00   3.529E-01  170.74  5.901E-02   92.06      1.60833E+00                 0.1638  -178.07   RIGHT 
   18.00    0.00   3.016E-01 -178.96  5.627E-02  103.58      1.18303E+00                 0.1818  -177.60   RIGHT 
   20.00    0.00   2.498E-01 -169.21  5.122E-02  114.77      8.17056E-01                 0.1985  -177.05   RIGHT 
   22.00    0.00   1.986E-01 -160.23  4.416E-02  125.49      5.19977E-01                 0.2133  -176.39   RIGHT 
   24.00    0.00   1.491E-01 -152.46  3.545E-02  135.42      2.95107E-01                 0.2250  -175.60   RIGHT 
   26.00    0.00   1.025E-01 -147.03  2.555E-02  143.79      1.40213E-01                 0.2311  -174.65   RIGHT 
   28.00    0.00   6.039E-02 -147.74  1.501E-02  147.56      4.86584E-02                 0.2221  -173.62   RIGHT 
   30.00    0.00   2.873E-02 -174.21  5.450E-03  120.71      1.07431E-02                 0.1709  -175.29   RIGHT 
   32.00    0.00   3.340E-02  123.00  9.175E-03   35.30      1.50803E-02                 0.2744  -179.32   RIGHT 
   34.00    0.00   5.996E-02  107.95  1.925E-02   29.93      4.98405E-02                 0.3126  -175.77   RIGHT 
   36.00    0.00   8.611E-02  108.49  2.902E-02   35.44      1.03771E-01                 0.3190  -173.75   RIGHT 
   38.00    0.00   1.089E-01  112.83  3.785E-02   43.15      1.66933E-01                 0.3209  -172.32   RIGHT 
   40.00    0.00   1.278E-01  118.44  4.549E-02   51.50      2.31157E-01                 0.3206  -171.14   RIGHT 
   42.00    0.00   1.429E-01  124.48  5.177E-02   60.00      2.90227E-01                 0.3183  -170.11   RIGHT 
   44.00    0.00   1.544E-01  130.62  5.664E-02   68.44      3.39860E-01                 0.3142  -169.21   RIGHT 
   46.00    0.00   1.626E-01  136.70  6.008E-02   76.69      3.77531E-01                 0.3084  -168.42   RIGHT 
   48.00    0.00   1.678E-01  142.64  6.214E-02   84.71      4.02202E-01                 0.3010  -167.75   RIGHT 
   50.00    0.00   1.703E-01  148.38  6.291E-02   92.43      4.14001E-01                 0.2924  -167.20   RIGHT 
   52.00    0.00   1.704E-01  153.90  6.251E-02   99.83      4.13906E-01                 0.2828  -166.77   RIGHT 
   54.00    0.00   1.684E-01  159.17  6.110E-02  106.88      4.03454E-01                 0.2724  -166.47   RIGHT 
   56.00    0.00   1.647E-01  164.19  5.883E-02  113.56      3.84483E-01                 0.2617  -166.28   RIGHT 
   58.00    0.00   1.595E-01  168.95  5.588E-02  119.83      3.58933E-01                 0.2508  -166.20   RIGHT 
   60.00    0.00   1.530E-01  173.45  5.241E-02  125.67      3.28699E-01                 0.2401  -166.23   RIGHT 
   62.00    0.00   1.455E-01  177.67  4.857E-02  131.07      2.95523E-01                 0.2298  -166.34   RIGHT 
   64.00    0.00   1.371E-01 -178.38  4.452E-02  135.98      2.60937E-01                 0.2203  -166.54   RIGHT 
   66.00    0.00   1.280E-01 -174.70  4.038E-02  140.39      2.26229E-01                 0.2117  -166.80   RIGHT 
   68.00    0.00   1.183E-01 -171.31  3.628E-02  144.25      1.92441E-01                 0.2044  -167.10   RIGHT 
   70.00    0.00   1.083E-01 -168.20  3.230E-02  147.53      1.60379E-01                 0.1988  -167.43   RIGHT 
   72.00    0.00   9.788E-02 -165.37  2.855E-02  150.20      1.30642E-01                 0.1954  -167.76   RIGHT 
   74.00    0.00   8.728E-02 -162.83  2.508E-02  152.20      1.03645E-01                 0.1947  -168.05   RIGHT 
   76.00    0.00   7.653E-02 -160.58  2.196E-02  153.51      7.96602E-02                 0.1978  -168.24   RIGHT 
   78.00    0.00   6.568E-02 -158.63  1.921E-02  154.11      5.88432E-02                 0.2063  -168.26   RIGHT 
   80.00    0.00   5.476E-02 -156.97  1.688E-02  154.05      4.12663E-02                 0.2229  -167.95   RIGHT 
   82.00    0.00   4.382E-02 -155.61  1.498E-02  153.42      2.69451E-02                 0.2530  -167.00   RIGHT 
   84.00    0.00   3.286E-02 -154.55  1.351E-02  152.41      1.58614E-02                 0.3077  -164.62   RIGHT 
   86.00    0.00   2.190E-02 -153.79  1.248E-02  151.33      7.98175E-03                 0.4114  -157.92   RIGHT 
   88.00    0.00   1.094E-02 -153.33  1.187E-02  150.49      3.27244E-03                 0.5306  -130.84   RIGHT 
   90.00    0.00   1.986E-05   13.12  1.166E-02  150.17      1.70913E-03                 0.0012   -89.93   LINEAR
   92.00    0.00   1.098E-02   26.62  1.187E-02  150.48      3.28309E-03                 0.5305   -48.98   LEFT  
   94.00    0.00   2.194E-02   26.18  1.248E-02  151.31      8.00322E-03                 0.4109   -22.03   LEFT  
   96.00    0.00   3.290E-02   25.43  1.351E-02  152.39      1.58940E-02                 0.3074   -15.36   LEFT  
   98.00    0.00   4.386E-02   24.37  1.498E-02  153.39      2.69894E-02                 0.2528   -12.98   LEFT  
  100.00    0.00   5.480E-02   23.01  1.688E-02  154.02      4.13227E-02                 0.2228   -12.03   LEFT  
  102.00    0.00   6.572E-02   21.36  1.921E-02  154.08      5.89125E-02                 0.2063   -11.72   LEFT  
  104.00    0.00   7.658E-02   19.40  2.195E-02  153.47      7.97430E-02                 0.1978   -11.74   LEFT  
  106.00    0.00   8.733E-02   17.16  2.508E-02  152.16      1.03742E-01                 0.1947   -11.94   LEFT  
  108.00    0.00   9.793E-02   14.62  2.855E-02  150.16      1.30754E-01                 0.1954   -12.23   LEFT  
  110.00    0.00   1.083E-01   11.79  3.230E-02  147.50      1.60507E-01                 0.1988   -12.55   LEFT  
  112.00    0.00   1.184E-01    8.68  3.627E-02  144.22      1.92584E-01                 0.2044   -12.88   LEFT  
  114.00    0.00   1.280E-01    5.28  4.037E-02  140.36      2.26387E-01                 0.2117   -13.19   LEFT  
  116.00    0.00   1.371E-01    1.61  4.451E-02  135.95      2.61110E-01                 0.2202   -13.45   LEFT  
  118.00    0.00   1.455E-01   -2.34  4.856E-02  131.04      2.95709E-01                 0.2298   -13.64   LEFT  
  120.00    0.00   1.531E-01   -6.57  5.240E-02  125.64      3.28896E-01                 0.2400   -13.76   LEFT  
  122.00    0.00   1.596E-01  -11.06  5.587E-02  119.80      3.59140E-01                 0.2507   -13.79   LEFT  
  124.00    0.00   1.648E-01  -15.83  5.883E-02  113.53      3.84695E-01                 0.2616   -13.71   LEFT  
  126.00    0.00   1.685E-01  -20.85  6.109E-02  106.86      4.03669E-01                 0.2723   -13.53   LEFT  
  128.00    0.00   1.704E-01  -26.13  6.251E-02   99.81      4.14120E-01                 0.2827   -13.22   LEFT  
  130.00    0.00   1.703E-01  -31.64  6.290E-02   92.41      4.14208E-01                 0.2923   -12.80   LEFT  
  132.00    0.00   1.678E-01  -37.39  6.213E-02   84.68      4.02399E-01                 0.3009   -12.25   LEFT  
  134.00    0.00   1.626E-01  -43.33  6.008E-02   76.67      3.77713E-01                 0.3083   -11.58   LEFT  
  136.00    0.00   1.544E-01  -49.41  5.664E-02   68.41      3.40023E-01                 0.3141   -10.79   LEFT  
  138.00    0.00   1.429E-01  -55.56  5.178E-02   59.98      2.90368E-01                 0.3182    -9.89   LEFT  
  140.00    0.00   1.278E-01  -61.61  4.549E-02   51.48      2.31274E-01                 0.3204    -8.86   LEFT  
  142.00    0.00   1.089E-01  -67.22  3.786E-02   43.13      1.67022E-01                 0.3207    -7.69   LEFT  
  144.00    0.00   8.614E-02  -71.58  2.903E-02   35.41      1.03827E-01                 0.3189    -6.26   LEFT  
  146.00    0.00   5.997E-02  -72.15  1.926E-02   29.90      4.98613E-02                 0.3126    -4.25   LEFT  
  148.00    0.00   3.338E-02  -57.17  9.184E-03   35.24      1.50591E-02                 0.2749    -0.72   LEFT  
  150.00    0.00   2.863E-02    5.77  5.441E-03  120.59      1.06713E-02                 0.1714    -4.70   LEFT  
  152.00    0.00   6.030E-02   32.30  1.499E-02  147.53      4.85239E-02                 0.2223    -6.36   LEFT  
  154.00    0.00   1.024E-01   33.00  2.553E-02  143.77      1.40001E-01                 0.2312    -5.34   LEFT  
  156.00    0.00   1.490E-01   27.56  3.544E-02  135.41      2.94797E-01                 0.2251    -4.39   LEFT  
  158.00    0.00   1.985E-01   19.78  4.414E-02  125.47      5.19550E-01                 0.2133    -3.61   LEFT  
  160.00    0.00   2.497E-01   10.80  5.120E-02  114.76      8.16491E-01                 0.1985    -2.95   LEFT  
  162.00    0.00   3.015E-01    1.05  5.625E-02  103.57      1.18231E+00                 0.1818    -2.39   LEFT  
  164.00    0.00   3.528E-01   -9.26  5.899E-02   92.04      1.60744E+00                 0.1638    -1.93   LEFT  
  166.00    0.00   4.021E-01  -20.00  5.924E-02   80.27      2.07587E+00                 0.1449    -1.54   LEFT  
  168.00    0.00   4.483E-01  -31.10  5.692E-02   68.30      2.56577E+00                 0.1252    -1.21   LEFT  
  170.00    0.00   4.900E-01  -42.50  5.207E-02   56.17      3.05075E+00                 0.1050    -0.93   LEFT  
  172.00    0.00   5.260E-01  -54.18  4.487E-02   43.91      3.50184E+00                 0.0844    -0.69   LEFT  
  174.00    0.00   5.552E-01  -66.09  3.561E-02   31.54      3.89003E+00                 0.0636    -0.49   LEFT  
  176.00    0.00   5.768E-01  -78.22  2.471E-02   19.09      4.18896E+00                 0.0425    -0.31   LEFT  
  178.00    0.00   5.901E-01  -90.55  1.266E-02    6.57      4.37754E+00                 0.0213    -0.15   LEFT  
  180.00    0.00   5.946E-01 -103.04  1.009E-05  -23.71      4.44213E+00                 0.0000     0.00   LINEAR
  182.00    0.00   5.901E-01 -115.69  1.264E-02  161.45      4.37802E+00                 0.0213     0.15   RIGHT 
  184.00    0.00   5.769E-01 -128.49  2.469E-02  148.84      4.18990E+00                 0.0425     0.31   RIGHT 
  186.00    0.00   5.553E-01 -141.41  3.560E-02  136.23      3.89136E+00                 0.0635  -179.51   RIGHT 
  188.00    0.00   5.261E-01 -154.46  4.486E-02  123.63      3.50346E+00                 0.0844  -179.31   RIGHT 
  190.00    0.00   4.901E-01 -167.62  5.206E-02  111.05      3.05257E+00                 0.1050  -179.07   RIGHT 
  192.00    0.00   4.484E-01  179.10  5.691E-02   98.49      2.56768E+00                 0.1252  -178.80   RIGHT 
  194.00    0.00   4.023E-01  165.69  5.924E-02   85.95      2.07776E+00                 0.1448  -178.47   RIGHT 
  196.00    0.00   3.530E-01  152.14  5.900E-02   73.43      1.60921E+00                 0.1637  -178.07   RIGHT 
  198.00    0.00   3.017E-01  138.40  5.626E-02   60.90      1.18389E+00                 0.1817  -177.61   RIGHT 
  200.00    0.00   2.499E-01  124.37  5.121E-02   48.30      8.17819E-01                 0.1984  -177.06   RIGHT 
  202.00    0.00   1.987E-01  109.88  4.415E-02   35.52      5.20597E-01                 0.2132  -176.41   RIGHT 
  204.00    0.00   1.492E-01   94.51  3.545E-02   22.29      2.95557E-01                 0.2250  -175.63   RIGHT 
  206.00    0.00   1.026E-01   77.18  2.556E-02    7.84      1.40488E-01                 0.2312  -174.69   RIGHT 
  208.00    0.00   6.046E-02   54.13  1.502E-02  -10.86      4.87715E-02                 0.2226  -173.69   RIGHT 
  210.00    0.00   2.869E-02    5.81  5.488E-03  -59.79      1.07234E-02                 0.1731     4.66   RIGHT 
  212.00    0.00   3.326E-02  -78.83  9.191E-03 -166.26      1.49668E-02                 0.2760     0.77   RIGHT 
  214.00    0.00   5.985E-02 -115.03  1.926E-02  167.15      4.96768E-02                 0.3129     4.30   RIGHT 
  216.00    0.00   8.604E-02 -135.08  2.902E-02  152.01      1.03600E-01                 0.3189  -173.70   RIGHT 
  218.00    0.00   1.088E-01 -150.81  3.785E-02  139.61      1.66794E-01                 0.3207  -172.28   RIGHT 
  220.00    0.00   1.278E-01 -164.75  4.548E-02  128.41      2.31079E-01                 0.3203  -171.11   RIGHT 
  222.00    0.00   1.429E-01 -177.68  5.177E-02  117.92      2.90231E-01                 0.3180  -170.09   RIGHT 
  224.00    0.00   1.544E-01  170.07  5.663E-02  107.95      3.39957E-01                 0.3139  -169.19   RIGHT 
  226.00    0.00   1.626E-01  158.38  6.007E-02   98.41      3.77724E-01                 0.3081  -168.41   RIGHT 
  228.00    0.00   1.678E-01  147.17  6.213E-02   89.27      4.02484E-01                 0.3007  -167.74   RIGHT 
  230.00    0.00   1.703E-01  136.41  6.290E-02   80.49      4.14361E-01                 0.2921  -167.20   RIGHT 
  232.00    0.00   1.705E-01  126.11  6.251E-02   72.06      4.14330E-01                 0.2825  -166.78   RIGHT 
  234.00    0.00   1.686E-01  116.25  6.110E-02   63.97      4.03923E-01                 0.2722  -166.48   RIGHT 
  236.00    0.00   1.648E-01  106.85  5.883E-02   56.21      3.84980E-01                 0.2615  -166.29   RIGHT 
  238.00    0.00   1.596E-01   97.92  5.588E-02   48.78      3.59441E-01                 0.2507  -166.22   RIGHT 
  240.00    0.00   1.531E-01   89.46  5.241E-02   41.67      3.29203E-01                 0.2400  -166.24   RIGHT 
  242.00    0.00   1.456E-01   81.50  4.857E-02   34.87      2.96012E-01                 0.2298  -166.36   RIGHT 
  244.00    0.00   1.372E-01   74.04  4.452E-02   28.36      2.61400E-01                 0.2202  -166.56   RIGHT 
  246.00    0.00   1.281E-01   67.09  4.039E-02   22.13      2.26659E-01                 0.2117  -166.82   RIGHT 
  248.00    0.00   1.184E-01   60.66  3.628E-02   16.15      1.92833E-01                 0.2045  -167.13   RIGHT 
  250.00    0.00   1.084E-01   54.76  3.231E-02   10.41      1.60732E-01                 0.1990  -167.46   RIGHT 
  252.00    0.00   9.801E-02   49.40  2.856E-02    4.88      1.30953E-01                 0.1956  -167.79   RIGHT 
  254.00    0.00   8.740E-02   44.59  2.510E-02   -0.49      1.03915E-01                 0.1950    11.92   RIGHT 
  256.00    0.00   7.665E-02   40.34  2.197E-02   -5.70      7.98903E-02                 0.1982    11.72   RIGHT 
  258.00    0.00   6.579E-02   36.64  1.923E-02  -10.76      5.90352E-02                 0.2067    11.70   RIGHT 
  260.00    0.00   5.487E-02   33.50  1.690E-02  -15.64      4.14224E-02                 0.2234    12.00   RIGHT 
  262.00    0.00   4.392E-02   30.94  1.500E-02  -20.21      2.70674E-02                 0.2535    12.94   RIGHT 
  264.00    0.00   3.296E-02   28.94  1.354E-02  -24.29      1.59521E-02                 0.3083    15.30   RIGHT 
  266.00    0.00   2.199E-02   27.53  1.251E-02  -27.57      8.04311E-03                 0.4124    21.94   RIGHT 
  268.00    0.00   1.103E-02   26.75  1.189E-02  -29.72      3.30636E-03                 0.5343    48.88   RIGHT 
  270.00    0.00   7.571E-05   48.00  1.169E-02  -30.47      1.71743E-03                 0.0063    89.93   LINEAR
  272.00    0.00   1.089E-02 -153.54  1.189E-02  -29.72      3.26747E-03                 0.5300   130.50   LEFT  
  274.00    0.00   2.185E-02 -152.61  1.250E-02  -27.56      7.96530E-03                 0.4131   157.83   LEFT  
  276.00    0.00   3.282E-02 -151.15  1.354E-02  -24.27      1.58354E-02                 0.3089   164.59   LEFT  
  278.00    0.00   4.378E-02 -149.13  1.500E-02  -20.19      2.69118E-02                 0.2539   166.99   LEFT  
  280.00    0.00   5.473E-02 -146.55  1.690E-02  -15.61      4.12280E-02                 0.2236   167.95   LEFT  
  282.00    0.00   6.565E-02 -143.40  1.923E-02  -10.73      5.88027E-02                 0.2069   168.26   LEFT  
  284.00    0.00   7.651E-02 -139.69  2.197E-02   -5.67      7.96208E-02                 0.1983   168.24   LEFT  
  286.00    0.00   8.726E-02 -135.43  2.510E-02   -0.46      1.03610E-01                 0.1951   168.05   LEFT  
  288.00    0.00   9.787E-02 -130.61  2.856E-02    4.90      1.30615E-01                 0.1957   -12.24   LEFT  
  290.00    0.00   1.082E-01 -125.25  3.232E-02   10.44      1.60366E-01                 0.1991   -12.56   LEFT  
  292.00    0.00   1.183E-01 -119.34  3.629E-02   16.18      1.92445E-01                 0.2046   -12.89   LEFT  
  294.00    0.00   1.280E-01 -112.91  4.039E-02   22.15      2.26255E-01                 0.2119   -13.20   LEFT  
  296.00    0.00   1.371E-01 -105.96  4.453E-02   28.38      2.60988E-01                 0.2204   -13.46   LEFT  
  298.00    0.00   1.455E-01  -98.49  4.858E-02   34.89      2.95603E-01                 0.2299   -13.65   LEFT  
  300.00    0.00   1.530E-01  -90.52  5.242E-02   41.69      3.28809E-01                 0.2401   -13.77   LEFT  
  302.00    0.00   1.595E-01  -82.06  5.589E-02   48.81      3.59074E-01                 0.2508   -13.80   LEFT  
  304.00    0.00   1.648E-01  -73.13  5.884E-02   56.24      3.84654E-01                 0.2617   -13.72   LEFT  
  306.00    0.00   1.685E-01  -63.72  6.111E-02   63.99      4.03653E-01                 0.2724   -13.53   LEFT  
  308.00    0.00   1.704E-01  -53.86  6.252E-02   72.08      4.14127E-01                 0.2827   -13.23   LEFT  
  310.00    0.00   1.703E-01  -43.55  6.291E-02   80.51      4.14235E-01                 0.2923   -12.80   LEFT  
  312.00    0.00   1.678E-01  -32.80  6.215E-02   89.29      4.02442E-01                 0.3009   -12.25   LEFT  
  314.00    0.00   1.626E-01  -21.58  6.009E-02   98.43      3.77766E-01                 0.3082   -11.59   LEFT  
  316.00    0.00   1.544E-01   -9.88  5.665E-02  107.97      3.40078E-01                 0.3140   -10.80   LEFT  
  318.00    0.00   1.429E-01    2.37  5.178E-02  117.93      2.90419E-01                 0.3181    -9.90   LEFT  
  320.00    0.00   1.278E-01   15.30  4.550E-02  128.42      2.31316E-01                 0.3204    -8.87   LEFT  
  322.00    0.00   1.089E-01   29.25  3.786E-02  139.63      1.67054E-01                 0.3207    -7.70   LEFT  
  324.00    0.00   8.615E-02   44.99  2.903E-02  152.02      1.03853E-01                 0.3188    -6.28   LEFT  
  326.00    0.00   5.999E-02   65.05  1.927E-02  167.16      4.98887E-02                 0.3125   175.73   LEFT  
  328.00    0.00   3.343E-02  101.19  9.202E-03 -166.26      1.51048E-02                 0.2750   179.24   LEFT  
  330.00    0.00   2.874E-02 -174.49  5.485E-03  -59.87      1.07585E-02                 0.1724   175.31   LEFT  
  332.00    0.00   6.040E-02 -126.01  1.502E-02  -10.87      4.86827E-02                 0.2224    -6.35   LEFT  
  334.00    0.00   1.025E-01 -102.89  2.555E-02    7.85      1.40266E-01                 0.2312    -5.33   LEFT  
  336.00    0.00   1.491E-01  -85.53  3.545E-02   22.30      2.95208E-01                 0.2251    -4.39   LEFT  
  338.00    0.00   1.986E-01  -70.15  4.415E-02   35.54      5.20141E-01                 0.2132    -3.60   LEFT  
  340.00    0.00   2.498E-01  -55.65  5.121E-02   48.31      8.17294E-01                 0.1984    -2.95   LEFT  
  342.00    0.00   3.017E-01  -41.62  5.626E-02   60.91      1.18335E+00                 0.1818    -2.40   LEFT  
  344.00    0.00   3.529E-01  -27.87  5.900E-02   73.44      1.60871E+00                 0.1638    -1.93   LEFT  
  346.00    0.00   4.022E-01  -14.31  5.925E-02   85.96      2.07737E+00                 0.1448    -1.54   LEFT  
  348.00    0.00   4.484E-01   -0.91  5.692E-02   98.50      2.56746E+00                 0.1252    -1.21   LEFT  
  350.00    0.00   4.901E-01   12.38  5.207E-02  111.06      3.05257E+00                 0.1050    -0.93   LEFT  
  352.00    0.00   5.261E-01   25.54  4.486E-02  123.65      3.50373E+00                 0.0844    -0.69   LEFT  
  354.00    0.00   5.554E-01   38.59  3.560E-02  136.25      3.89190E+00                 0.0635    -0.49   LEFT  
  356.00    0.00   5.770E-01   51.51  2.470E-02  148.86      4.19072E+00                 0.0425   179.69   LEFT  
  358.00    0.00   5.902E-01   64.31  1.264E-02  161.48      4.37909E+00                 0.0212   179.85   LEFT  
  360.00    0.00   5.946E-01   76.96  1.215E-05  -32.63      4.44341E+00                 0.0000   180.00   LINEAR