  0.00    0.00   0.000E+00    0.00  0.000E+00    0.00      0.00000E+00                 0.0000     0.00   UNDEF.
    2.00    0.00   4.954E-03   19.50  0.000E+00    0.00      3.08466E-04                 0.0000     0.00   LINEAR
    4.00    0.00   9.929E-03   18.90  0.000E+00    0.00      1.23889E-03                 0.0000     0.00   LINEAR
    6.00    0.00   1.494E-02   17.90  0.000E+00    0.00      2.80597E-03                 0.0000     0.00   LINEAR
    8.00    0.00   2.001E-02   16.50  0.000E+00    0.00      5.03276E-03                 0.0000     0.00   LINEAR
   10.00    0.00   2.515E-02   14.70  0.000E+00    0.00      7.94856E-03                 0.0000     0.00   LINEAR
   12.00    0.00   3.036E-02   12.51  0.000E+00    0.00      1.15856E-02                 0.0000     0.00   LINEAR
   14.00    0.00   3.565E-02    9.92  0.000E+00    0.00      1.59746E-02                 0.0000     0.00   LINEAR
   16.00    0.00   4.101E-02    6.94  0.000E+00    0.00      2.11390E-02                 0.0000     0.00   LINEAR
   18.00    0.00   4.643E-02    3.56  0.000E+00    0.00      2.70872E-02                 0.0000     0.00   LINEAR
   20.00    0.00   5.187E-02   -0.21  0.000E+00    0.00      3.38040E-02                 0.0000     0.00   LINEAR
   22.00    0.00   5.729E-02   -4.37  0.000E+00    0.00      4.12401E-02                 0.0000     0.00   LINEAR
   24.00    0.00   6.264E-02   -8.91  0.000E+00    0.00      4.93006E-02                 0.0000     0.00   LINEAR
   26.00    0.00   6.784E-02  -13.83  0.000E+00    0.00      5.78331E-02                 0.0000     0.00   LINEAR
   28.00    0.00   7.281E-02  -19.12  0.000E+00    0.00      6.66169E-02                 0.0000     0.00   LINEAR
   30.00    0.00   7.744E-02  -24.79  0.000E+00    0.00      7.53540E-02                 0.0000     0.00   LINEAR
   32.00    0.00   8.160E-02  -30.82  0.000E+00    0.00      8.36651E-02                 0.0000     0.00   LINEAR
   34.00    0.00   8.514E-02  -37.20  0.000E+00    0.00      9.10920E-02                 0.0000     0.00   LINEAR
   36.00    0.00   8.791E-02  -43.94  0.000E+00    0.00      9.71111E-02                 0.0000     0.00   LINEAR
   38.00    0.00   8.972E-02  -51.01  0.000E+00    0.00      1.01158E-01                 0.0000     0.00   LINEAR
   40.00    0.00   9.039E-02  -58.41  0.000E+00    0.00      1.02668E-01                 0.0000     0.00   LINEAR
   42.00    0.00   8.971E-02  -66.12  0.000E+00    0.00      1.01137E-01                 0.0000     0.00   LINEAR
   44.00    0.00   8.749E-02  -74.13  0.000E+00    0.00      9.61906E-02                 0.0000     0.00   LINEAR
   46.00    0.00   8.353E-02  -82.41  0.000E+00    0.00      8.76747E-02                 0.0000     0.00   LINEAR
   48.00    0.00   7.764E-02  -90.92  0.000E+00    0.00      7.57518E-02                 0.0000     0.00   LINEAR
   50.00    0.00   6.967E-02  -99.61  0.000E+00    0.00      6.09944E-02                 0.0000     0.00   LINEAR
   52.00    0.00   5.948E-02 -108.35  0.000E+00    0.00      4.44654E-02                 0.0000     0.00   LINEAR
   54.00    0.00   4.701E-02 -116.91  0.000E+00    0.00      2.77691E-02                 0.0000     0.00   LINEAR
   56.00    0.00   3.223E-02 -124.45  0.000E+00    0.00      1.30559E-02                 0.0000     0.00   LINEAR
   58.00    0.00   1.536E-02 -126.24  0.000E+00    0.00      2.96454E-03                 0.0000     0.00   LINEAR
   60.00    0.00   6.257E-03  -14.71  0.000E+00    0.00      4.92026E-04                 0.0000     0.00   LINEAR
   62.00    0.00   2.644E-02    7.66  0.000E+00    0.00      8.78459E-03                 0.0000     0.00   LINEAR
   64.00    0.00   4.955E-02    1.04  0.000E+00    0.00      3.08568E-02                 0.0000     0.00   LINEAR
   66.00    0.00   7.424E-02   -8.44  0.000E+00    0.00      6.92559E-02                 0.0000     0.00   LINEAR
   68.00    0.00   1.000E-01  -18.91  0.000E+00    0.00      1.25701E-01                 0.0000     0.00   LINEAR
   70.00    0.00   1.264E-01  -29.90  0.000E+00    0.00      2.00740E-01                 0.0000     0.00   LINEAR
   72.00    0.00   1.528E-01  -41.24  0.000E+00    0.00      2.93469E-01                 0.0000     0.00   LINEAR
   74.00    0.00   1.787E-01  -52.83  0.000E+00    0.00      4.01364E-01                 0.0000     0.00   LINEAR
   76.00    0.00   2.035E-01  -64.63  0.000E+00    0.00      5.20270E-01                 0.0000     0.00   LINEAR
   78.00    0.00   2.265E-01  -76.61  0.000E+00    0.00      6.44562E-01                 0.0000     0.00   LINEAR
   80.00    0.00   2.471E-01  -88.73  0.000E+00    0.00      7.67498E-01                 0.0000     0.00   LINEAR
   82.00    0.00   2.649E-01 -100.98  0.000E+00    0.00      8.81729E-01                 0.0000     0.00   LINEAR
   84.00    0.00   2.792E-01 -113.33  0.000E+00    0.00      9.79931E-01                 0.0000     0.00   LINEAR
   86.00    0.00   2.898E-01 -125.76  0.000E+00    0.00      1.05547E+00                 0.0000     0.00   LINEAR
   88.00    0.00   2.963E-01 -138.27  0.000E+00    0.00      1.10308E+00                 0.0000   180.00   LINEAR
   90.00    0.00   2.985E-01 -150.82  0.000E+00    0.00      1.11934E+00                 0.0000   180.00   LINEAR
   92.00    0.00   2.963E-01 -163.41  0.000E+00    0.00      1.10308E+00                 0.0000   180.00   LINEAR
   94.00    0.00   2.898E-01 -176.02  0.000E+00    0.00      1.05547E+00                 0.0000   180.00   LINEAR
   96.00    0.00   2.792E-01  171.36  0.000E+00    0.00      9.79930E-01                 0.0000   180.00   LINEAR
   98.00    0.00   2.649E-01  158.75  0.000E+00    0.00      8.81729E-01                 0.0000   180.00   LINEAR
  100.00    0.00   2.471E-01  146.15  0.000E+00    0.00      7.67497E-01                 0.0000   180.00   LINEAR
  102.00    0.00   2.265E-01  133.59  0.000E+00    0.00      6.44561E-01                 0.0000   180.00   LINEAR
  104.00    0.00   2.035E-01  121.06  0.000E+00    0.00      5.20269E-01                 0.0000   180.00   LINEAR
  106.00    0.00   1.787E-01  108.57  0.000E+00    0.00      4.01363E-01                 0.0000   180.00   LINEAR
  108.00    0.00   1.528E-01   96.12  0.000E+00    0.00      2.93468E-01                 0.0000   180.00   LINEAR
  110.00    0.00   1.264E-01   83.67  0.000E+00    0.00      2.00740E-01                 0.0000   180.00   LINEAR
  112.00    0.00   1.000E-01   71.19  0.000E+00    0.00      1.25701E-01                 0.0000   180.00   LINEAR
  114.00    0.00   7.424E-02   58.51  0.000E+00    0.00      6.92557E-02                 0.0000   180.00   LINEAR
  116.00    0.00   4.955E-02   45.20  0.000E+00    0.00      3.08567E-02                 0.0000   180.00   LINEAR
  118.00    0.00   2.644E-02   29.40  0.000E+00    0.00      8.78455E-03                 0.0000     0.00   LINEAR
  120.00    0.00   6.257E-03  -14.96  0.000E+00    0.00      4.92022E-04                 0.0000     0.00   LINEAR
  122.00    0.00   1.536E-02 -148.04  0.000E+00    0.00      2.96454E-03                 0.0000   180.00   LINEAR
  124.00    0.00   3.223E-02 -167.35  0.000E+00    0.00      1.30559E-02                 0.0000   180.00   LINEAR
  126.00    0.00   4.701E-02  179.60  0.000E+00    0.00      2.77691E-02                 0.0000   180.00   LINEAR
  128.00    0.00   5.948E-02  168.06  0.000E+00    0.00      4.44653E-02                 0.0000   180.00   LINEAR
  130.00    0.00   6.967E-02  157.27  0.000E+00    0.00      6.09943E-02                 0.0000   180.00   LINEAR
  132.00    0.00   7.764E-02  146.97  0.000E+00    0.00      7.57516E-02                 0.0000   180.00   LINEAR
  134.00    0.00   8.353E-02  137.09  0.000E+00    0.00      8.76745E-02                 0.0000   180.00   LINEAR
  136.00    0.00   8.749E-02  127.59  0.000E+00    0.00      9.61903E-02                 0.0000   180.00   LINEAR
  138.00    0.00   8.971E-02  118.44  0.000E+00    0.00      1.01137E-01                 0.0000   180.00   LINEAR
  140.00    0.00   9.039E-02  109.66  0.000E+00    0.00      1.02668E-01                 0.0000   180.00   LINEAR
  142.00    0.00   8.972E-02  101.23  0.000E+00    0.00      1.01157E-01                 0.0000   180.00   LINEAR
  144.00    0.00   8.791E-02   93.17  0.000E+00    0.00      9.71107E-02                 0.0000   180.00   LINEAR
  146.00    0.00   8.514E-02   85.48  0.000E+00    0.00      9.10917E-02                 0.0000   180.00   LINEAR
  148.00    0.00   8.160E-02   78.17  0.000E+00    0.00      8.36647E-02                 0.0000   180.00   LINEAR
  150.00    0.00   7.744E-02   71.24  0.000E+00    0.00      7.53537E-02                 0.0000   180.00   LINEAR
  152.00    0.00   7.281E-02   64.72  0.000E+00    0.00      6.66166E-02                 0.0000   180.00   LINEAR
  154.00    0.00   6.784E-02   58.59  0.000E+00    0.00      5.78329E-02                 0.0000   180.00   LINEAR
  156.00    0.00   6.264E-02   52.89  0.000E+00    0.00      4.93004E-02                 0.0000   180.00   LINEAR
  158.00    0.00   5.729E-02   47.60  0.000E+00    0.00      4.12399E-02                 0.0000   180.00   LINEAR
  160.00    0.00   5.187E-02   42.74  0.000E+00    0.00      3.38039E-02                 0.0000     0.00   LINEAR
  162.00    0.00   4.643E-02   38.32  0.000E+00    0.00      2.70871E-02                 0.0000     0.00   LINEAR
  164.00    0.00   4.101E-02   34.35  0.000E+00    0.00      2.11389E-02                 0.0000     0.00   LINEAR
  166.00    0.00   3.565E-02   30.82  0.000E+00    0.00      1.59746E-02                 0.0000     0.00   LINEAR
  168.00    0.00   3.036E-02   27.76  0.000E+00    0.00      1.15856E-02                 0.0000     0.00   LINEAR
  170.00    0.00   2.515E-02   25.15  0.000E+00    0.00      7.94852E-03                 0.0000     0.00   LINEAR
  172.00    0.00   2.001E-02   23.01  0.000E+00    0.00      5.03273E-03                 0.0000     0.00   LINEAR
  174.00    0.00   1.494E-02   21.35  0.000E+00    0.00      2.80595E-03                 0.0000     0.00   LINEAR
  176.00    0.00   9.929E-03   20.16  0.000E+00    0.00      1.23889E-03                 0.0000     0.00   LINEAR
  178.00    0.00   4.954E-03   19.44  0.000E+00    0.00      3.08465E-04                 0.0000     0.00   LINEAR
  180.00    0.00   1.737E-17   19.20  0.000E+00    0.00      3.79154E-33                 0.0000     0.00   LINEAR
  182.00    0.00   4.954E-03 -160.56  0.000E+00    0.00      3.08465E-04                 0.0000   180.00   LINEAR
  184.00    0.00   9.929E-03 -159.84  0.000E+00    0.00      1.23889E-03                 0.0000   180.00   LINEAR
  186.00    0.00   1.494E-02 -158.65  0.000E+00    0.00      2.80595E-03                 0.0000   180.00   LINEAR
  188.00    0.00   2.001E-02 -156.99  0.000E+00    0.00      5.03273E-03                 0.0000   180.00   LINEAR
  190.00    0.00   2.515E-02 -154.85  0.000E+00    0.00      7.94852E-03                 0.0000   180.00   LINEAR
  192.00    0.00   3.036E-02 -152.24  0.000E+00    0.00      1.15856E-02                 0.0000   180.00   LINEAR
  194.00    0.00   3.565E-02 -149.18  0.000E+00    0.00      1.59746E-02                 0.0000   180.00   LINEAR
  196.00    0.00   4.101E-02 -145.65  0.000E+00    0.00      2.11389E-02                 0.0000   180.00   LINEAR
  198.00    0.00   4.643E-02 -141.68  0.000E+00    0.00      2.70871E-02                 0.0000   180.00   LINEAR
  200.00    0.00   5.187E-02 -137.26  0.000E+00    0.00      3.38039E-02                 0.0000   180.00   LINEAR
  202.00    0.00   5.729E-02 -132.40  0.000E+00    0.00      4.12399E-02                 0.0000     0.00   LINEAR
  204.00    0.00   6.264E-02 -127.11  0.000E+00    0.00      4.93004E-02                 0.0000     0.00   LINEAR
  206.00    0.00   6.784E-02 -121.41  0.000E+00    0.00      5.78329E-02                 0.0000     0.00   LINEAR
  208.00    0.00   7.281E-02 -115.28  0.000E+00    0.00      6.66166E-02                 0.0000     0.00   LINEAR
  210.00    0.00   7.744E-02 -108.76  0.000E+00    0.00      7.53537E-02                 0.0000     0.00   LINEAR
  212.00    0.00   8.160E-02 -101.83  0.000E+00    0.00      8.36647E-02                 0.0000     0.00   LINEAR
  214.00    0.00   8.514E-02  -94.52  0.000E+00    0.00      9.10917E-02                 0.0000     0.00   LINEAR
  216.00    0.00   8.791E-02  -86.83  0.000E+00    0.00      9.71107E-02                 0.0000     0.00   LINEAR
  218.00    0.00   8.972E-02  -78.77  0.000E+00    0.00      1.01157E-01                 0.0000     0.00   LINEAR
  220.00    0.00   9.039E-02  -70.34  0.000E+00    0.00      1.02668E-01                 0.0000     0.00   LINEAR
  222.00    0.00   8.971E-02  -61.56  0.000E+00    0.00      1.01137E-01                 0.0000     0.00   LINEAR
  224.00    0.00   8.749E-02  -52.41  0.000E+00    0.00      9.61903E-02                 0.0000     0.00   LINEAR
  226.00    0.00   8.353E-02  -42.91  0.000E+00    0.00      8.76745E-02                 0.0000     0.00   LINEAR
  228.00    0.00   7.764E-02  -33.03  0.000E+00    0.00      7.57516E-02                 0.0000     0.00   LINEAR
  230.00    0.00   6.967E-02  -22.73  0.000E+00    0.00      6.09943E-02                 0.0000     0.00   LINEAR
  232.00    0.00   5.948E-02  -11.94  0.000E+00    0.00      4.44653E-02                 0.0000     0.00   LINEAR
  234.00    0.00   4.701E-02   -0.40  0.000E+00    0.00      2.77691E-02                 0.0000     0.00   LINEAR
  236.00    0.00   3.223E-02   12.65  0.000E+00    0.00      1.30559E-02                 0.0000     0.00   LINEAR
  238.00    0.00   1.536E-02   31.96  0.000E+00    0.00      2.96454E-03                 0.0000     0.00   LINEAR
  240.00    0.00   6.257E-03  165.04  0.000E+00    0.00      4.92020E-04                 0.0000   180.00   LINEAR
  242.00    0.00   2.644E-02 -150.60  0.000E+00    0.00      8.78455E-03                 0.0000   180.00   LINEAR
  244.00    0.00   4.955E-02 -134.80  0.000E+00    0.00      3.08567E-02                 0.0000     0.00   LINEAR
  246.00    0.00   7.424E-02 -121.49  0.000E+00    0.00      6.92557E-02                 0.0000     0.00   LINEAR
  248.00    0.00   1.000E-01 -108.81  0.000E+00    0.00      1.25701E-01                 0.0000     0.00   LINEAR
  250.00    0.00   1.264E-01  -96.33  0.000E+00    0.00      2.00740E-01                 0.0000     0.00   LINEAR
  252.00    0.00   1.528E-01  -83.88  0.000E+00    0.00      2.93468E-01                 0.0000     0.00   LINEAR
  254.00    0.00   1.787E-01  -71.43  0.000E+00    0.00      4.01363E-01                 0.0000     0.00   LINEAR
  256.00    0.00   2.035E-01  -58.94  0.000E+00    0.00      5.20269E-01                 0.0000     0.00   LINEAR
  258.00    0.00   2.265E-01  -46.41  0.000E+00    0.00      6.44561E-01                 0.0000     0.00   LINEAR
  260.00    0.00   2.471E-01  -33.85  0.000E+00    0.00      7.67497E-01                 0.0000     0.00   LINEAR
  262.00    0.00   2.649E-01  -21.25  0.000E+00    0.00      8.81729E-01                 0.0000     0.00   LINEAR
  264.00    0.00   2.792E-01   -8.64  0.000E+00    0.00      9.79930E-01                 0.0000     0.00   LINEAR
  266.00    0.00   2.898E-01    3.98  0.000E+00    0.00      1.05547E+00                 0.0000     0.00   LINEAR
  268.00    0.00   2.963E-01   16.59  0.000E+00    0.00      1.10308E+00                 0.0000     0.00   LINEAR
  270.00    0.00   2.985E-01   29.18  0.000E+00    0.00      1.11934E+00                 0.0000     0.00   LINEAR
  272.00    0.00   2.963E-01   41.73  0.000E+00    0.00      1.10308E+00                 0.0000     0.00   LINEAR
  274.00    0.00   2.898E-01   54.24  0.000E+00    0.00      1.05547E+00                 0.0000   180.00   LINEAR
  276.00    0.00   2.792E-01   66.67  0.000E+00    0.00      9.79931E-01                 0.0000   180.00   LINEAR
  278.00    0.00   2.649E-01   79.02  0.000E+00    0.00      8.81729E-01                 0.0000   180.00   LINEAR
  280.00    0.00   2.471E-01   91.27  0.000E+00    0.00      7.67498E-01                 0.0000   180.00   LINEAR
  282.00    0.00   2.265E-01  103.39  0.000E+00    0.00      6.44562E-01                 0.0000   180.00   LINEAR
  284.00    0.00   2.035E-01  115.37  0.000E+00    0.00      5.20270E-01                 0.0000   180.00   LINEAR
  286.00    0.00   1.787E-01  127.17  0.000E+00    0.00      4.01364E-01                 0.0000   180.00   LINEAR
  288.00    0.00   1.528E-01  138.76  0.000E+00    0.00      2.93469E-01                 0.0000   180.00   LINEAR
  290.00    0.00   1.264E-01  150.10  0.000E+00    0.00      2.00740E-01                 0.0000   180.00   LINEAR
  292.00    0.00   1.000E-01  161.09  0.000E+00    0.00      1.25701E-01                 0.0000   180.00   LINEAR
  294.00    0.00   7.424E-02  171.56  0.000E+00    0.00      6.92559E-02                 0.0000   180.00   LINEAR
  296.00    0.00   4.955E-02 -178.96  0.000E+00    0.00      3.08568E-02                 0.0000   180.00   LINEAR
  298.00    0.00   2.644E-02 -172.34  0.000E+00    0.00      8.78459E-03                 0.0000   180.00   LINEAR
  300.00    0.00   6.257E-03  165.29  0.000E+00    0.00      4.92024E-04                 0.0000   180.00   LINEAR
  302.00    0.00   1.536E-02   53.76  0.000E+00    0.00      2.96453E-03                 0.0000   180.00   LINEAR
  304.00    0.00   3.223E-02   55.55  0.000E+00    0.00      1.30559E-02                 0.0000   180.00   LINEAR
  306.00    0.00   4.701E-02   63.09  0.000E+00    0.00      2.77691E-02                 0.0000   180.00   LINEAR
  308.00    0.00   5.948E-02   71.65  0.000E+00    0.00      4.44654E-02                 0.0000   180.00   LINEAR
  310.00    0.00   6.967E-02   80.39  0.000E+00    0.00      6.09944E-02                 0.0000   180.00   LINEAR
  312.00    0.00   7.764E-02   89.08  0.000E+00    0.00      7.57518E-02                 0.0000   180.00   LINEAR
  314.00    0.00   8.353E-02   97.59  0.000E+00    0.00      8.76747E-02                 0.0000   180.00   LINEAR
  316.00    0.00   8.749E-02  105.87  0.000E+00    0.00      9.61906E-02                 0.0000   180.00   LINEAR
  318.00    0.00   8.971E-02  113.88  0.000E+00    0.00      1.01137E-01                 0.0000   180.00   LINEAR
  320.00    0.00   9.039E-02  121.59  0.000E+00    0.00      1.02669E-01                 0.0000   180.00   LINEAR
  322.00    0.00   8.972E-02  128.99  0.000E+00    0.00      1.01158E-01                 0.0000   180.00   LINEAR
  324.00    0.00   8.791E-02  136.06  0.000E+00    0.00      9.71111E-02                 0.0000   180.00   LINEAR
  326.00    0.00   8.514E-02  142.80  0.000E+00    0.00      9.10920E-02                 0.0000   180.00   LINEAR
  328.00    0.00   8.160E-02  149.18  0.000E+00    0.00      8.36651E-02                 0.0000   180.00   LINEAR
  330.00    0.00   7.744E-02  155.21  0.000E+00    0.00      7.53540E-02                 0.0000   180.00   LINEAR
  332.00    0.00   7.281E-02  160.88  0.000E+00    0.00      6.66169E-02                 0.0000   180.00   LINEAR
  334.00    0.00   6.784E-02  166.17  0.000E+00    0.00      5.78331E-02                 0.0000   180.00   LINEAR
  336.00    0.00   6.264E-02  171.09  0.000E+00    0.00      4.93006E-02                 0.0000   180.00   LINEAR
  338.00    0.00   5.729E-02  175.63  0.000E+00    0.00      4.12401E-02                 0.0000   180.00   LINEAR
  340.00    0.00   5.187E-02  179.79  0.000E+00    0.00      3.38040E-02                 0.0000   180.00   LINEAR
  342.00    0.00   4.643E-02 -176.44  0.000E+00    0.00      2.70872E-02                 0.0000   180.00   LINEAR
  344.00    0.00   4.101E-02 -173.06  0.000E+00    0.00      2.11390E-02                 0.0000   180.00   LINEAR
  346.00    0.00   3.565E-02 -170.08  0.000E+00    0.00      1.59746E-02                 0.0000   180.00   LINEAR
  348.00    0.00   3.036E-02 -167.49  0.000E+00    0.00      1.15856E-02                 0.0000   180.00   LINEAR
  350.00    0.00   2.515E-02 -165.30  0.000E+00    0.00      7.94856E-03                 0.0000   180.00   LINEAR
  352.00    0.00   2.001E-02 -163.50  0.000E+00    0.00      5.03276E-03                 0.0000   180.00   LINEAR
  354.00    0.00   1.494E-02 -162.10  0.000E+00    0.00      2.80597E-03                 0.0000   180.00   LINEAR
  356.00    0.00   9.929E-03 -161.10  0.000E+00    0.00      1.23889E-03                 0.0000   180.00   LINEAR
  358.00    0.00   4.954E-03 -160.50  0.000E+00    0.00      3.08466E-04                 0.0000   180.00   LINEAR
  360.00    0.00   3.474E-17 -160.30  0.000E+00    0.00      1.51662E-32                 0.0000   180.00   LINEAR