 0.00    0.00   7.170E-01  174.51  3.266E-06   17.54      6.46026E+00                 0.0000   180.00   LINEAR
    2.00    0.00   7.117E-01 -172.97  2.423E-02    2.04      6.37312E+00                 0.0030   178.06   LINEAR
    4.00    0.00   6.961E-01 -160.56  4.742E-02   14.50      6.11728E+00                 0.0058   176.12   LINEAR
    6.00    0.00   6.705E-01 -148.28  6.858E-02   26.88      5.70888E+00                 0.0086   174.18   LINEAR
    8.00    0.00   6.357E-01 -136.14  8.678E-02   39.14      5.17331E+00                 0.0110   172.25   LEFT  
   10.00    0.00   5.927E-01 -124.16  1.012E-01   51.29      4.54313E+00                 0.0132    -9.67   LEFT  
   12.00    0.00   5.426E-01 -112.36  1.113E-01   63.29      3.85539E+00                 0.0149   -11.57   LEFT  
   14.00    0.00   4.868E-01 -100.75  1.166E-01   75.12      3.14869E+00                 0.0163   -13.44   LEFT  
   16.00    0.00   4.268E-01  -89.34  1.168E-01   86.77      2.46024E+00                 0.0173   -15.27   LEFT  
   18.00    0.00   3.641E-01  -78.17  1.118E-01   98.20      1.82311E+00                 0.0178   -17.04   LEFT  
   20.00    0.00   3.004E-01  -67.25  1.018E-01  109.35      1.26403E+00                 0.0180   -18.70   LEFT  
   22.00    0.00   2.371E-01  -56.64  8.718E-02  120.14      8.01858E-01                 0.0182   -20.17   LEFT  
   24.00    0.00   1.757E-01  -46.40  6.844E-02  130.37      4.46809E-01                 0.0190   -21.26   LEFT  
   26.00    0.00   1.175E-01  -36.73  4.627E-02  139.44      2.00545E-01                 0.0228   -21.46   LEFT  
   28.00    0.00   6.378E-02  -28.32  2.160E-02  143.86      5.69757E-02                 0.0414   -18.59   LEFT  
   30.00    0.00   1.560E-02  -29.65  7.018E-03   23.56      3.67833E-03                 0.3327    17.02   LEFT  
   32.00    0.00   2.776E-02 -177.54  3.344E-02    3.19      2.37326E-02                 0.0062   129.70   LINEAR
   34.00    0.00   6.376E-02 -173.09  6.093E-02    9.65      9.77360E-02                 0.0239   136.30   RIGHT 
   36.00    0.00   9.324E-02 -165.52  8.765E-02   17.95      2.05781E-01                 0.0302   136.77   RIGHT 
   38.00    0.00   1.161E-01 -157.71  1.127E-01   26.54      3.29197E-01                 0.0371   135.85   RIGHT 
   40.00    0.00   1.326E-01 -150.11  1.355E-01   35.07      4.51901E-01                 0.0452   134.38   RIGHT 
   42.00    0.00   1.432E-01 -142.86  1.554E-01   43.40      5.61292E-01                 0.0545   132.64   RIGHT 
   44.00    0.00   1.484E-01 -136.07  1.721E-01   51.44      6.48646E-01                 0.0649   -49.26   RIGHT 
   46.00    0.00   1.489E-01 -129.81  1.851E-01   59.16      7.09078E-01                 0.0766   -51.27   RIGHT 
   48.00    0.00   1.454E-01 -124.15  1.945E-01   66.50      7.41145E-01                 0.0894   -53.35   RIGHT 
   50.00    0.00   1.389E-01 -119.18  2.002E-01   73.44      7.46200E-01                 0.1034   -55.48   RIGHT 
   52.00    0.00   1.301E-01 -114.98  2.024E-01   79.94      7.27629E-01                 0.1188   -57.64   RIGHT 
   54.00    0.00   1.199E-01 -111.66  2.014E-01   85.96      6.90065E-01                 0.1355   -59.82   RIGHT 
   56.00    0.00   1.089E-01 -109.31  1.974E-01   91.47      6.38673E-01                 0.1535   -61.99   RIGHT 
   58.00    0.00   9.791E-02 -108.02  1.909E-01   96.42      5.78562E-01                 0.1730   -64.14   RIGHT 
   60.00    0.00   8.744E-02 -107.87  1.824E-01  100.76      5.14360E-01                 0.1937   -66.24   RIGHT 
   62.00    0.00   7.794E-02 -108.84  1.724E-01  104.45      4.49934E-01                 0.2156   -68.24   RIGHT 
   64.00    0.00   6.966E-02 -110.86  1.614E-01  107.41      3.88277E-01                 0.2381   -70.11   RIGHT 
   66.00    0.00   6.268E-02 -113.67  1.498E-01  109.60      3.31486E-01                 0.2606   -71.78   RIGHT 
   68.00    0.00   5.689E-02 -116.96  1.382E-01  110.95      2.80847E-01                 0.2819   -73.20   RIGHT 
   70.00    0.00   5.203E-02 -120.35  1.271E-01  111.42      2.36959E-01                 0.3002   -74.33   RIGHT 
   72.00    0.00   4.774E-02 -123.52  1.167E-01  110.98      1.99880E-01                 0.3132   -75.15   RIGHT 
   74.00    0.00   4.366E-02 -126.28  1.075E-01  109.67      1.69287E-01                 0.3179   -75.72   RIGHT 
   76.00    0.00   3.949E-02 -128.53  9.974E-02  107.60      1.44607E-01                 0.3118   -76.19   RIGHT 
   78.00    0.00   3.502E-02 -130.28  9.345E-02  104.97      1.25144E-01                 0.2933   -76.79   RIGHT 
   80.00    0.00   3.014E-02 -131.59  8.865E-02  102.05      1.10164E-01                 0.2623   -77.75   RIGHT 
   82.00    0.00   2.479E-02 -132.55  8.521E-02   99.15      9.89681E-02                 0.2207   -79.25   RIGHT 
   84.00    0.00   1.901E-02 -133.22  8.292E-02   96.58      9.09413E-02                 0.1712   -81.33   RIGHT 
   86.00    0.00   1.286E-02 -133.71  8.152E-02   94.57      8.55826E-02                 0.1165   -83.92   RIGHT 
   88.00    0.00   6.458E-03 -134.15  8.078E-02   93.31      8.25245E-02                 0.0587   -86.90   RIGHT 
   90.00    0.00   9.410E-05   76.81  8.055E-02   92.88      8.15437E-02                 0.0003   -90.06   LINEAR
   92.00    0.00   6.620E-03   46.68  8.079E-02   93.32      8.25653E-02                 0.0594   -93.23   LEFT  
   94.00    0.00   1.302E-02   46.69  8.153E-02   94.59      8.56653E-02                 0.1172   -96.20   LEFT  
   96.00    0.00   1.917E-02   47.02  8.294E-02   96.60      9.10683E-02                 0.1720   -98.78   LEFT  
   98.00    0.00   2.495E-02   47.62  8.525E-02   99.18      9.91431E-02                 0.2215  -100.85   LEFT  
  100.00    0.00   3.029E-02   48.51  8.870E-02  102.08      1.10392E-01                 0.2631  -102.33   LEFT  
  102.00    0.00   3.518E-02   49.79  9.351E-02  105.01      1.25431E-01                 0.2941  -103.28   LEFT  
  104.00    0.00   3.964E-02   51.51  9.982E-02  107.64      1.44960E-01                 0.3126  -103.86   LEFT  
  106.00    0.00   4.380E-02   53.73  1.076E-01  109.70      1.69713E-01                 0.3187  -104.31   LEFT  
  108.00    0.00   4.787E-02   56.46  1.169E-01  111.01      2.00390E-01                 0.3139  -104.86   LEFT  
  110.00    0.00   5.215E-02   59.62  1.272E-01  111.44      2.37563E-01                 0.3008  -105.67   LEFT  
  112.00    0.00   5.700E-02   62.99  1.384E-01  110.97      2.81557E-01                 0.2824  -106.79   LEFT  
  114.00    0.00   6.277E-02   66.27  1.500E-01  109.62      3.32311E-01                 0.2611  -108.21   LEFT  
  116.00    0.00   6.973E-02   69.09  1.616E-01  107.43      3.89229E-01                 0.2385  -109.88   LEFT  
  118.00    0.00   7.800E-02   71.10  1.726E-01  104.46      4.51024E-01                 0.2160  -111.74   LEFT  
  120.00    0.00   8.750E-02   72.08  1.827E-01  100.77      5.15593E-01                 0.1941  -113.74   LEFT  
  122.00    0.00   9.797E-02   71.93  1.912E-01   96.43      5.79942E-01                 0.1734  -115.83   LEFT  
  124.00    0.00   1.090E-01   70.64  1.977E-01   91.47      6.40197E-01                 0.1539  -117.98   LEFT  
  126.00    0.00   1.199E-01   68.29  2.016E-01   85.96      6.91723E-01                 0.1359  -120.15   LEFT  
  128.00    0.00   1.302E-01   64.96  2.027E-01   79.94      7.29402E-01                 0.1192  -122.33   LEFT  
  130.00    0.00   1.390E-01   60.76  2.005E-01   73.44      7.48058E-01                 0.1039  -124.49   LEFT  
  132.00    0.00   1.455E-01   55.78  1.948E-01   66.50      7.43047E-01                 0.0899  -126.62   LEFT  
  134.00    0.00   1.490E-01   50.12  1.854E-01   59.15      7.10973E-01                 0.0771  -128.70   LEFT  
  136.00    0.00   1.485E-01   43.85  1.724E-01   51.44      6.50474E-01                 0.0656  -130.71   LEFT  
  138.00    0.00   1.433E-01   37.04  1.557E-01   43.39      5.62988E-01                 0.0553    47.39   LEFT  
  140.00    0.00   1.328E-01   29.78  1.358E-01   35.06      4.53398E-01                 0.0461    45.65   LEFT  
  142.00    0.00   1.163E-01   22.14  1.130E-01   26.52      3.30434E-01                 0.0382    44.18   LEFT  
  144.00    0.00   9.341E-02   14.28  8.789E-02   17.91      2.06710E-01                 0.0316    43.25   LEFT  
  146.00    0.00   6.393E-02    6.60  6.114E-02    9.59      9.83238E-02                 0.0261    43.72   LEFT  
  148.00    0.00   2.790E-02    1.67  3.360E-02    3.05      2.39712E-02                 0.0118    50.30   LEFT  
  150.00    0.00   1.533E-02  151.50  7.087E-03   22.45      3.58558E-03                 0.3275   161.74   RIGHT 
  152.00    0.00   6.358E-02  151.99  2.149E-02  144.00      5.65966E-02                 0.0423  -161.46   RIGHT 
  154.00    0.00   1.174E-01  143.44  4.621E-02  139.53      1.99950E-01                 0.0232  -158.55   RIGHT 
  156.00    0.00   1.756E-01  133.71  6.841E-02  130.44      4.46087E-01                 0.0193  -158.73   RIGHT 
  158.00    0.00   2.370E-01  123.44  8.718E-02  120.20      8.01111E-01                 0.0183  -159.82   RIGHT 
  160.00    0.00   3.003E-01  112.80  1.018E-01  109.40      1.26336E+00                 0.0181  -161.29   RIGHT 
  162.00    0.00   3.640E-01  101.87  1.118E-01   98.24      1.82262E+00                 0.0178  -162.95   RIGHT 
  164.00    0.00   4.267E-01   90.68  1.168E-01   86.81      2.46000E+00                 0.0172  -164.72   RIGHT 
  166.00    0.00   4.868E-01   79.27  1.167E-01   75.16      3.14877E+00                 0.0162  -166.55   RIGHT 
  168.00    0.00   5.426E-01   67.65  1.114E-01   63.33      3.85581E+00                 0.0149  -168.42   RIGHT 
  170.00    0.00   5.927E-01   55.84  1.013E-01   51.32      4.54390E+00                 0.0131  -170.33   RIGHT 
  172.00    0.00   6.358E-01   43.86  8.686E-02   39.18      5.17440E+00                 0.0109     7.76   RIGHT 
  174.00    0.00   6.706E-01   31.72  6.864E-02   26.91      5.71023E+00                 0.0085     5.82   LINEAR
  176.00    0.00   6.962E-01   19.43  4.747E-02   14.54      6.11882E+00                 0.0058     3.89   LINEAR
  178.00    0.00   7.118E-01    7.02  2.425E-02    2.07      6.37476E+00                 0.0029     1.94   LINEAR
  180.00    0.00   7.171E-01   -5.50  7.633E-06  153.13      6.46192E+00                 0.0000    -0.00   LINEAR
  182.00    0.00   7.118E-01  -18.12  2.426E-02  156.92      6.37474E+00                 0.0029    -1.95   LINEAR
  184.00    0.00   6.962E-01  -30.83  4.748E-02  144.27      6.11877E+00                 0.0058    -3.89   LINEAR
  186.00    0.00   6.706E-01  -43.60  6.866E-02  131.60      5.71015E+00                 0.0085    -5.83   LINEAR
  188.00    0.00   6.358E-01  -56.42  8.688E-02  118.90      5.17430E+00                 0.0109    -7.76   LEFT  
  190.00    0.00   5.927E-01  -69.27  1.014E-01  106.21      4.54378E+00                 0.0131    -9.68   LEFT  
  192.00    0.00   5.426E-01  -82.15  1.114E-01   93.52      3.85568E+00                 0.0149   -11.58   LEFT  
  194.00    0.00   4.868E-01  -95.03  1.167E-01   80.86      3.14863E+00                 0.0162   -13.45   LEFT  
  196.00    0.00   4.267E-01 -107.91  1.168E-01   68.22      2.45986E+00                 0.0172   -15.28   LEFT  
  198.00    0.00   3.640E-01 -120.78  1.118E-01   55.59      1.82248E+00                 0.0178   -17.05   LEFT  
  200.00    0.00   3.003E-01 -133.62  1.018E-01   42.97      1.26324E+00                 0.0181   -18.71   LEFT  
  202.00    0.00   2.369E-01 -146.47  8.718E-02   30.29      8.01006E-01                 0.0183   159.82   LEFT  
  204.00    0.00   1.755E-01 -159.35  6.841E-02   17.38      4.46005E-01                 0.0193   158.73   LEFT  
  206.00    0.00   1.174E-01 -172.41  4.620E-02    3.68      1.99894E-01                 0.0233   158.54   LEFT  
  208.00    0.00   6.356E-02  173.73  2.149E-02  -14.27      5.65670E-02                 0.0423   161.46   LEFT  
  210.00    0.00   1.532E-02  151.19  7.096E-03 -157.79      3.58172E-03                 0.3285  -161.71   LEFT  
  212.00    0.00   2.792E-02  -20.11  3.361E-02  161.26      2.39907E-02                 0.0117   -50.29   RIGHT 
  214.00    0.00   6.395E-02  -36.29  6.114E-02  146.70      9.83629E-02                 0.0261   -43.72   RIGHT 
  216.00    0.00   9.343E-02  -49.21  8.789E-02  134.42      2.06764E-01                 0.0316   -43.25   RIGHT 
  218.00    0.00   1.163E-01  -61.44  1.130E-01  122.94      3.30500E-01                 0.0382   -44.18   RIGHT 
  220.00    0.00   1.328E-01  -73.34  1.358E-01  111.94      4.53470E-01                 0.0461   -45.65   RIGHT 
  222.00    0.00   1.434E-01  -85.06  1.557E-01  101.29      5.63062E-01                 0.0553   -47.39   RIGHT 
  224.00    0.00   1.485E-01  -96.65  1.724E-01   90.94      6.50548E-01                 0.0656   -49.29   RIGHT 
  226.00    0.00   1.490E-01 -108.16  1.854E-01   80.88      7.11045E-01                 0.0771   -51.30   RIGHT 
  228.00    0.00   1.455E-01 -119.65  1.948E-01   71.07      7.43114E-01                 0.0899   -53.38   RIGHT 
  230.00    0.00   1.390E-01 -131.17  2.005E-01   61.51      7.48120E-01                 0.1039   -55.51   RIGHT 
  232.00    0.00   1.302E-01 -142.79  2.027E-01   52.19      7.29458E-01                 0.1192   -57.67   RIGHT 
  234.00    0.00   1.199E-01 -154.60  2.017E-01   43.08      6.91773E-01                 0.1359   120.16   RIGHT 
  236.00    0.00   1.090E-01 -166.67  1.977E-01   34.16      6.40240E-01                 0.1539   117.98   RIGHT 
  238.00    0.00   9.797E-02 -179.08  1.912E-01   25.42      5.79979E-01                 0.1733   115.83   RIGHT 
  240.00    0.00   8.751E-02  168.12  1.827E-01   16.81      5.15624E-01                 0.1941   113.74   RIGHT 
  242.00    0.00   7.801E-02  154.95  1.727E-01    8.31      4.51049E-01                 0.2160   111.74   RIGHT 
  244.00    0.00   6.974E-02  141.52  1.616E-01   -0.14      3.89248E-01                 0.2385   109.88   RIGHT 
  246.00    0.00   6.277E-02  128.08  1.500E-01   -8.58      3.32325E-01                 0.2611   108.21   RIGHT 
  248.00    0.00   5.700E-02  114.98  1.384E-01  -17.05      2.81565E-01                 0.2824   106.79   RIGHT 
  250.00    0.00   5.215E-02  102.59  1.272E-01  -25.60      2.37566E-01                 0.3008   105.67   RIGHT 
  252.00    0.00   4.787E-02   91.25  1.169E-01  -34.22      2.00389E-01                 0.3138   104.87   RIGHT 
  254.00    0.00   4.380E-02   81.17  1.076E-01  -42.87      1.69708E-01                 0.3186   104.31   RIGHT 
  256.00    0.00   3.964E-02   72.44  9.982E-02  -51.45      1.44952E-01                 0.3126   103.86   RIGHT 
  258.00    0.00   3.517E-02   65.07  9.351E-02  -59.74      1.25421E-01                 0.2940   103.29   RIGHT 
  260.00    0.00   3.029E-02   59.00  8.869E-02  -67.46      1.10381E-01                 0.2630   102.34   RIGHT 
  262.00    0.00   2.495E-02   54.18  8.524E-02  -74.30      9.91320E-02                 0.2214   100.86   RIGHT 
  264.00    0.00   1.916E-02   50.54  8.294E-02  -79.94      9.10580E-02                 0.1718    98.79   RIGHT 
  266.00    0.00   1.302E-02   48.05  8.153E-02  -84.14      8.56566E-02                 0.1170    96.21   RIGHT 
  268.00    0.00   6.615E-03   46.81  8.078E-02  -86.73      8.25592E-02                 0.0592    93.24   RIGHT 
  270.00    0.00   1.038E-04   88.60  8.055E-02  -87.60      8.15409E-02                 0.0001    90.07   LINEAR
  272.00    0.00   6.463E-03 -134.41  8.078E-02  -86.74      8.25259E-02                 0.0590    86.91   LEFT  
  274.00    0.00   1.287E-02 -132.55  8.152E-02  -84.16      8.55887E-02                 0.1167    83.93   LEFT  
  276.00    0.00   1.901E-02 -129.84  8.292E-02  -79.97      9.09527E-02                 0.1715    81.34   LEFT  
  278.00    0.00   2.479E-02 -126.09  8.522E-02  -74.33      9.89851E-02                 0.2210    79.26   LEFT  
  280.00    0.00   3.014E-02 -121.19  8.866E-02  -67.50      1.10187E-01                 0.2625    77.76   LEFT  
  282.00    0.00   3.503E-02 -115.07  9.346E-02  -59.78      1.25173E-01                 0.2934    76.80   LEFT  
  284.00    0.00   3.949E-02 -107.66  9.975E-02  -51.49      1.44642E-01                 0.3120    76.20   LEFT  
  286.00    0.00   4.366E-02  -98.89  1.076E-01  -42.91      1.69327E-01                 0.3180    75.73   LEFT  
  288.00    0.00   4.773E-02  -88.78  1.168E-01  -34.26      1.99926E-01                 0.3133    75.16   LEFT  
  290.00    0.00   5.203E-02  -77.42  1.271E-01  -25.63      2.37009E-01                 0.3003    74.34   LEFT  
  292.00    0.00   5.689E-02  -65.01  1.383E-01  -17.08      2.80902E-01                 0.2820    73.21   LEFT  
  294.00    0.00   6.267E-02  -51.89  1.499E-01   -8.61      3.31543E-01                 0.2607    71.79   LEFT  
  296.00    0.00   6.965E-02  -38.45  1.614E-01   -0.17      3.88336E-01                 0.2381    70.11   LEFT  
  298.00    0.00   7.793E-02  -25.02  1.724E-01    8.28      4.49995E-01                 0.2156    68.24   LEFT  
  300.00    0.00   8.744E-02  -11.84  1.825E-01   16.79      5.14420E-01                 0.1938    66.24   LEFT  
  302.00    0.00   9.790E-02    0.96  1.909E-01   25.40      5.78621E-01                 0.1730    64.15   LEFT  
  304.00    0.00   1.089E-01   13.37  1.974E-01   34.14      6.38728E-01                 0.1536    62.00   LEFT  
  306.00    0.00   1.199E-01   25.44  2.014E-01   43.06      6.90116E-01                 0.1355    59.82   LEFT  
  308.00    0.00   1.301E-01   37.25  2.024E-01   52.17      7.27674E-01                 0.1188  -122.36   LEFT  
  310.00    0.00   1.389E-01   48.88  2.002E-01   61.50      7.46238E-01                 0.1034  -124.52   LEFT  
  312.00    0.00   1.454E-01   60.41  1.945E-01   71.06      7.41175E-01                 0.0894  -126.65   LEFT  
  314.00    0.00   1.489E-01   71.90  1.851E-01   80.87      7.09099E-01                 0.0766  -128.73   LEFT  
  316.00    0.00   1.484E-01   83.42  1.721E-01   90.94      6.48658E-01                 0.0650  -130.73   LEFT  
  318.00    0.00   1.432E-01   95.03  1.554E-01  101.29      5.61295E-01                 0.0545  -132.64   LEFT  
  320.00    0.00   1.326E-01  106.76  1.355E-01  111.94      4.51896E-01                 0.0452  -134.38   LEFT  
  322.00    0.00   1.161E-01  118.70  1.127E-01  122.95      3.29185E-01                 0.0371  -135.85   LEFT  
  324.00    0.00   9.323E-02  130.97  8.765E-02  134.44      2.05767E-01                 0.0302  -136.77   LEFT  
  326.00    0.00   6.375E-02  144.00  6.093E-02  146.75      9.77220E-02                 0.0239  -136.30   LEFT  
  328.00    0.00   2.775E-02  160.62  3.343E-02  161.37      2.37238E-02                 0.0064  -129.69   LINEAR
  330.00    0.00   1.561E-02  -29.83  7.013E-03 -156.73      3.67975E-03                 0.3319   -17.03   RIGHT 
  332.00    0.00   6.379E-02   -6.56  2.160E-02  -14.38      5.69926E-02                 0.0414    18.58   RIGHT 
  334.00    0.00   1.176E-01    7.43  4.627E-02    3.60      2.00583E-01                 0.0228    21.45   RIGHT 
  336.00    0.00   1.757E-01   20.55  6.844E-02   17.32      4.46871E-01                 0.0191    21.26   RIGHT 
  338.00    0.00   2.371E-01   33.46  8.718E-02   30.24      8.01947E-01                 0.0182    20.16   RIGHT 
  340.00    0.00   3.004E-01   46.33  1.018E-01   42.92      1.26415E+00                 0.0180  -161.30   RIGHT 
  342.00    0.00   3.641E-01   59.19  1.118E-01   55.55      1.82325E+00                 0.0178  -162.96   RIGHT 
  344.00    0.00   4.268E-01   72.06  1.168E-01   68.17      2.46040E+00                 0.0173  -164.73   RIGHT 
  346.00    0.00   4.868E-01   84.95  1.166E-01   80.82      3.14886E+00                 0.0163  -166.56   RIGHT 
  348.00    0.00   5.426E-01   97.84  1.113E-01   93.49      3.85557E+00                 0.0150  -168.43   RIGHT 
  350.00    0.00   5.927E-01  110.72  1.012E-01  106.17      4.54331E+00                 0.0132  -170.33   RIGHT 
  352.00    0.00   6.357E-01  123.58  8.678E-02  118.87      5.17347E+00                 0.0110  -172.25   RIGHT 
  354.00    0.00   6.705E-01  136.41  6.857E-02  131.56      5.70901E+00                 0.0086  -174.18   LINEAR
  356.00    0.00   6.961E-01  149.18  4.742E-02  144.24      6.11737E+00                 0.0058  -176.12   LINEAR
  358.00    0.00   7.117E-01  161.89  2.423E-02  156.88      6.37317E+00                 0.0030  -178.06   LINEAR
  360.00    0.00   7.170E-01  174.51  3.266E-06   17.54      6.46026E+00                 0.0000   180.00   LINEAR