 0.00    0.00   7.809E-01 -150.62  1.593E-06  124.42      7.66250E+00                 0.0000  -180.00   LINEAR
    2.00    0.00   7.755E-01 -138.18  1.311E-02   21.21      7.55922E+00                 0.0060   179.09   LINEAR
    4.00    0.00   7.595E-01 -126.02  2.575E-02   33.52      7.25655E+00                 0.0118    -1.82   LEFT  
    6.00    0.00   7.333E-01 -114.16  3.748E-02   45.66      6.77513E+00                 0.0176    -2.75   LEFT  
    8.00    0.00   6.978E-01 -102.60  4.785E-02   57.62      6.14691E+00                 0.0231    -3.69   LEFT  
   10.00    0.00   6.538E-01  -91.37  5.644E-02   69.39      5.41188E+00                 0.0283    -4.66   LEFT  
   12.00    0.00   6.027E-01  -80.48  6.287E-02   80.98      4.61423E+00                 0.0329    -5.65   LEFT  
   14.00    0.00   5.457E-01  -69.95  6.683E-02   92.39      3.79845E+00                 0.0366    -6.66   LEFT  
   16.00    0.00   4.843E-01  -59.80  6.803E-02  103.65      3.00581E+00                 0.0393    -7.68   LEFT  
   18.00    0.00   4.200E-01  -50.08  6.629E-02  114.76      2.27161E+00                 0.0403    -8.68   LEFT  
   20.00    0.00   3.541E-01  -40.86  6.149E-02  125.76      1.62336E+00                 0.0391    -9.60   LEFT  
   22.00    0.00   2.882E-01  -32.27  5.362E-02  136.71      1.07985E+00                 0.0344   -10.36   LEFT  
   24.00    0.00   2.236E-01  -24.59  4.280E-02  147.77      6.51114E-01                 0.0246   -10.75   LEFT  
   26.00    0.00   1.616E-01  -18.44  2.924E-02  159.45      3.38929E-01                 0.0064   -10.25   LINEAR
   28.00    0.00   1.039E-01  -15.72  1.333E-02  175.07      1.37888E-01                 0.0236    -7.18   RIGHT 
   30.00    0.00   5.377E-02  -24.58  5.471E-03  -31.29      3.67042E-02                 0.0118     5.77   RIGHT 
   32.00    0.00   3.106E-02  -82.15  2.457E-02   -1.49      1.97116E-02                 0.7505    17.21   LEFT  
   34.00    0.00   5.853E-02 -122.02  4.495E-02   10.33      6.84408E-02                 0.4200   145.81   LEFT  
   36.00    0.00   9.315E-02 -126.50  6.565E-02   20.32      1.63189E-01                 0.2775   146.55   LEFT  
   38.00    0.00   1.235E-01 -123.79  8.599E-02   29.58      2.84509E-01                 0.2204   -33.77   LEFT  
   40.00    0.00   1.479E-01 -118.98  1.054E-01   38.34      4.14535E-01                 0.1886   -34.72   LEFT  
   42.00    0.00   1.663E-01 -113.44  1.232E-01   46.70      5.38058E-01                 0.1671   -36.02   LEFT  
   44.00    0.00   1.786E-01 -107.66  1.389E-01   54.65      6.43284E-01                 0.1505   -37.53   LEFT  
   46.00    0.00   1.853E-01 -101.91  1.521E-01   62.22      7.22224E-01                 0.1366   -39.18   LEFT  
   48.00    0.00   1.868E-01  -96.33  1.626E-01   69.37      7.70710E-01                 0.1243   -40.91   LEFT  
   50.00    0.00   1.838E-01  -91.00  1.701E-01   76.09      7.88069E-01                 0.1128   -42.72   LEFT  
   52.00    0.00   1.770E-01  -86.01  1.745E-01   82.34      7.76533E-01                 0.1020   -44.59   LEFT  
   54.00    0.00   1.671E-01  -81.42  1.760E-01   88.10      7.40471E-01                 0.0916   -46.51   LEFT  
   56.00    0.00   1.550E-01  -77.29  1.747E-01   93.32      6.85561E-01                 0.0815   -48.47   LEFT  
   58.00    0.00   1.413E-01  -73.71  1.709E-01   97.95      6.17996E-01                 0.0716   -50.48   LEFT  
   60.00    0.00   1.268E-01  -70.73  1.649E-01  101.93      5.43807E-01                 0.0620   -52.52   LEFT  
   62.00    0.00   1.120E-01  -68.43  1.572E-01  105.20      4.68346E-01                 0.0526   -54.59   LEFT  
   64.00    0.00   9.761E-02  -66.90  1.483E-01  107.67      3.95958E-01                 0.0435   -56.69   LEFT  
   66.00    0.00   8.398E-02  -66.21  1.385E-01  109.28      3.29827E-01                 0.0349   -58.81   LEFT  
   68.00    0.00   7.146E-02  -66.43  1.286E-01  109.94      2.71973E-01                 0.0269   -60.96   LEFT  
   70.00    0.00   6.027E-02  -67.58  1.189E-01  109.60      2.23365E-01                 0.0198   -63.14   LEFT  
   72.00    0.00   5.050E-02  -69.64  1.100E-01  108.23      1.84098E-01                 0.0141   -65.35   LEFT  
   74.00    0.00   4.210E-02  -72.49  1.022E-01  105.90      1.53612E-01                 0.0099   -67.62   LINEAR
   76.00    0.00   3.494E-02  -75.92  9.590E-02  102.78      1.30906E-01                 0.0073   -69.99   LINEAR
   78.00    0.00   2.878E-02  -79.61  9.112E-02   99.15      1.14737E-01                 0.0062   -72.47   LINEAR
   80.00    0.00   2.336E-02  -83.25  8.782E-02   95.37      1.03783E-01                 0.0060   -75.11   LINEAR
   82.00    0.00   1.840E-02  -86.53  8.580E-02   91.82      9.67705E-02                 0.0059   -77.90   LINEAR
   84.00    0.00   1.370E-02  -89.21  8.473E-02   88.80      9.25702E-02                 0.0055   -80.82   LINEAR
   86.00    0.00   9.111E-03  -91.12  8.426E-02   86.53      9.02572E-02                 0.0044   -83.83   LINEAR
   88.00    0.00   4.547E-03  -92.04  8.410E-02   85.13      8.91498E-02                 0.0027   -86.91   LINEAR
   90.00    0.00   5.116E-05   16.79  8.408E-02   84.66      8.88319E-02                 0.0006   -90.01   LINEAR
   92.00    0.00   4.580E-03   86.75  8.411E-02   85.13      8.91631E-02                 0.0015   -93.12   LINEAR
   94.00    0.00   9.140E-03   88.28  8.427E-02   86.53      9.02823E-02                 0.0033   -96.19   LINEAR
   96.00    0.00   1.372E-02   90.40  8.474E-02   88.80      9.26046E-02                 0.0044   -99.20   LINEAR
   98.00    0.00   1.841E-02   93.19  8.582E-02   91.82      9.68104E-02                 0.0049  -102.11   LINEAR
  100.00    0.00   2.336E-02   96.54  8.784E-02   95.37      1.03825E-01                 0.0051  -104.89   LINEAR
  102.00    0.00   2.877E-02  100.23  9.114E-02   99.15      1.14777E-01                 0.0054  -107.52   LINEAR
  104.00    0.00   3.492E-02  103.98  9.592E-02  102.78      1.30942E-01                 0.0067  -110.00   LINEAR
  106.00    0.00   4.207E-02  107.43  1.023E-01  105.90      1.53643E-01                 0.0094  -112.36   LINEAR
  108.00    0.00   5.046E-02  110.31  1.100E-01  108.23      1.84125E-01                 0.0138  -114.63   RIGHT 
  110.00    0.00   6.024E-02  112.39  1.189E-01  109.59      2.23393E-01                 0.0197  -116.84   RIGHT 
  112.00    0.00   7.143E-02  113.56  1.286E-01  109.94      2.72010E-01                 0.0268  -119.02   RIGHT 
  114.00    0.00   8.395E-02  113.79  1.386E-01  109.28      3.29880E-01                 0.0349  -121.17   RIGHT 
  116.00    0.00   9.758E-02  113.10  1.483E-01  107.67      3.96038E-01                 0.0435  -123.30   RIGHT 
  118.00    0.00   1.120E-01  111.57  1.573E-01  105.20      4.68463E-01                 0.0526  -125.40   RIGHT 
  120.00    0.00   1.267E-01  109.28  1.650E-01  101.93      5.43969E-01                 0.0620  -127.47   RIGHT 
  122.00    0.00   1.413E-01  106.30  1.710E-01   97.95      6.18210E-01                 0.0717  -129.51   RIGHT 
  124.00    0.00   1.550E-01  102.71  1.748E-01   93.32      6.85827E-01                 0.0815  -131.51   RIGHT 
  126.00    0.00   1.671E-01   98.59  1.761E-01   88.11      7.40783E-01                 0.0916  -133.48   RIGHT 
  128.00    0.00   1.770E-01   94.00  1.746E-01   82.35      7.76877E-01                 0.1020  -135.39   RIGHT 
  130.00    0.00   1.838E-01   89.00  1.702E-01   76.10      7.88425E-01                 0.1128  -137.26   RIGHT 
  132.00    0.00   1.868E-01   83.67  1.627E-01   69.38      7.71054E-01                 0.1241  -139.07   RIGHT 
  134.00    0.00   1.853E-01   78.08  1.522E-01   62.23      7.22530E-01                 0.1365  -140.80   RIGHT 
  136.00    0.00   1.786E-01   72.33  1.390E-01   54.67      6.43528E-01                 0.1503  -142.44   RIGHT 
  138.00    0.00   1.663E-01   66.55  1.233E-01   46.71      5.38222E-01                 0.1669  -143.95   RIGHT 
  140.00    0.00   1.479E-01   61.00  1.054E-01   38.36      4.14613E-01                 0.1884  -145.24   RIGHT 
  142.00    0.00   1.234E-01   56.19  8.607E-02   29.60      2.84508E-01                 0.2202  -146.19   RIGHT 
  144.00    0.00   9.308E-02   53.47  6.571E-02   20.34      1.63133E-01                 0.2773    33.51   RIGHT 
  146.00    0.00   5.844E-02   57.95  4.500E-02   10.35      6.83672E-02                 0.4199    34.29   RIGHT 
  148.00    0.00   3.099E-02   97.95  2.460E-02   -1.46      1.96693E-02                 0.7523   162.46   RIGHT 
  150.00    0.00   5.380E-02  155.52  5.480E-03  -31.18      3.67458E-02                 0.0118   174.22   LEFT  
  152.00    0.00   1.040E-01  164.32  1.333E-02  175.06      1.38062E-01                 0.0235  -172.82   LEFT  
  154.00    0.00   1.617E-01  161.58  2.926E-02  159.46      3.39269E-01                 0.0065  -169.75   LINEAR
  156.00    0.00   2.237E-01  155.42  4.285E-02  147.77      6.51632E-01                 0.0246  -169.24   RIGHT 
  158.00    0.00   2.883E-01  147.73  5.369E-02  136.72      1.08053E+00                 0.0344  -169.63   RIGHT 
  160.00    0.00   3.542E-01  139.14  6.157E-02  125.77      1.62416E+00                 0.0391  -170.39   RIGHT 
  162.00    0.00   4.200E-01  129.91  6.638E-02  114.77      2.27245E+00                 0.0403  -171.31   RIGHT 
  164.00    0.00   4.844E-01  120.19  6.813E-02  103.66      3.00661E+00                 0.0393  -172.31   RIGHT 
  166.00    0.00   5.458E-01  110.04  6.693E-02   92.40      3.79911E+00                 0.0367  -173.32   RIGHT 
  168.00    0.00   6.027E-01   99.51  6.298E-02   80.99      4.61465E+00                 0.0329  -174.34   RIGHT 
  170.00    0.00   6.538E-01   88.61  5.653E-02   69.40      5.41200E+00                 0.0283  -175.33   RIGHT 
  172.00    0.00   6.977E-01   77.38  4.793E-02   57.63      6.14669E+00                 0.0231  -176.30   RIGHT 
  174.00    0.00   7.333E-01   65.83  3.755E-02   45.67      6.77459E+00                 0.0176  -177.25   RIGHT 
  176.00    0.00   7.594E-01   53.96  2.580E-02   33.53      7.25573E+00                 0.0118  -178.18   RIGHT 
  178.00    0.00   7.754E-01   41.81  1.313E-02   21.22      7.55820E+00                 0.0060     0.91   LINEAR
  180.00    0.00   7.808E-01   29.37  2.530E-06   76.75      7.66139E+00                 0.0000     0.00   LINEAR
  182.00    0.00   7.754E-01   16.66  1.313E-02  176.05      7.55818E+00                 0.0060    -0.91   LINEAR
  184.00    0.00   7.594E-01    3.71  2.580E-02  163.26      7.25569E+00                 0.0119    -1.82   LEFT  
  186.00    0.00   7.333E-01   -9.48  3.755E-02  150.35      6.77454E+00                 0.0176    -2.75   LEFT  
  188.00    0.00   6.977E-01  -22.89  4.793E-02  137.35      6.14663E+00                 0.0231    -3.70   LEFT  
  190.00    0.00   6.538E-01  -36.50  5.653E-02  124.28      5.41191E+00                 0.0283    -4.67   LEFT  
  192.00    0.00   6.027E-01  -50.29  6.298E-02  111.18      4.61456E+00                 0.0329    -5.66   LEFT  
  194.00    0.00   5.457E-01  -64.26  6.694E-02   98.09      3.79900E+00                 0.0367    -6.68   LEFT  
  196.00    0.00   4.844E-01  -78.40  6.814E-02   85.06      3.00650E+00                 0.0393    -7.69   LEFT  
  198.00    0.00   4.200E-01  -92.73  6.639E-02   72.11      2.27234E+00                 0.0404    -8.69   LEFT  
  200.00    0.00   3.542E-01 -107.29  6.158E-02   59.33      1.62405E+00                 0.0391    -9.62   LEFT  
  202.00    0.00   2.883E-01 -122.17  5.370E-02   46.80      1.08043E+00                 0.0345   -10.37   LEFT  
  204.00    0.00   2.236E-01 -137.63  4.286E-02   34.71      6.51545E-01                 0.0247   169.24   LEFT  
  206.00    0.00   1.617E-01 -154.27  2.928E-02   23.59      3.39199E-01                 0.0066   169.74   LINEAR
  208.00    0.00   1.039E-01 -173.93  1.334E-02   16.74      1.38012E-01                 0.0234   172.81   RIGHT 
  210.00    0.00   5.378E-02  155.26  5.463E-03  148.68      3.67190E-02                 0.0115  -174.24   RIGHT 
  212.00    0.00   3.099E-02   76.11  2.459E-02  156.77      1.96672E-02                 0.7525  -162.61   LEFT  
  214.00    0.00   5.847E-02   15.05  4.499E-02  147.48      6.83916E-02                 0.4195   -34.28   LEFT  
  216.00    0.00   9.311E-02  -10.03  6.571E-02  136.86      1.63185E-01                 0.2771   -33.50   LEFT  
  218.00    0.00   1.234E-01  -27.39  8.607E-02  126.03      2.84591E-01                 0.2201   -33.80   LEFT  
  220.00    0.00   1.479E-01  -42.12  1.054E-01  115.25      4.14727E-01                 0.1883   -34.75   LEFT  
  222.00    0.00   1.663E-01  -55.55  1.233E-01  104.62      5.38369E-01                 0.1668   -36.05   LEFT  
  224.00    0.00   1.786E-01  -68.17  1.390E-01   94.18      6.43707E-01                 0.1503   -37.55   LEFT  
  226.00    0.00   1.853E-01  -80.19  1.523E-01   83.96      7.22741E-01                 0.1364   -39.19   LEFT  
  228.00    0.00   1.868E-01  -91.75  1.627E-01   73.96      7.71293E-01                 0.1241   -40.93   LEFT  
  230.00    0.00   1.838E-01 -102.92  1.702E-01   64.18      7.88690E-01                 0.1127   -42.74   LEFT  
  232.00    0.00   1.770E-01 -113.75  1.747E-01   54.60      7.77162E-01                 0.1020   -44.61   LEFT  
  234.00    0.00   1.672E-01 -124.29  1.762E-01   45.23      7.41081E-01                 0.0916   -46.52   LEFT  
  236.00    0.00   1.550E-01 -134.59  1.748E-01   36.02      6.86133E-01                 0.0815   131.51   LEFT  
  238.00    0.00   1.413E-01 -144.70  1.710E-01   26.95      6.18516E-01                 0.0717   129.51   LEFT  
  240.00    0.00   1.268E-01 -154.66  1.650E-01   17.98      5.44268E-01                 0.0621   127.47   LEFT  
  242.00    0.00   1.120E-01 -164.56  1.573E-01    9.05      4.68748E-01                 0.0527   125.40   LEFT  
  244.00    0.00   9.761E-02 -174.44  1.484E-01    0.11      3.96304E-01                 0.0436   123.29   LEFT  
  246.00    0.00   8.397E-02  175.62  1.386E-01   -8.90      3.30122E-01                 0.0350   121.17   LEFT  
  248.00    0.00   7.145E-02  165.57  1.287E-01  -18.07      2.72225E-01                 0.0270   119.02   LEFT  
  250.00    0.00   6.025E-02  155.40  1.190E-01  -27.42      2.23580E-01                 0.0199   116.84   LEFT  
  252.00    0.00   5.048E-02  145.15  1.101E-01  -36.97      1.84283E-01                 0.0140   114.62   LEFT  
  254.00    0.00   4.208E-02  134.93  1.023E-01  -46.64      1.53772E-01                 0.0097   112.35   LINEAR
  256.00    0.00   3.492E-02  124.98  9.596E-02  -56.27      1.31045E-01                 0.0070   109.99   LINEAR
  258.00    0.00   2.877E-02  115.60  9.117E-02  -65.55      1.14857E-01                 0.0057   107.51   LINEAR
  260.00    0.00   2.335E-02  107.13  8.787E-02  -74.12      1.03885E-01                 0.0054   104.88   LINEAR
  262.00    0.00   1.841E-02   99.87  8.584E-02  -81.60      9.68554E-02                 0.0053   102.10   LINEAR
  264.00    0.00   1.372E-02   94.06  8.476E-02  -87.68      9.26391E-02                 0.0048    99.19   LINEAR
  266.00    0.00   9.136E-03   89.84  8.428E-02  -92.14      9.03112E-02                 0.0037    96.18   LINEAR
  268.00    0.00   4.578E-03   87.24  8.412E-02  -94.86      8.91910E-02                 0.0020    93.11   LINEAR
  270.00    0.00   2.026E-05   63.76  8.409E-02  -95.76      8.88633E-02                 0.0001    90.01   LINEAR
  272.00    0.00   4.541E-03  -92.56  8.412E-02  -94.85      8.91890E-02                 0.0022    86.91   LINEAR
  274.00    0.00   9.102E-03  -90.06  8.428E-02  -92.14      9.03080E-02                 0.0039    83.84   LINEAR
  276.00    0.00   1.369E-02  -85.87  8.476E-02  -87.68      9.26362E-02                 0.0050    80.83   LINEAR
  278.00    0.00   1.839E-02  -80.08  8.585E-02  -81.60      9.68546E-02                 0.0055    77.92   LINEAR
  280.00    0.00   2.334E-02  -72.84  8.788E-02  -74.12      1.03888E-01                 0.0056    75.13   LINEAR
  282.00    0.00   2.876E-02  -64.38  9.118E-02  -65.55      1.14866E-01                 0.0059    72.50   LINEAR
  284.00    0.00   3.492E-02  -55.01  9.597E-02  -56.27      1.31060E-01                 0.0071    70.01   LINEAR
  286.00    0.00   4.208E-02  -45.07  1.023E-01  -46.65      1.53793E-01                 0.0097    67.65   LINEAR
  288.00    0.00   5.048E-02  -34.86  1.101E-01  -36.98      1.84309E-01                 0.0140    65.37   RIGHT 
  290.00    0.00   6.027E-02  -24.61  1.190E-01  -27.43      2.23607E-01                 0.0199    63.16   RIGHT 
  292.00    0.00   7.146E-02  -14.44  1.287E-01  -18.08      2.72248E-01                 0.0269    60.98   RIGHT 
  294.00    0.00   8.399E-02   -4.40  1.386E-01   -8.92      3.30136E-01                 0.0349    58.83   RIGHT 
  296.00    0.00   9.762E-02    5.53  1.483E-01    0.10      3.96301E-01                 0.0436    56.70   RIGHT 
  298.00    0.00   1.120E-01   15.42  1.573E-01    9.04      4.68723E-01                 0.0527    54.60   RIGHT 
  300.00    0.00   1.268E-01   25.31  1.650E-01   17.96      5.44216E-01                 0.0621    52.52   RIGHT 
  302.00    0.00   1.413E-01   35.28  1.710E-01   26.93      6.18433E-01                 0.0717    50.48   RIGHT 
  304.00    0.00   1.550E-01   45.39  1.748E-01   36.00      6.86021E-01                 0.0815    48.48   RIGHT 
  306.00    0.00   1.672E-01   55.69  1.761E-01   45.21      7.40947E-01                 0.0916  -133.49   RIGHT 
  308.00    0.00   1.770E-01   66.23  1.746E-01   54.58      7.77014E-01                 0.1020  -135.41   RIGHT 
  310.00    0.00   1.839E-01   77.07  1.701E-01   64.15      7.88542E-01                 0.1128  -137.27   RIGHT 
  312.00    0.00   1.868E-01   88.24  1.627E-01   73.94      7.71163E-01                 0.1242  -139.08   RIGHT 
  314.00    0.00   1.853E-01   99.80  1.522E-01   83.94      7.22643E-01                 0.1365  -140.82   RIGHT 
  316.00    0.00   1.786E-01  111.83  1.389E-01   94.16      6.43656E-01                 0.1504  -142.46   RIGHT 
  318.00    0.00   1.663E-01  124.45  1.232E-01  104.59      5.38372E-01                 0.1670  -143.97   RIGHT 
  320.00    0.00   1.480E-01  137.88  1.054E-01  115.22      4.14783E-01                 0.1885  -145.27   RIGHT 
  322.00    0.00   1.235E-01  152.61  8.603E-02  126.00      2.84687E-01                 0.2202  -146.23   RIGHT 
  324.00    0.00   9.317E-02  169.97  6.568E-02  136.84      1.63299E-01                 0.2772  -146.54   RIGHT 
  326.00    0.00   5.854E-02 -164.96  4.499E-02  147.45      6.84887E-02                 0.4196  -145.78   RIGHT 
  328.00    0.00   3.104E-02 -104.01  2.460E-02  156.74      1.97086E-02                 0.7526   -17.22   RIGHT 
  330.00    0.00   5.374E-02  -24.81  5.493E-03  148.71      3.66650E-02                 0.0114    -5.80   LEFT  
  332.00    0.00   1.039E-01    6.04  1.330E-02   16.79      1.37829E-01                 0.0235     7.17   LEFT  
  334.00    0.00   1.616E-01   25.72  2.921E-02   23.59      3.38868E-01                 0.0065    10.24   LINEAR
  336.00    0.00   2.236E-01   42.37  4.278E-02   34.70      6.51065E-01                 0.0246    10.74   RIGHT 
  338.00    0.00   2.882E-01   57.83  5.360E-02   46.79      1.07983E+00                 0.0345  -169.64   RIGHT 
  340.00    0.00   3.541E-01   72.72  6.147E-02   59.32      1.62337E+00                 0.0391  -170.40   RIGHT 
  342.00    0.00   4.200E-01   87.28  6.627E-02   72.11      2.27166E+00                 0.0404  -171.33   RIGHT 
  344.00    0.00   4.843E-01  101.61  6.802E-02   85.05      3.00589E+00                 0.0393  -172.32   RIGHT 
  346.00    0.00   5.457E-01  115.75  6.682E-02   98.09      3.79856E+00                 0.0367  -173.34   RIGHT 
  348.00    0.00   6.027E-01  129.72  6.287E-02  111.17      4.61435E+00                 0.0329  -174.35   RIGHT 
  350.00    0.00   6.538E-01  143.51  5.643E-02  124.27      5.41200E+00                 0.0283  -175.34   RIGHT 
  352.00    0.00   6.978E-01  157.12  4.784E-02  137.34      6.14703E+00                 0.0231  -176.31   RIGHT 
  354.00    0.00   7.333E-01  170.53  3.748E-02  150.35      6.77523E+00                 0.0176  -177.25   RIGHT 
  356.00    0.00   7.595E-01 -176.28  2.576E-02  163.26      7.25662E+00                 0.0118  -178.18   RIGHT 
  358.00    0.00   7.755E-01 -163.32  1.311E-02  176.05      7.55926E+00                 0.0060  -179.09   LINEAR
  360.00    0.00   7.809E-01 -150.62  1.593E-06  124.42      7.66250E+00                 0.0000  -180.00   LINEAR