  0.00    0.00   2.384E-01   23.11  6.428E-08  -40.23      7.14145E-01                 0.0000     0.00   LINEAR
    2.00    0.00   2.367E-01   35.67  2.098E-05   12.51      7.03840E-01                 0.0000     0.00   LINEAR
    4.00    0.00   2.315E-01   48.18  4.088E-05   25.13      6.73666E-01                 0.0001  -179.99   LINEAR
    6.00    0.00   2.232E-01   60.62  5.879E-05   37.67      6.25759E-01                 0.0001  -179.99   LINEAR
    8.00    0.00   2.117E-01   72.98  7.386E-05   50.16      5.63439E-01                 0.0001  -179.98   LINEAR
   10.00    0.00   1.976E-01   85.25  8.540E-05   62.59      4.90876E-01                 0.0002  -179.98   LINEAR
   12.00    0.00   1.812E-01   97.39  9.292E-05   74.94      4.12690E-01                 0.0002  -179.97   LINEAR
   14.00    0.00   1.629E-01  109.40  9.614E-05   87.19      3.33529E-01                 0.0002  -179.97   LINEAR
   16.00    0.00   1.432E-01  121.23  9.503E-05   99.34      2.57670E-01                 0.0002  -179.96   LINEAR
   18.00    0.00   1.225E-01  132.87  8.975E-05  111.37      1.88705E-01                 0.0003  -179.96   LINEAR
   20.00    0.00   1.014E-01  144.25  8.066E-05  123.26      1.29307E-01                 0.0003  -179.96   LINEAR
   22.00    0.00   8.035E-02  155.31  6.830E-05  135.00      8.11255E-02                 0.0003  -179.95   LINEAR
   24.00    0.00   5.970E-02  165.87  5.331E-05  146.59      4.47876E-02                 0.0003  -179.95   LINEAR
   26.00    0.00   3.989E-02  175.51  3.645E-05  157.99      1.99954E-02                 0.0003  -179.95   LINEAR
   28.00    0.00   2.129E-02 -177.54  1.846E-05  169.23      5.69774E-03                 0.0002  -179.95   LINEAR
   30.00    0.00   4.913E-03  161.73  1.222E-07 -170.58      3.03326E-04                 0.0000  -180.00   LINEAR
   32.00    0.00   1.232E-02   47.00  1.786E-05   10.88      1.90683E-03                 0.0009  -179.93   LINEAR
   34.00    0.00   2.601E-02   49.36  3.485E-05   21.46      8.50205E-03                 0.0006  -179.93   LINEAR
   36.00    0.00   3.802E-02   57.11  5.032E-05   31.77      1.81627E-02                 0.0006  -179.93   LINEAR
   38.00    0.00   4.819E-02   65.80  6.384E-05   41.81      2.91786E-02                 0.0005  -179.93   LINEAR
   40.00    0.00   5.652E-02   74.65  7.514E-05   51.59      4.01438E-02                 0.0005  -179.93   LINEAR
   42.00    0.00   6.308E-02   83.43  8.402E-05   61.08      4.99977E-02                 0.0005  -179.93   LINEAR
   44.00    0.00   6.795E-02   92.03  9.045E-05   70.28      5.80264E-02                 0.0005  -179.93   LINEAR
   46.00    0.00   7.127E-02  100.39  9.445E-05   79.17      6.38339E-02                 0.0005  -179.93   LINEAR
   48.00    0.00   7.318E-02  108.48  9.617E-05   87.74      6.72933E-02                 0.0005  -179.93   LINEAR
   50.00    0.00   7.382E-02  116.27  9.581E-05   95.99      6.84876E-02                 0.0004  -179.93   LINEAR
   52.00    0.00   7.337E-02  123.75  9.359E-05  103.90      6.76482E-02                 0.0004  -179.93   LINEAR
   54.00    0.00   7.197E-02  130.91  8.981E-05  111.47      6.50986E-02                 0.0004  -179.93   LINEAR
   56.00    0.00   6.979E-02  137.73  8.476E-05  118.68      6.12055E-02                 0.0004  -179.93   LINEAR
   58.00    0.00   6.696E-02  144.19  7.872E-05  125.52      5.63401E-02                 0.0004  -179.94   LINEAR
   60.00    0.00   6.361E-02  150.31  7.197E-05  132.00      5.08505E-02                 0.0004  -179.94   LINEAR
   62.00    0.00   5.987E-02  156.05  6.479E-05  138.09      4.50441E-02                 0.0003  -179.94   LINEAR
   64.00    0.00   5.584E-02  161.43  5.739E-05  143.79      3.91779E-02                 0.0003  -179.94   LINEAR
   66.00    0.00   5.160E-02  166.42  5.000E-05  149.09      3.34558E-02                 0.0003  -179.95   LINEAR
   68.00    0.00   4.723E-02  171.04  4.278E-05  153.99      2.80308E-02                 0.0003  -179.95   LINEAR
   70.00    0.00   4.279E-02  175.26  3.588E-05  158.48      2.30102E-02                 0.0002  -179.95   LINEAR
   72.00    0.00   3.833E-02  179.10  2.942E-05  162.55      1.84626E-02                 0.0002  -179.96   LINEAR
   74.00    0.00   3.388E-02 -177.47  2.349E-05  166.20      1.44254E-02                 0.0002  -179.96   LINEAR
   76.00    0.00   2.947E-02 -174.43  1.816E-05  169.41      1.09126E-02                 0.0002  -179.97   LINEAR
   78.00    0.00   2.511E-02 -171.79  1.348E-05  172.17      7.92147E-03                 0.0001  -179.97   LINEAR
   80.00    0.00   2.080E-02 -169.55  9.481E-06  174.46      5.43882E-03                 0.0001  -179.97   LINEAR
   82.00    0.00   1.656E-02 -167.72  6.192E-06  176.22      3.44581E-03                 0.0001  -179.98   LINEAR
   84.00    0.00   1.237E-02 -166.29  3.625E-06  177.34      1.92210E-03                 0.0001  -179.98   LINEAR
   86.00    0.00   8.219E-03 -165.27  1.787E-06  177.42      8.48939E-04                 0.0001  -179.99   LINEAR
   88.00    0.00   4.102E-03 -164.66  6.848E-07  174.84      2.11416E-04                 0.0001  -179.99   LINEAR
   90.00    0.00   6.745E-08  -64.27  3.198E-07  169.04      1.34209E-12                 0.1664   -82.61   RIGHT 
   92.00    0.00   4.102E-03   15.34  6.845E-07  174.87      2.11419E-04                 0.0001    -0.01   LINEAR
   94.00    0.00   8.219E-03   14.73  1.787E-06  177.44      8.48945E-04                 0.0001    -0.01   LINEAR
   96.00    0.00   1.237E-02   13.71  3.624E-06  177.36      1.92211E-03                 0.0001    -0.02   LINEAR
   98.00    0.00   1.656E-02   12.28  6.191E-06  176.23      3.44583E-03                 0.0001    -0.02   LINEAR
  100.00    0.00   2.080E-02   10.45  9.480E-06  174.47      5.43885E-03                 0.0001    -0.03   LINEAR
  102.00    0.00   2.511E-02    8.21  1.348E-05  172.18      7.92152E-03                 0.0001    -0.03   LINEAR
  104.00    0.00   2.947E-02    5.57  1.816E-05  169.42      1.09126E-02                 0.0002    -0.03   LINEAR
  106.00    0.00   3.388E-02    2.53  2.349E-05  166.21      1.44255E-02                 0.0002    -0.04   LINEAR
  108.00    0.00   3.833E-02   -0.91  2.942E-05  162.56      1.84627E-02                 0.0002    -0.04   LINEAR
  110.00    0.00   4.279E-02   -4.74  3.588E-05  158.49      2.30104E-02                 0.0002    -0.05   LINEAR
  112.00    0.00   4.723E-02   -8.97  4.278E-05  154.00      2.80310E-02                 0.0003    -0.05   LINEAR
  114.00    0.00   5.160E-02  -13.58  5.000E-05  149.09      3.34560E-02                 0.0003    -0.05   LINEAR
  116.00    0.00   5.584E-02  -18.58  5.739E-05  143.79      3.91782E-02                 0.0003    -0.06   LINEAR
  118.00    0.00   5.987E-02  -23.95  6.479E-05  138.09      4.50444E-02                 0.0003    -0.06   LINEAR
  120.00    0.00   6.361E-02  -29.70  7.197E-05  132.00      5.08508E-02                 0.0004    -0.06   LINEAR
  122.00    0.00   6.696E-02  -35.81  7.872E-05  125.52      5.63404E-02                 0.0004    -0.06   LINEAR
  124.00    0.00   6.979E-02  -42.28  8.476E-05  118.68      6.12058E-02                 0.0004    -0.07   LINEAR
  126.00    0.00   7.198E-02  -49.10  8.982E-05  111.47      6.50989E-02                 0.0004    -0.07   LINEAR
  128.00    0.00   7.337E-02  -56.25  9.360E-05  103.90      6.76484E-02                 0.0004    -0.07   LINEAR
  130.00    0.00   7.382E-02  -63.73  9.581E-05   95.99      6.84878E-02                 0.0004    -0.07   LINEAR
  132.00    0.00   7.318E-02  -71.53  9.618E-05   87.74      6.72935E-02                 0.0005    -0.07   LINEAR
  134.00    0.00   7.127E-02  -79.62  9.446E-05   79.16      6.38340E-02                 0.0005    -0.07   LINEAR
  136.00    0.00   6.795E-02  -87.98  9.046E-05   70.27      5.80264E-02                 0.0005    -0.07   LINEAR
  138.00    0.00   6.308E-02  -96.58  8.403E-05   61.07      4.99977E-02                 0.0005    -0.07   LINEAR
  140.00    0.00   5.652E-02 -105.35  7.515E-05   51.58      4.01438E-02                 0.0005    -0.07   LINEAR
  142.00    0.00   4.819E-02 -114.21  6.386E-05   41.80      2.91786E-02                 0.0005    -0.07   LINEAR
  144.00    0.00   3.802E-02 -122.89  5.034E-05   31.75      1.81626E-02                 0.0006    -0.07   LINEAR
  146.00    0.00   2.601E-02 -130.65  3.487E-05   21.43      8.50205E-03                 0.0006    -0.07   LINEAR
  148.00    0.00   1.232E-02 -133.00  1.788E-05   10.83      1.90684E-03                 0.0009    -0.07   LINEAR
  150.00    0.00   4.913E-03  -18.28  1.041E-07 -158.69      3.03318E-04                 0.0000    -0.00   LINEAR
  152.00    0.00   2.129E-02    2.45  1.844E-05  169.29      5.69762E-03                 0.0002    -0.05   LINEAR
  154.00    0.00   3.989E-02   -4.50  3.642E-05  158.03      1.99950E-02                 0.0003    -0.05   LINEAR
  156.00    0.00   5.970E-02  -14.14  5.329E-05  146.61      4.47869E-02                 0.0003    -0.05   LINEAR
  158.00    0.00   8.035E-02  -24.70  6.827E-05  135.03      8.11241E-02                 0.0003    -0.05   LINEAR
  160.00    0.00   1.014E-01  -35.76  8.063E-05  123.28      1.29305E-01                 0.0003    -0.04   LINEAR
  162.00    0.00   1.225E-01  -47.14  8.972E-05  111.39      1.88702E-01                 0.0003    -0.04   LINEAR
  164.00    0.00   1.432E-01  -58.78  9.500E-05   99.36      2.57665E-01                 0.0002    -0.04   LINEAR
  166.00    0.00   1.629E-01  -70.61  9.612E-05   87.21      3.33522E-01                 0.0002    -0.03   LINEAR
  168.00    0.00   1.812E-01  -82.62  9.289E-05   74.96      4.12682E-01                 0.0002    -0.03   LINEAR
  170.00    0.00   1.976E-01  -94.76  8.537E-05   62.61      4.90866E-01                 0.0002    -0.02   LINEAR
  172.00    0.00   2.117E-01 -107.02  7.383E-05   50.19      5.63427E-01                 0.0001    -0.02   LINEAR
  174.00    0.00   2.231E-01 -119.39  5.877E-05   37.71      6.25745E-01                 0.0001    -0.01   LINEAR
  176.00    0.00   2.315E-01 -131.83  4.086E-05   25.17      6.73651E-01                 0.0001    -0.01   LINEAR
  178.00    0.00   2.367E-01 -144.34  2.096E-05   12.61      7.03825E-01                 0.0000   180.00   LINEAR
  180.00    0.00   2.384E-01 -156.90  3.494E-08  -12.13      7.14130E-01                 0.0000   180.00   LINEAR
  182.00    0.00   2.367E-01 -169.48  2.089E-05  167.50      7.03828E-01                 0.0000  -180.00   LINEAR
  184.00    0.00   2.315E-01  177.91  4.080E-05  154.93      6.73656E-01                 0.0001  -179.99   LINEAR
  186.00    0.00   2.231E-01  165.30  5.872E-05  142.40      6.25753E-01                 0.0001  -179.99   LINEAR
  188.00    0.00   2.117E-01  152.70  7.380E-05  129.92      5.63436E-01                 0.0001  -179.98   LINEAR
  190.00    0.00   1.976E-01  140.13  8.535E-05  117.49      4.90876E-01                 0.0002  -179.98   LINEAR
  192.00    0.00   1.812E-01  127.58  9.289E-05  105.15      4.12691E-01                 0.0002  -179.97   LINEAR
  194.00    0.00   1.629E-01  115.08  9.613E-05   92.89      3.33530E-01                 0.0002  -179.97   LINEAR
  196.00    0.00   1.432E-01  102.63  9.504E-05   80.74      2.57673E-01                 0.0002  -179.96   LINEAR
  198.00    0.00   1.225E-01   90.21  8.977E-05   68.71      1.88707E-01                 0.0003  -179.96   LINEAR
  200.00    0.00   1.014E-01   77.82  8.070E-05   56.82      1.29308E-01                 0.0003  -179.96   LINEAR
  202.00    0.00   8.035E-02   65.40  6.836E-05   45.07      8.11263E-02                 0.0003  -179.95   LINEAR
  204.00    0.00   5.970E-02   52.81  5.339E-05   33.48      4.47877E-02                 0.0003  -179.95   LINEAR
  206.00    0.00   3.989E-02   39.66  3.654E-05   22.06      1.99951E-02                 0.0003     0.05   LINEAR
  208.00    0.00   2.129E-02   24.20  1.856E-05   10.78      5.69729E-03                 0.0002     0.05   LINEAR
  210.00    0.00   4.911E-03  -18.52  2.370E-07  -12.55      3.03115E-04                 0.0000     0.00   LINEAR
  212.00    0.00   1.232E-02 -154.82  1.775E-05  169.32      1.90721E-03                 0.0008  -179.93   LINEAR
  214.00    0.00   2.601E-02 -173.55  3.473E-05  158.69      8.50335E-03                 0.0006  -179.93   LINEAR
  216.00    0.00   3.802E-02  173.61  5.020E-05  148.37      1.81651E-02                 0.0006  -179.93   LINEAR
  218.00    0.00   4.819E-02  162.21  6.372E-05  138.31      2.91823E-02                 0.0005  -179.93   LINEAR
  220.00    0.00   5.652E-02  151.52  7.502E-05  128.53      4.01489E-02                 0.0005  -179.93   LINEAR
  222.00    0.00   6.308E-02  141.32  8.391E-05  119.03      5.00040E-02                 0.0005  -179.93   LINEAR
  224.00    0.00   6.796E-02  131.52  9.034E-05  109.83      5.80337E-02                 0.0005  -179.93   LINEAR
  226.00    0.00   7.128E-02  122.10  9.435E-05  100.94      6.38421E-02                 0.0005  -179.93   LINEAR
  228.00    0.00   7.318E-02  113.04  9.608E-05   92.36      6.73021E-02                 0.0005  -179.93   LINEAR
  230.00    0.00   7.383E-02  104.33  9.572E-05   84.11      6.84966E-02                 0.0004  -179.93   LINEAR
  232.00    0.00   7.338E-02   95.99  9.352E-05   76.19      6.76573E-02                 0.0004  -179.93   LINEAR
  234.00    0.00   7.198E-02   88.01  8.975E-05   68.62      6.51076E-02                 0.0004  -179.93   LINEAR
  236.00    0.00   6.979E-02   80.40  8.470E-05   61.40      6.12141E-02                 0.0004  -179.93   LINEAR
  238.00    0.00   6.696E-02   73.17  7.867E-05   54.55      5.63481E-02                 0.0004  -179.94   LINEAR
  240.00    0.00   6.362E-02   66.33  7.193E-05   48.07      5.08579E-02                 0.0004  -179.94   LINEAR
  242.00    0.00   5.988E-02   59.89  6.475E-05   41.97      4.50508E-02                 0.0003  -179.94   LINEAR
  244.00    0.00   5.584E-02   53.84  5.736E-05   36.26      3.91838E-02                 0.0003  -179.94   LINEAR
  246.00    0.00   5.160E-02   48.21  4.997E-05   30.94      3.34609E-02                 0.0003  -179.95   LINEAR
  248.00    0.00   4.723E-02   43.00  4.276E-05   26.01      2.80351E-02                 0.0003     0.05   LINEAR
  250.00    0.00   4.279E-02   38.21  3.586E-05   21.50      2.30138E-02                 0.0002     0.05   LINEAR
  252.00    0.00   3.833E-02   33.86  2.940E-05   17.39      1.84655E-02                 0.0002     0.04   LINEAR
  254.00    0.00   3.388E-02   29.95  2.348E-05   13.69      1.44277E-02                 0.0002     0.04   LINEAR
  256.00    0.00   2.947E-02   26.48  1.815E-05   10.41      1.09143E-02                 0.0002     0.03   LINEAR
  258.00    0.00   2.511E-02   23.46  1.347E-05    7.54      7.92274E-03                 0.0001     0.03   LINEAR
  260.00    0.00   2.081E-02   20.90  9.475E-06    5.07      5.43971E-03                 0.0001     0.03   LINEAR
  262.00    0.00   1.656E-02   18.80  6.187E-06    2.99      3.44638E-03                 0.0001     0.02   LINEAR
  264.00    0.00   1.237E-02   17.16  3.620E-06    1.21      1.92243E-03                 0.0001     0.02   LINEAR
  266.00    0.00   8.220E-03   15.99  1.783E-06   -0.49      8.49088E-04                 0.0001     0.01   LINEAR
  268.00    0.00   4.102E-03   15.28  6.798E-07   -3.04      2.11457E-04                 0.0001     0.01   LINEAR
  270.00    0.00   7.999E-08   38.84  3.129E-07   -6.80      1.31058E-12                 0.1769    79.53   RIGHT 
  272.00    0.00   4.102E-03 -164.72  6.798E-07   -2.94      2.11442E-04                 0.0001   179.99   LINEAR
  274.00    0.00   8.220E-03 -164.01  1.783E-06   -0.41      8.49057E-04                 0.0001   179.99   LINEAR
  276.00    0.00   1.237E-02 -162.84  3.620E-06    1.26      1.92238E-03                 0.0001   179.98   LINEAR
  278.00    0.00   1.656E-02 -161.20  6.187E-06    3.03      3.44631E-03                 0.0001   179.98   LINEAR
  280.00    0.00   2.081E-02 -159.10  9.475E-06    5.11      5.43962E-03                 0.0001   179.97   LINEAR
  282.00    0.00   2.511E-02 -156.54  1.347E-05    7.57      7.92263E-03                 0.0001   179.97   LINEAR
  284.00    0.00   2.947E-02 -153.52  1.815E-05   10.43      1.09142E-02                 0.0002   179.97   LINEAR
  286.00    0.00   3.388E-02 -150.05  2.348E-05   13.71      1.44275E-02                 0.0002   179.96   LINEAR
  288.00    0.00   3.833E-02 -146.14  2.940E-05   17.41      1.84653E-02                 0.0002   179.96   LINEAR
  290.00    0.00   4.279E-02 -141.78  3.586E-05   21.51      2.30135E-02                 0.0002   179.95   LINEAR
  292.00    0.00   4.723E-02 -137.00  4.276E-05   26.03      2.80348E-02                 0.0003   179.95   LINEAR
  294.00    0.00   5.160E-02 -131.78  4.997E-05   30.95      3.34606E-02                 0.0003    -0.05   LINEAR
  296.00    0.00   5.584E-02 -126.15  5.736E-05   36.27      3.91835E-02                 0.0003    -0.06   LINEAR
  298.00    0.00   5.987E-02 -120.11  6.475E-05   41.98      4.50505E-02                 0.0003    -0.06   LINEAR
  300.00    0.00   6.362E-02 -113.66  7.193E-05   48.08      5.08576E-02                 0.0004    -0.06   LINEAR
  302.00    0.00   6.696E-02 -106.82  7.867E-05   54.56      5.63478E-02                 0.0004    -0.06   LINEAR
  304.00    0.00   6.979E-02  -99.59  8.470E-05   61.41      6.12139E-02                 0.0004    -0.07   LINEAR
  306.00    0.00   7.198E-02  -91.98  8.975E-05   68.62      6.51074E-02                 0.0004    -0.07   LINEAR
  308.00    0.00   7.338E-02  -84.00  9.352E-05   76.19      6.76572E-02                 0.0004    -0.07   LINEAR
  310.00    0.00   7.383E-02  -75.66  9.573E-05   84.11      6.84966E-02                 0.0004    -0.07   LINEAR
  312.00    0.00   7.318E-02  -66.96  9.609E-05   92.36      6.73022E-02                 0.0005    -0.07   LINEAR
  314.00    0.00   7.128E-02  -57.89  9.436E-05  100.94      6.38423E-02                 0.0005    -0.07   LINEAR
  316.00    0.00   6.796E-02  -48.47  9.034E-05  109.83      5.80340E-02                 0.0005    -0.07   LINEAR
  318.00    0.00   6.308E-02  -38.68  8.391E-05  119.03      5.00043E-02                 0.0005    -0.07   LINEAR
  320.00    0.00   5.652E-02  -28.47  7.502E-05  128.52      4.01492E-02                 0.0005    -0.07   LINEAR
  322.00    0.00   4.819E-02  -17.78  6.373E-05  138.30      2.91827E-02                 0.0005    -0.07   LINEAR
  324.00    0.00   3.802E-02   -6.38  5.020E-05  148.35      1.81654E-02                 0.0006    -0.07   LINEAR
  326.00    0.00   2.601E-02    6.46  3.474E-05  158.67      8.50353E-03                 0.0006    -0.07   LINEAR
  328.00    0.00   1.232E-02   25.19  1.775E-05  169.26      1.90729E-03                 0.0008    -0.07   LINEAR
  330.00    0.00   4.911E-03  161.49  2.324E-07   -7.56      3.03113E-04                 0.0000   180.00   LINEAR
  332.00    0.00   2.129E-02 -155.79  1.856E-05   10.85      5.69728E-03                 0.0002   179.95   LINEAR
  334.00    0.00   3.989E-02 -140.33  3.654E-05   22.10      1.99952E-02                 0.0003   179.95   LINEAR
  336.00    0.00   5.970E-02 -127.18  5.339E-05   33.51      4.47881E-02                 0.0003    -0.05   LINEAR
  338.00    0.00   8.035E-02 -114.59  6.836E-05   45.10      8.11272E-02                 0.0003    -0.05   LINEAR
  340.00    0.00   1.014E-01 -102.17  8.070E-05   56.84      1.29310E-01                 0.0003    -0.04   LINEAR
  342.00    0.00   1.225E-01  -89.78  8.977E-05   68.73      1.88710E-01                 0.0003    -0.04   LINEAR
  344.00    0.00   1.432E-01  -77.36  9.503E-05   80.76      2.57677E-01                 0.0002    -0.04   LINEAR
  346.00    0.00   1.629E-01  -64.91  9.613E-05   92.91      3.33536E-01                 0.0002    -0.03   LINEAR
  348.00    0.00   1.812E-01  -52.41  9.288E-05  105.17      4.12699E-01                 0.0002    -0.03   LINEAR
  350.00    0.00   1.976E-01  -39.86  8.534E-05  117.52      4.90885E-01                 0.0002    -0.02   LINEAR
  352.00    0.00   2.117E-01  -27.29  7.379E-05  129.94      5.63447E-01                 0.0001    -0.02   LINEAR
  354.00    0.00   2.232E-01  -14.69  5.871E-05  142.43      6.25766E-01                 0.0001    -0.01   LINEAR
  356.00    0.00   2.315E-01   -2.08  4.079E-05  154.98      6.73671E-01                 0.0001    -0.01   LINEAR
  358.00    0.00   2.367E-01   10.53  2.088E-05  167.59      7.03843E-01                 0.0000    -0.00   LINEAR
  360.00    0.00   2.384E-01   23.11  6.428E-08  -40.23      7.14145E-01                 0.0000     0.00   LINEAR