 0.00    0.00   2.819E-01   27.68  7.802E-08  109.63      9.98971E-01                 0.0000     0.00   LINEAR
    2.00    0.00   2.799E-01   40.23  8.634E-05   12.63      9.84610E-01                 0.0001     0.02   LINEAR
    4.00    0.00   2.739E-01   52.73  1.685E-04   25.16      9.42555E-01                 0.0003  -179.97   LINEAR
    6.00    0.00   2.640E-01   65.15  2.424E-04   37.68      8.75777E-01                 0.0004  -179.95   LINEAR
    8.00    0.00   2.506E-01   77.49  3.047E-04   50.15      7.88891E-01                 0.0006  -179.94   LINEAR
   10.00    0.00   2.339E-01   89.71  3.525E-04   62.57      6.87693E-01                 0.0007  -179.92   LINEAR
   12.00    0.00   2.146E-01  101.81  3.837E-04   74.91      5.78610E-01                 0.0008  -179.91   LINEAR
   14.00    0.00   1.930E-01  113.76  3.972E-04   87.16      4.68105E-01                 0.0009  -179.89   LINEAR
   16.00    0.00   1.698E-01  125.53  3.928E-04   99.30      3.62139E-01                 0.0010  -179.88   LINEAR
   18.00    0.00   1.454E-01  137.08  3.713E-04  111.32      2.65711E-01                 0.0011  -179.87   LINEAR
   20.00    0.00   1.205E-01  148.37  3.340E-04  123.20      1.82556E-01                 0.0012  -179.86   LINEAR
   22.00    0.00   9.566E-02  159.29  2.832E-04  134.93      1.14987E-01                 0.0012  -179.85   LINEAR
   24.00    0.00   7.130E-02  169.69  2.216E-04  146.49      6.38923E-02                 0.0012  -179.84   LINEAR
   26.00    0.00   4.794E-02  179.07  1.522E-04  157.86      2.88799E-02                 0.0011  -179.83   LINEAR
   28.00    0.00   2.602E-02 -174.44  7.812E-05  168.99      8.50686E-03                 0.0009  -179.84   LINEAR
   30.00    0.00   6.773E-03  166.32  2.515E-06  175.54      5.76451E-04                 0.0001  -179.98   LINEAR
   32.00    0.00   1.397E-02   54.01  7.170E-05   11.07      2.45143E-03                 0.0035  -179.78   LINEAR
   34.00    0.00   3.005E-02   54.45  1.419E-04   21.54      1.13494E-02                 0.0026  -179.77   LINEAR
   36.00    0.00   4.424E-02   61.67  2.059E-04   31.81      2.45936E-02                 0.0023  -179.77   LINEAR
   38.00    0.00   5.628E-02   70.07  2.619E-04   41.84      3.98030E-02                 0.0022  -179.77   LINEAR
   40.00    0.00   6.617E-02   78.73  3.087E-04   51.60      5.50150E-02                 0.0021  -179.76   LINEAR
   42.00    0.00   7.396E-02   87.34  3.457E-04   61.08      6.87437E-02                 0.0021  -179.76   LINEAR
   44.00    0.00   7.978E-02   95.80  3.726E-04   70.27      7.99834E-02                 0.0020  -179.76   LINEAR
   46.00    0.00   8.376E-02  104.03  3.895E-04   79.16      8.81692E-02                 0.0020  -179.76   LINEAR
   48.00    0.00   8.608E-02  112.00  3.970E-04   87.73      9.31110E-02                 0.0019  -179.76   LINEAR
   50.00    0.00   8.691E-02  119.68  3.959E-04   95.97      9.49111E-02                 0.0018  -179.76   LINEAR
   52.00    0.00   8.643E-02  127.05  3.871E-04  103.88      9.38808E-02                 0.0018  -179.76   LINEAR
   54.00    0.00   8.484E-02  134.10  3.719E-04  111.44      9.04615E-02                 0.0017  -179.77   LINEAR
   56.00    0.00   8.232E-02  140.82  3.514E-04  118.64      8.51568E-02                 0.0016  -179.77   LINEAR
   58.00    0.00   7.903E-02  147.19  3.268E-04  125.48      7.84794E-02                 0.0015  -179.78   LINEAR
   60.00    0.00   7.512E-02  153.20  2.993E-04  131.95      7.09119E-02                 0.0014  -179.79   LINEAR
   62.00    0.00   7.074E-02  158.86  2.699E-04  138.04      6.28819E-02                 0.0014  -179.80   LINEAR
   64.00    0.00   6.601E-02  164.15  2.396E-04  143.73      5.47485E-02                 0.0013  -179.81   LINEAR
   66.00    0.00   6.102E-02  169.06  2.093E-04  149.03      4.67976E-02                 0.0012  -179.82   LINEAR
   68.00    0.00   5.588E-02  173.60  1.797E-04  153.92      3.92453E-02                 0.0011  -179.83   LINEAR
   70.00    0.00   5.065E-02  177.76  1.514E-04  158.40      3.22439E-02                 0.0010  -179.84   LINEAR
   72.00    0.00   4.539E-02 -178.48  1.248E-04  162.46      2.58922E-02                 0.0009  -179.85   LINEAR
   74.00    0.00   4.014E-02 -175.10  1.004E-04  166.09      2.02453E-02                 0.0008  -179.86   LINEAR
   76.00    0.00   3.492E-02 -172.11  7.850E-05  169.27      1.53255E-02                 0.0007  -179.88   LINEAR
   78.00    0.00   2.976E-02 -169.52  5.923E-05  172.00      1.11315E-02                 0.0006  -179.89   LINEAR
   80.00    0.00   2.467E-02 -167.32  4.278E-05  174.24      7.64669E-03                 0.0005  -179.91   LINEAR
   82.00    0.00   1.964E-02 -165.52  2.923E-05  175.94      4.84670E-03                 0.0005  -179.92   LINEAR
   84.00    0.00   1.467E-02 -164.12  1.865E-05  176.99      2.70445E-03                 0.0004  -179.93   LINEAR
   86.00    0.00   9.751E-03 -163.12  1.108E-05  177.18      1.19478E-03                 0.0004  -179.94   LINEAR
   88.00    0.00   4.866E-03 -162.52  6.535E-06  176.29      2.97594E-04                 0.0005  -179.93   LINEAR
   90.00    0.00   1.179E-07 -147.10  5.022E-06  175.37      3.17058E-10                 0.0143   -91.07   RIGHT 
   92.00    0.00   4.866E-03   17.48  6.535E-06  176.28      2.97567E-04                 0.0005    -0.07   LINEAR
   94.00    0.00   9.751E-03   16.88  1.108E-05  177.17      1.19473E-03                 0.0004    -0.06   LINEAR
   96.00    0.00   1.467E-02   15.88  1.865E-05  176.98      2.70437E-03                 0.0004    -0.07   LINEAR
   98.00    0.00   1.964E-02   14.48  2.923E-05  175.93      4.84660E-03                 0.0005    -0.08   LINEAR
  100.00    0.00   2.467E-02   12.68  4.278E-05  174.23      7.64657E-03                 0.0005    -0.09   LINEAR
  102.00    0.00   2.976E-02   10.48  5.923E-05  171.99      1.11313E-02                 0.0006    -0.11   LINEAR
  104.00    0.00   3.492E-02    7.89  7.850E-05  169.27      1.53253E-02                 0.0007    -0.12   LINEAR
  106.00    0.00   4.014E-02    4.90  1.004E-04  166.08      2.02451E-02                 0.0008    -0.14   LINEAR
  108.00    0.00   4.539E-02    1.52  1.248E-04  162.45      2.58920E-02                 0.0009    -0.15   LINEAR
  110.00    0.00   5.065E-02   -2.24  1.514E-04  158.40      3.22437E-02                 0.0010    -0.16   LINEAR
  112.00    0.00   5.588E-02   -6.40  1.797E-04  153.92      3.92451E-02                 0.0011    -0.17   LINEAR
  114.00    0.00   6.102E-02  -10.94  2.093E-04  149.03      4.67975E-02                 0.0012    -0.18   LINEAR
  116.00    0.00   6.601E-02  -15.85  2.396E-04  143.73      5.47483E-02                 0.0013    -0.19   LINEAR
  118.00    0.00   7.074E-02  -21.14  2.699E-04  138.03      6.28818E-02                 0.0014    -0.20   LINEAR
  120.00    0.00   7.512E-02  -26.80  2.993E-04  131.95      7.09118E-02                 0.0014    -0.21   LINEAR
  122.00    0.00   7.903E-02  -32.81  3.268E-04  125.48      7.84793E-02                 0.0015    -0.22   LINEAR
  124.00    0.00   8.232E-02  -39.18  3.514E-04  118.64      8.51568E-02                 0.0016    -0.23   LINEAR
  126.00    0.00   8.484E-02  -45.90  3.719E-04  111.44      9.04615E-02                 0.0017    -0.23   LINEAR
  128.00    0.00   8.643E-02  -52.95  3.871E-04  103.88      9.38809E-02                 0.0018    -0.24   LINEAR
  130.00    0.00   8.691E-02  -60.32  3.959E-04   95.97      9.49112E-02                 0.0018    -0.24   LINEAR
  132.00    0.00   8.608E-02  -68.00  3.970E-04   87.73      9.31112E-02                 0.0019    -0.24   LINEAR
  134.00    0.00   8.376E-02  -75.97  3.895E-04   79.16      8.81695E-02                 0.0020    -0.24   LINEAR
  136.00    0.00   7.978E-02  -84.20  3.726E-04   70.27      7.99837E-02                 0.0020    -0.24   LINEAR
  138.00    0.00   7.396E-02  -92.66  3.457E-04   61.08      6.87440E-02                 0.0021    -0.24   LINEAR
  140.00    0.00   6.617E-02 -101.28  3.087E-04   51.60      5.50153E-02                 0.0021    -0.24   LINEAR
  142.00    0.00   5.628E-02 -109.93  2.619E-04   41.84      3.98033E-02                 0.0022    -0.23   LINEAR
  144.00    0.00   4.424E-02 -118.33  2.059E-04   31.81      2.45938E-02                 0.0023    -0.23   LINEAR
  146.00    0.00   3.005E-02 -125.56  1.419E-04   21.54      1.13496E-02                 0.0026    -0.23   LINEAR
  148.00    0.00   1.397E-02 -125.99  7.172E-05   11.09      2.45152E-03                 0.0035    -0.22   LINEAR
  150.00    0.00   6.772E-03  -13.69  2.501E-06  175.08      5.76371E-04                 0.0001    -0.02   LINEAR
  152.00    0.00   2.602E-02    5.56  7.810E-05  168.98      8.50655E-03                 0.0009    -0.16   LINEAR
  154.00    0.00   4.794E-02   -0.93  1.522E-04  157.85      2.88793E-02                 0.0011    -0.17   LINEAR
  156.00    0.00   7.130E-02  -10.31  2.216E-04  146.49      6.38913E-02                 0.0012    -0.16   LINEAR
  158.00    0.00   9.566E-02  -20.71  2.832E-04  134.92      1.14985E-01                 0.0012    -0.15   LINEAR
  160.00    0.00   1.205E-01  -31.64  3.340E-04  123.19      1.82554E-01                 0.0012    -0.14   LINEAR
  162.00    0.00   1.454E-01  -42.92  3.712E-04  111.31      2.65708E-01                 0.0011    -0.13   LINEAR
  164.00    0.00   1.698E-01  -54.48  3.928E-04   99.29      3.62135E-01                 0.0010    -0.12   LINEAR
  166.00    0.00   1.930E-01  -66.24  3.971E-04   87.15      4.68102E-01                 0.0009    -0.11   LINEAR
  168.00    0.00   2.146E-01  -78.19  3.836E-04   74.90      5.78606E-01                 0.0008    -0.09   LINEAR
  170.00    0.00   2.339E-01  -90.29  3.524E-04   62.56      6.87689E-01                 0.0007    -0.08   LINEAR
  172.00    0.00   2.506E-01 -102.52  3.046E-04   50.14      7.88886E-01                 0.0006    -0.06   LINEAR
  174.00    0.00   2.640E-01 -114.85  2.424E-04   37.66      8.75772E-01                 0.0004    -0.05   LINEAR
  176.00    0.00   2.739E-01 -127.27  1.684E-04   25.14      9.42549E-01                 0.0003    -0.03   LINEAR
  178.00    0.00   2.799E-01 -139.77  8.628E-05   12.59      9.84604E-01                 0.0001   179.98   LINEAR
  180.00    0.00   2.819E-01 -152.32  8.283E-08  167.01      9.98966E-01                 0.0000  -180.00   LINEAR
  182.00    0.00   2.799E-01 -164.92  8.644E-05  167.42      9.84609E-01                 0.0001  -179.98   LINEAR
  184.00    0.00   2.739E-01 -177.53  1.686E-04  154.87      9.42559E-01                 0.0003  -179.97   LINEAR
  186.00    0.00   2.640E-01  169.84  2.425E-04  142.35      8.75785E-01                 0.0004  -179.95   LINEAR
  188.00    0.00   2.506E-01  157.21  3.048E-04  129.87      7.88902E-01                 0.0006  -179.94   LINEAR
  190.00    0.00   2.339E-01  144.60  3.526E-04  117.45      6.87706E-01                 0.0007  -179.92   LINEAR
  192.00    0.00   2.146E-01  132.01  3.838E-04  105.11      5.78624E-01                 0.0008  -179.91   LINEAR
  194.00    0.00   1.930E-01  119.45  3.973E-04   92.85      4.68119E-01                 0.0009  -179.89   LINEAR
  196.00    0.00   1.698E-01  106.93  3.929E-04   80.71      3.62151E-01                 0.0010  -179.88   LINEAR
  198.00    0.00   1.454E-01   94.43  3.714E-04   68.68      2.65721E-01                 0.0011  -179.87   LINEAR
  200.00    0.00   1.205E-01   81.94  3.341E-04   56.79      1.82564E-01                 0.0012  -179.86   LINEAR
  202.00    0.00   9.566E-02   69.39  2.834E-04   45.05      1.14992E-01                 0.0012  -179.85   LINEAR
  204.00    0.00   7.131E-02   56.63  2.218E-04   33.47      6.38958E-02                 0.0012  -179.84   LINEAR
  206.00    0.00   4.794E-02   43.22  1.523E-04   22.06      2.88818E-02                 0.0011     0.17   LINEAR
  208.00    0.00   2.602E-02   27.31  7.823E-05   10.84      8.50754E-03                 0.0009     0.17   LINEAR
  210.00    0.00   6.774E-03  -13.94  2.603E-06   -1.63      5.76615E-04                 0.0001     0.02   LINEAR
  212.00    0.00   1.397E-02 -147.80  7.162E-05  169.16      2.45169E-03                 0.0035  -179.79   LINEAR
  214.00    0.00   3.005E-02 -168.45  1.418E-04  158.59      1.13503E-02                 0.0026  -179.77   LINEAR
  216.00    0.00   4.424E-02  178.17  2.058E-04  148.28      2.45955E-02                 0.0023  -179.77   LINEAR
  218.00    0.00   5.628E-02  166.49  2.619E-04  138.23      3.98062E-02                 0.0022  -179.77   LINEAR
  220.00    0.00   6.617E-02  155.60  3.087E-04  128.46      5.50197E-02                 0.0021  -179.76   LINEAR
  222.00    0.00   7.396E-02  145.23  3.457E-04  118.96      6.87498E-02                 0.0021  -179.76   LINEAR
  224.00    0.00   7.978E-02  135.30  3.726E-04  109.76      7.99908E-02                 0.0020  -179.76   LINEAR
  226.00    0.00   8.377E-02  125.74  3.896E-04  100.87      8.81778E-02                 0.0020  -179.76   LINEAR
  228.00    0.00   8.608E-02  116.56  3.971E-04   92.29      9.31203E-02                 0.0019  -179.76   LINEAR
  230.00    0.00   8.691E-02  107.74  3.960E-04   84.04      9.49208E-02                 0.0018  -179.76   LINEAR
  232.00    0.00   8.644E-02   99.29  3.873E-04   76.12      9.38908E-02                 0.0018  -179.76   LINEAR
  234.00    0.00   8.485E-02   91.20  3.721E-04   68.55      9.04713E-02                 0.0017  -179.77   LINEAR
  236.00    0.00   8.232E-02   83.50  3.516E-04   61.34      8.51663E-02                 0.0016  -179.77   LINEAR
  238.00    0.00   7.903E-02   76.17  3.271E-04   54.49      7.84883E-02                 0.0015  -179.78   LINEAR
  240.00    0.00   7.512E-02   69.23  2.996E-04   48.01      7.09202E-02                 0.0014  -179.79   LINEAR
  242.00    0.00   7.074E-02   62.70  2.702E-04   41.90      6.28894E-02                 0.0014  -179.80   LINEAR
  244.00    0.00   6.601E-02   56.57  2.399E-04   36.19      5.47551E-02                 0.0013  -179.80   LINEAR
  246.00    0.00   6.103E-02   50.85  2.096E-04   30.87      4.68034E-02                 0.0012  -179.82   LINEAR
  248.00    0.00   5.589E-02   45.57  1.800E-04   25.94      3.92502E-02                 0.0011  -179.83   LINEAR
  250.00    0.00   5.066E-02   40.71  1.517E-04   21.42      3.22480E-02                 0.0010     0.16   LINEAR
  252.00    0.00   4.539E-02   36.29  1.252E-04   17.31      2.58955E-02                 0.0009     0.15   LINEAR
  254.00    0.00   4.014E-02   32.32  1.008E-04   13.61      2.02479E-02                 0.0008     0.14   LINEAR
  256.00    0.00   3.492E-02   28.79  7.885E-05   10.32      1.53275E-02                 0.0007     0.12   LINEAR
  258.00    0.00   2.976E-02   25.73  5.959E-05    7.45      1.11329E-02                 0.0006     0.11   LINEAR
  260.00    0.00   2.467E-02   23.13  4.314E-05    4.97      7.64768E-03                 0.0005     0.10   LINEAR
  262.00    0.00   1.964E-02   20.99  2.959E-05    2.87      4.84733E-03                 0.0005     0.08   LINEAR
  264.00    0.00   1.467E-02   19.33  1.902E-05    1.11      2.70480E-03                 0.0004     0.07   LINEAR
  266.00    0.00   9.751E-03   18.14  1.144E-05   -0.40      1.19493E-03                 0.0004     0.06   LINEAR
  268.00    0.00   4.867E-03   17.42  6.896E-06   -1.76      2.97630E-04                 0.0005     0.08   LINEAR
  270.00    0.00   8.125E-08   14.08  5.379E-06   -2.49      3.63732E-10                 0.0043    89.17   LINEAR
  272.00    0.00   4.867E-03 -162.58  6.896E-06   -1.78      2.97610E-04                 0.0005   179.92   LINEAR
  274.00    0.00   9.751E-03 -161.86  1.144E-05   -0.42      1.19489E-03                 0.0004   179.94   LINEAR
  276.00    0.00   1.467E-02 -160.67  1.901E-05    1.10      2.70473E-03                 0.0004   179.93   LINEAR
  278.00    0.00   1.964E-02 -159.01  2.959E-05    2.86      4.84724E-03                 0.0005   179.92   LINEAR
  280.00    0.00   2.467E-02 -156.87  4.314E-05    4.96      7.64758E-03                 0.0005   179.90   LINEAR
  282.00    0.00   2.976E-02 -154.27  5.959E-05    7.43      1.11328E-02                 0.0006   179.89   LINEAR
  284.00    0.00   3.492E-02 -151.21  7.885E-05   10.31      1.53273E-02                 0.0007   179.88   LINEAR
  286.00    0.00   4.014E-02 -147.68  1.008E-04   13.60      2.02477E-02                 0.0008   179.86   LINEAR
  288.00    0.00   4.539E-02 -143.71  1.251E-04   17.30      2.58953E-02                 0.0009   179.85   LINEAR
  290.00    0.00   5.066E-02 -139.29  1.517E-04   21.42      3.22477E-02                 0.0010   179.84   LINEAR
  292.00    0.00   5.589E-02 -134.43  1.800E-04   25.93      3.92499E-02                 0.0011    -0.17   LINEAR
  294.00    0.00   6.103E-02 -129.14  2.096E-04   30.86      4.68031E-02                 0.0012    -0.18   LINEAR
  296.00    0.00   6.601E-02 -123.43  2.399E-04   36.18      5.47549E-02                 0.0013    -0.20   LINEAR
  298.00    0.00   7.074E-02 -117.30  2.702E-04   41.90      6.28892E-02                 0.0014    -0.20   LINEAR
  300.00    0.00   7.512E-02 -110.77  2.995E-04   48.00      7.09199E-02                 0.0014    -0.21   LINEAR
  302.00    0.00   7.903E-02 -103.83  3.270E-04   54.48      7.84882E-02                 0.0015    -0.22   LINEAR
  304.00    0.00   8.232E-02  -96.50  3.516E-04   61.33      8.51662E-02                 0.0016    -0.23   LINEAR
  306.00    0.00   8.485E-02  -88.79  3.721E-04   68.55      9.04713E-02                 0.0017    -0.23   LINEAR
  308.00    0.00   8.644E-02  -80.71  3.873E-04   76.12      9.38908E-02                 0.0018    -0.24   LINEAR
  310.00    0.00   8.691E-02  -72.25  3.960E-04   84.03      9.49210E-02                 0.0018    -0.24   LINEAR
  312.00    0.00   8.608E-02  -63.44  3.971E-04   92.29      9.31205E-02                 0.0019    -0.24   LINEAR
  314.00    0.00   8.377E-02  -54.25  3.895E-04  100.86      8.81781E-02                 0.0020    -0.24   LINEAR
  316.00    0.00   7.978E-02  -44.70  3.726E-04  109.76      7.99912E-02                 0.0020    -0.24   LINEAR
  318.00    0.00   7.397E-02  -34.77  3.457E-04  118.95      6.87503E-02                 0.0021    -0.24   LINEAR
  320.00    0.00   6.617E-02  -24.40  3.087E-04  128.45      5.50202E-02                 0.0021    -0.24   LINEAR
  322.00    0.00   5.628E-02  -13.51  2.618E-04  138.22      3.98067E-02                 0.0022    -0.23   LINEAR
  324.00    0.00   4.424E-02   -1.83  2.057E-04  148.27      2.45959E-02                 0.0023    -0.23   LINEAR
  326.00    0.00   3.005E-02   11.55  1.418E-04  158.57      1.13506E-02                 0.0026    -0.23   LINEAR
  328.00    0.00   1.397E-02   32.21  7.155E-05  169.13      2.45184E-03                 0.0035    -0.21   LINEAR
  330.00    0.00   6.774E-03  166.06  2.673E-06   -0.88      5.76549E-04                 0.0001   179.98   LINEAR
  332.00    0.00   2.602E-02 -152.69  7.830E-05   10.85      8.50725E-03                 0.0009   179.83   LINEAR
  334.00    0.00   4.794E-02 -136.78  1.524E-04   22.07      2.88813E-02                 0.0011   179.83   LINEAR
  336.00    0.00   7.131E-02 -123.37  2.218E-04   33.47      6.38951E-02                 0.0012    -0.16   LINEAR
  338.00    0.00   9.566E-02 -110.61  2.834E-04   45.05      1.14991E-01                 0.0012    -0.15   LINEAR
  340.00    0.00   1.205E-01  -98.06  3.342E-04   56.79      1.82564E-01                 0.0012    -0.14   LINEAR
  342.00    0.00   1.454E-01  -85.57  3.714E-04   68.68      2.65721E-01                 0.0011    -0.13   LINEAR
  344.00    0.00   1.698E-01  -73.07  3.930E-04   80.70      3.62150E-01                 0.0010    -0.12   LINEAR
  346.00    0.00   1.930E-01  -60.55  3.973E-04   92.85      4.68119E-01                 0.0009    -0.11   LINEAR
  348.00    0.00   2.146E-01  -47.99  3.838E-04  105.10      5.78625E-01                 0.0008    -0.09   LINEAR
  350.00    0.00   2.339E-01  -35.40  3.526E-04  117.44      6.87708E-01                 0.0007    -0.08   LINEAR
  352.00    0.00   2.506E-01  -22.79  3.048E-04  129.86      7.88904E-01                 0.0006    -0.06   LINEAR
  354.00    0.00   2.640E-01  -10.16  2.425E-04  142.34      8.75788E-01                 0.0004    -0.05   LINEAR
  356.00    0.00   2.739E-01    2.47  1.685E-04  154.85      9.42563E-01                 0.0003    -0.03   LINEAR
  358.00    0.00   2.799E-01   15.09  8.639E-05  167.39      9.84614E-01                 0.0001    -0.02   LINEAR
  360.00    0.00   2.819E-01   27.68  7.802E-08  109.63      9.98971E-01                 0.0000     0.00   LINEAR