    0.00    0.00   0.000E+00    0.00  0.000E+00    0.00      0.00000E+00                 0.0000     0.00   UNDEF.
    2.00    0.00   2.109E-03    9.46  0.000E+00    0.00      5.58853E-05                 0.0000     0.00   LINEAR
    4.00    0.00   4.228E-03    8.82  0.000E+00    0.00      2.24653E-04                 0.0000     0.00   LINEAR
    6.00    0.00   6.368E-03    7.76  0.000E+00    0.00      5.09570E-04                 0.0000     0.00   LINEAR
    8.00    0.00   8.537E-03    6.28  0.000E+00    0.00      9.15837E-04                 0.0000     0.00   LINEAR
   10.00    0.00   1.074E-02    4.37  0.000E+00    0.00      1.45021E-03                 0.0000     0.00   LINEAR
   12.00    0.00   1.299E-02    2.05  0.000E+00    0.00      2.12042E-03                 0.0000     0.00   LINEAR
   14.00    0.00   1.528E-02   -0.69  0.000E+00    0.00      2.93435E-03                 0.0000     0.00   LINEAR
   16.00    0.00   1.761E-02   -3.85  0.000E+00    0.00      3.89897E-03                 0.0000     0.00   LINEAR
   18.00    0.00   1.998E-02   -7.42  0.000E+00    0.00      5.01890E-03                 0.0000     0.00   LINEAR
   20.00    0.00   2.238E-02  -11.39  0.000E+00    0.00      6.29469E-03                 0.0000     0.00   LINEAR
   22.00    0.00   2.479E-02  -15.77  0.000E+00    0.00      7.72077E-03                 0.0000     0.00   LINEAR
   24.00    0.00   2.718E-02  -20.55  0.000E+00    0.00      9.28309E-03                 0.0000     0.00   LINEAR
   26.00    0.00   2.953E-02  -25.72  0.000E+00    0.00      1.09566E-02                 0.0000     0.00   LINEAR
   28.00    0.00   3.179E-02  -31.28  0.000E+00    0.00      1.27030E-02                 0.0000     0.00   LINEAR
   30.00    0.00   3.393E-02  -37.22  0.000E+00    0.00      1.44681E-02                 0.0000     0.00   LINEAR
   32.00    0.00   3.588E-02  -43.54  0.000E+00    0.00      1.61814E-02                 0.0000     0.00   LINEAR
   34.00    0.00   3.759E-02  -50.22  0.000E+00    0.00      1.77548E-02                 0.0000     0.00   LINEAR
   36.00    0.00   3.897E-02  -57.26  0.000E+00    0.00      1.90857E-02                 0.0000     0.00   LINEAR
   38.00    0.00   3.995E-02  -64.64  0.000E+00    0.00      2.00604E-02                 0.0000     0.00   LINEAR
   40.00    0.00   4.045E-02  -72.36  0.000E+00    0.00      2.05617E-02                 0.0000     0.00   LINEAR
   42.00    0.00   4.037E-02  -80.41  0.000E+00    0.00      2.04798E-02                 0.0000     0.00   LINEAR
   44.00    0.00   3.962E-02  -88.76  0.000E+00    0.00      1.97266E-02                 0.0000     0.00   LINEAR
   46.00    0.00   3.811E-02  -97.41  0.000E+00    0.00      1.82532E-02                 0.0000     0.00   LINEAR
   48.00    0.00   3.576E-02 -106.32  0.000E+00    0.00      1.60690E-02                 0.0000     0.00   LINEAR
   50.00    0.00   3.249E-02 -115.47  0.000E+00    0.00      1.32615E-02                 0.0000     0.00   LINEAR
   52.00    0.00   2.823E-02 -124.79  0.000E+00    0.00      1.00137E-02                 0.0000     0.00   LINEAR
   54.00    0.00   2.295E-02 -134.16  0.000E+00    0.00      6.61632E-03                 0.0000     0.00   LINEAR
   56.00    0.00   1.662E-02 -143.25  0.000E+00    0.00      3.47047E-03                 0.0000   180.00   LINEAR
   58.00    0.00   9.267E-03 -150.60  0.000E+00    0.00      1.07927E-03                 0.0000   180.00   LINEAR
   60.00    0.00   1.383E-03 -114.20  0.000E+00    0.00      2.40467E-05                 0.0000     0.00   LINEAR
   62.00    0.00   8.579E-03   -6.57  0.000E+00    0.00      9.24959E-04                 0.0000     0.00   LINEAR
   64.00    0.00   1.868E-02  -13.60  0.000E+00    0.00      4.38653E-03                 0.0000     0.00   LINEAR
   66.00    0.00   2.949E-02  -23.64  0.000E+00    0.00      1.09314E-02                 0.0000     0.00   LINEAR
   68.00    0.00   4.081E-02  -34.52  0.000E+00    0.00      2.09284E-02                 0.0000     0.00   LINEAR
   70.00    0.00   5.241E-02  -45.83  0.000E+00    0.00      3.45224E-02                 0.0000     0.00   LINEAR
   72.00    0.00   6.407E-02  -57.43  0.000E+00    0.00      5.15768E-02                 0.0000     0.00   LINEAR
   74.00    0.00   7.550E-02  -69.23  0.000E+00    0.00      7.16367E-02                 0.0000     0.00   LINEAR
   76.00    0.00   8.645E-02  -81.21  0.000E+00    0.00      9.39239E-02                 0.0000     0.00   LINEAR
   78.00    0.00   9.664E-02  -93.34  0.000E+00    0.00      1.17366E-01                 0.0000     0.00   LINEAR
   80.00    0.00   1.058E-01 -105.58  0.000E+00    0.00      1.40665E-01                 0.0000     0.00   LINEAR
   82.00    0.00   1.137E-01 -117.92  0.000E+00    0.00      1.62394E-01                 0.0000     0.00   LINEAR
   84.00    0.00   1.201E-01 -130.34  0.000E+00    0.00      1.81127E-01                 0.0000     0.00   LINEAR
   86.00    0.00   1.248E-01 -142.83  0.000E+00    0.00      1.95566E-01                 0.0000   180.00   LINEAR
   88.00    0.00   1.276E-01 -155.37  0.000E+00    0.00      2.04676E-01                 0.0000   180.00   LINEAR
   90.00    0.00   1.286E-01 -167.93  0.000E+00    0.00      2.07790E-01                 0.0000   180.00   LINEAR
   92.00    0.00   1.276E-01  179.49  0.000E+00    0.00      2.04676E-01                 0.0000   180.00   LINEAR
   94.00    0.00   1.248E-01  166.91  0.000E+00    0.00      1.95566E-01                 0.0000   180.00   LINEAR
   96.00    0.00   1.201E-01  154.34  0.000E+00    0.00      1.81126E-01                 0.0000   180.00   LINEAR
   98.00    0.00   1.137E-01  141.80  0.000E+00    0.00      1.62394E-01                 0.0000   180.00   LINEAR
  100.00    0.00   1.058E-01  129.31  0.000E+00    0.00      1.40664E-01                 0.0000   180.00   LINEAR
  102.00    0.00   9.664E-02  116.86  0.000E+00    0.00      1.17366E-01                 0.0000   180.00   LINEAR
  104.00    0.00   8.645E-02  104.48  0.000E+00    0.00      9.39236E-02                 0.0000   180.00   LINEAR
  106.00    0.00   7.550E-02   92.17  0.000E+00    0.00      7.16364E-02                 0.0000   180.00   LINEAR
  108.00    0.00   6.407E-02   79.93  0.000E+00    0.00      5.15765E-02                 0.0000   180.00   LINEAR
  110.00    0.00   5.241E-02   67.74  0.000E+00    0.00      3.45222E-02                 0.0000   180.00   LINEAR
  112.00    0.00   4.081E-02   55.57  0.000E+00    0.00      2.09283E-02                 0.0000   180.00   LINEAR
  114.00    0.00   2.949E-02   43.31  0.000E+00    0.00      1.09314E-02                 0.0000     0.00   LINEAR
  116.00    0.00   1.868E-02   30.55  0.000E+00    0.00      4.38650E-03                 0.0000     0.00   LINEAR
  118.00    0.00   8.579E-03   15.18  0.000E+00    0.00      9.24954E-04                 0.0000     0.00   LINEAR
  120.00    0.00   1.383E-03 -114.44  0.000E+00    0.00      2.40463E-05                 0.0000     0.00   LINEAR
  122.00    0.00   9.267E-03 -172.40  0.000E+00    0.00      1.07925E-03                 0.0000   180.00   LINEAR
  124.00    0.00   1.662E-02  173.85  0.000E+00    0.00      3.47043E-03                 0.0000   180.00   LINEAR
  126.00    0.00   2.295E-02  162.34  0.000E+00    0.00      6.61624E-03                 0.0000   180.00   LINEAR
  128.00    0.00   2.823E-02  151.63  0.000E+00    0.00      1.00136E-02                 0.0000   180.00   LINEAR
  130.00    0.00   3.249E-02  141.41  0.000E+00    0.00      1.32613E-02                 0.0000   180.00   LINEAR
  132.00    0.00   3.576E-02  131.57  0.000E+00    0.00      1.60688E-02                 0.0000   180.00   LINEAR
  134.00    0.00   3.811E-02  122.09  0.000E+00    0.00      1.82530E-02                 0.0000   180.00   LINEAR
  136.00    0.00   3.962E-02  112.95  0.000E+00    0.00      1.97264E-02                 0.0000   180.00   LINEAR
  138.00    0.00   4.037E-02  104.16  0.000E+00    0.00      2.04795E-02                 0.0000   180.00   LINEAR
  140.00    0.00   4.045E-02   95.70  0.000E+00    0.00      2.05613E-02                 0.0000   180.00   LINEAR
  142.00    0.00   3.995E-02   87.60  0.000E+00    0.00      2.00601E-02                 0.0000   180.00   LINEAR
  144.00    0.00   3.897E-02   79.85  0.000E+00    0.00      1.90855E-02                 0.0000   180.00   LINEAR
  146.00    0.00   3.759E-02   72.46  0.000E+00    0.00      1.77546E-02                 0.0000   180.00   LINEAR
  148.00    0.00   3.588E-02   65.45  0.000E+00    0.00      1.61811E-02                 0.0000   180.00   LINEAR
  150.00    0.00   3.393E-02   58.81  0.000E+00    0.00      1.44679E-02                 0.0000   180.00   LINEAR
  152.00    0.00   3.179E-02   52.56  0.000E+00    0.00      1.27028E-02                 0.0000   180.00   LINEAR
  154.00    0.00   2.953E-02   46.70  0.000E+00    0.00      1.09564E-02                 0.0000   180.00   LINEAR
  156.00    0.00   2.718E-02   41.24  0.000E+00    0.00      9.28292E-03                 0.0000     0.00   LINEAR
  158.00    0.00   2.479E-02   36.19  0.000E+00    0.00      7.72063E-03                 0.0000     0.00   LINEAR
  160.00    0.00   2.238E-02   31.56  0.000E+00    0.00      6.29458E-03                 0.0000     0.00   LINEAR
  162.00    0.00   1.998E-02   27.35  0.000E+00    0.00      5.01881E-03                 0.0000     0.00   LINEAR
  164.00    0.00   1.761E-02   23.56  0.000E+00    0.00      3.89890E-03                 0.0000     0.00   LINEAR
  166.00    0.00   1.528E-02   20.21  0.000E+00    0.00      2.93430E-03                 0.0000     0.00   LINEAR
  168.00    0.00   1.299E-02   17.30  0.000E+00    0.00      2.12038E-03                 0.0000     0.00   LINEAR
  170.00    0.00   1.074E-02   14.82  0.000E+00    0.00      1.45018E-03                 0.0000     0.00   LINEAR
  172.00    0.00   8.537E-03   12.79  0.000E+00    0.00      9.15819E-04                 0.0000     0.00   LINEAR
  174.00    0.00   6.368E-03   11.21  0.000E+00    0.00      5.09560E-04                 0.0000     0.00   LINEAR
  176.00    0.00   4.228E-03   10.08  0.000E+00    0.00      2.24649E-04                 0.0000     0.00   LINEAR
  178.00    0.00   2.109E-03    9.40  0.000E+00    0.00      5.58843E-05                 0.0000     0.00   LINEAR
  180.00    0.00   7.392E-18    9.17  0.000E+00    0.00      6.86705E-34                 0.0000     0.00   LINEAR
  182.00    0.00   2.109E-03 -170.60  0.000E+00    0.00      5.58843E-05                 0.0000   180.00   LINEAR
  184.00    0.00   4.228E-03 -169.92  0.000E+00    0.00      2.24649E-04                 0.0000   180.00   LINEAR
  186.00    0.00   6.368E-03 -168.79  0.000E+00    0.00      5.09560E-04                 0.0000   180.00   LINEAR
  188.00    0.00   8.537E-03 -167.21  0.000E+00    0.00      9.15819E-04                 0.0000   180.00   LINEAR
  190.00    0.00   1.074E-02 -165.18  0.000E+00    0.00      1.45018E-03                 0.0000   180.00   LINEAR
  192.00    0.00   1.299E-02 -162.70  0.000E+00    0.00      2.12038E-03                 0.0000   180.00   LINEAR
  194.00    0.00   1.528E-02 -159.79  0.000E+00    0.00      2.93430E-03                 0.0000   180.00   LINEAR
  196.00    0.00   1.761E-02 -156.44  0.000E+00    0.00      3.89890E-03                 0.0000   180.00   LINEAR
  198.00    0.00   1.998E-02 -152.65  0.000E+00    0.00      5.01881E-03                 0.0000   180.00   LINEAR
  200.00    0.00   2.238E-02 -148.44  0.000E+00    0.00      6.29458E-03                 0.0000   180.00   LINEAR
  202.00    0.00   2.479E-02 -143.81  0.000E+00    0.00      7.72063E-03                 0.0000   180.00   LINEAR
  204.00    0.00   2.718E-02 -138.76  0.000E+00    0.00      9.28292E-03                 0.0000   180.00   LINEAR
  206.00    0.00   2.953E-02 -133.30  0.000E+00    0.00      1.09564E-02                 0.0000     0.00   LINEAR
  208.00    0.00   3.179E-02 -127.44  0.000E+00    0.00      1.27028E-02                 0.0000     0.00   LINEAR
  210.00    0.00   3.393E-02 -121.19  0.000E+00    0.00      1.44679E-02                 0.0000     0.00   LINEAR
  212.00    0.00   3.588E-02 -114.55  0.000E+00    0.00      1.61811E-02                 0.0000     0.00   LINEAR
  214.00    0.00   3.759E-02 -107.54  0.000E+00    0.00      1.77546E-02                 0.0000     0.00   LINEAR
  216.00    0.00   3.897E-02 -100.15  0.000E+00    0.00      1.90855E-02                 0.0000     0.00   LINEAR
  218.00    0.00   3.995E-02  -92.40  0.000E+00    0.00      2.00601E-02                 0.0000     0.00   LINEAR
  220.00    0.00   4.045E-02  -84.30  0.000E+00    0.00      2.05613E-02                 0.0000     0.00   LINEAR
  222.00    0.00   4.037E-02  -75.84  0.000E+00    0.00      2.04795E-02                 0.0000     0.00   LINEAR
  224.00    0.00   3.962E-02  -67.05  0.000E+00    0.00      1.97264E-02                 0.0000     0.00   LINEAR
  226.00    0.00   3.811E-02  -57.91  0.000E+00    0.00      1.82530E-02                 0.0000     0.00   LINEAR
  228.00    0.00   3.576E-02  -48.43  0.000E+00    0.00      1.60688E-02                 0.0000     0.00   LINEAR
  230.00    0.00   3.249E-02  -38.59  0.000E+00    0.00      1.32613E-02                 0.0000     0.00   LINEAR
  232.00    0.00   2.823E-02  -28.37  0.000E+00    0.00      1.00136E-02                 0.0000     0.00   LINEAR
  234.00    0.00   2.295E-02  -17.66  0.000E+00    0.00      6.61624E-03                 0.0000     0.00   LINEAR
  236.00    0.00   1.662E-02   -6.15  0.000E+00    0.00      3.47043E-03                 0.0000     0.00   LINEAR
  238.00    0.00   9.267E-03    7.60  0.000E+00    0.00      1.07925E-03                 0.0000     0.00   LINEAR
  240.00    0.00   1.383E-03   65.56  0.000E+00    0.00      2.40461E-05                 0.0000   180.00   LINEAR
  242.00    0.00   8.579E-03 -164.82  0.000E+00    0.00      9.24954E-04                 0.0000   180.00   LINEAR
  244.00    0.00   1.868E-02 -149.45  0.000E+00    0.00      4.38650E-03                 0.0000   180.00   LINEAR
  246.00    0.00   2.949E-02 -136.69  0.000E+00    0.00      1.09314E-02                 0.0000   180.00   LINEAR
  248.00    0.00   4.081E-02 -124.43  0.000E+00    0.00      2.09283E-02                 0.0000     0.00   LINEAR
  250.00    0.00   5.241E-02 -112.26  0.000E+00    0.00      3.45222E-02                 0.0000     0.00   LINEAR
  252.00    0.00   6.407E-02 -100.07  0.000E+00    0.00      5.15765E-02                 0.0000     0.00   LINEAR
  254.00    0.00   7.550E-02  -87.83  0.000E+00    0.00      7.16364E-02                 0.0000     0.00   LINEAR
  256.00    0.00   8.645E-02  -75.52  0.000E+00    0.00      9.39236E-02                 0.0000     0.00   LINEAR
  258.00    0.00   9.664E-02  -63.14  0.000E+00    0.00      1.17366E-01                 0.0000     0.00   LINEAR
  260.00    0.00   1.058E-01  -50.69  0.000E+00    0.00      1.40664E-01                 0.0000     0.00   LINEAR
  262.00    0.00   1.137E-01  -38.20  0.000E+00    0.00      1.62394E-01                 0.0000     0.00   LINEAR
  264.00    0.00   1.201E-01  -25.66  0.000E+00    0.00      1.81126E-01                 0.0000     0.00   LINEAR
  266.00    0.00   1.248E-01  -13.09  0.000E+00    0.00      1.95566E-01                 0.0000     0.00   LINEAR
  268.00    0.00   1.276E-01   -0.51  0.000E+00    0.00      2.04676E-01                 0.0000     0.00   LINEAR
  270.00    0.00   1.286E-01   12.07  0.000E+00    0.00      2.07790E-01                 0.0000     0.00   LINEAR
  272.00    0.00   1.276E-01   24.63  0.000E+00    0.00      2.04676E-01                 0.0000     0.00   LINEAR
  274.00    0.00   1.248E-01   37.17  0.000E+00    0.00      1.95566E-01                 0.0000     0.00   LINEAR
  276.00    0.00   1.201E-01   49.66  0.000E+00    0.00      1.81127E-01                 0.0000   180.00   LINEAR
  278.00    0.00   1.137E-01   62.08  0.000E+00    0.00      1.62394E-01                 0.0000   180.00   LINEAR
  280.00    0.00   1.058E-01   74.42  0.000E+00    0.00      1.40665E-01                 0.0000   180.00   LINEAR
  282.00    0.00   9.664E-02   86.66  0.000E+00    0.00      1.17366E-01                 0.0000   180.00   LINEAR
  284.00    0.00   8.645E-02   98.79  0.000E+00    0.00      9.39239E-02                 0.0000   180.00   LINEAR
  286.00    0.00   7.550E-02  110.77  0.000E+00    0.00      7.16367E-02                 0.0000   180.00   LINEAR
  288.00    0.00   6.407E-02  122.57  0.000E+00    0.00      5.15768E-02                 0.0000   180.00   LINEAR
  290.00    0.00   5.241E-02  134.17  0.000E+00    0.00      3.45224E-02                 0.0000   180.00   LINEAR
  292.00    0.00   4.081E-02  145.48  0.000E+00    0.00      2.09284E-02                 0.0000   180.00   LINEAR
  294.00    0.00   2.949E-02  156.36  0.000E+00    0.00      1.09314E-02                 0.0000   180.00   LINEAR
  296.00    0.00   1.868E-02  166.40  0.000E+00    0.00      4.38653E-03                 0.0000   180.00   LINEAR
  298.00    0.00   8.579E-03  173.43  0.000E+00    0.00      9.24959E-04                 0.0000   180.00   LINEAR
  300.00    0.00   1.383E-03   65.80  0.000E+00    0.00      2.40464E-05                 0.0000   180.00   LINEAR
  302.00    0.00   9.267E-03   29.40  0.000E+00    0.00      1.07927E-03                 0.0000     0.00   LINEAR
  304.00    0.00   1.662E-02   36.75  0.000E+00    0.00      3.47047E-03                 0.0000     0.00   LINEAR
  306.00    0.00   2.295E-02   45.84  0.000E+00    0.00      6.61632E-03                 0.0000   180.00   LINEAR
  308.00    0.00   2.823E-02   55.21  0.000E+00    0.00      1.00137E-02                 0.0000   180.00   LINEAR
  310.00    0.00   3.249E-02   64.53  0.000E+00    0.00      1.32615E-02                 0.0000   180.00   LINEAR
  312.00    0.00   3.576E-02   73.68  0.000E+00    0.00      1.60690E-02                 0.0000   180.00   LINEAR
  314.00    0.00   3.811E-02   82.59  0.000E+00    0.00      1.82532E-02                 0.0000   180.00   LINEAR
  316.00    0.00   3.962E-02   91.24  0.000E+00    0.00      1.97266E-02                 0.0000   180.00   LINEAR
  318.00    0.00   4.037E-02   99.59  0.000E+00    0.00      2.04798E-02                 0.0000   180.00   LINEAR
  320.00    0.00   4.045E-02  107.64  0.000E+00    0.00      2.05617E-02                 0.0000   180.00   LINEAR
  322.00    0.00   3.995E-02  115.36  0.000E+00    0.00      2.00604E-02                 0.0000   180.00   LINEAR
  324.00    0.00   3.897E-02  122.74  0.000E+00    0.00      1.90857E-02                 0.0000   180.00   LINEAR
  326.00    0.00   3.759E-02  129.78  0.000E+00    0.00      1.77548E-02                 0.0000   180.00   LINEAR
  328.00    0.00   3.588E-02  136.46  0.000E+00    0.00      1.61814E-02                 0.0000   180.00   LINEAR
  330.00    0.00   3.393E-02  142.78  0.000E+00    0.00      1.44681E-02                 0.0000   180.00   LINEAR
  332.00    0.00   3.179E-02  148.72  0.000E+00    0.00      1.27030E-02                 0.0000   180.00   LINEAR
  334.00    0.00   2.953E-02  154.28  0.000E+00    0.00      1.09566E-02                 0.0000   180.00   LINEAR
  336.00    0.00   2.718E-02  159.45  0.000E+00    0.00      9.28309E-03                 0.0000   180.00   LINEAR
  338.00    0.00   2.479E-02  164.23  0.000E+00    0.00      7.72077E-03                 0.0000   180.00   LINEAR
  340.00    0.00   2.238E-02  168.61  0.000E+00    0.00      6.29469E-03                 0.0000   180.00   LINEAR
  342.00    0.00   1.998E-02  172.58  0.000E+00    0.00      5.01890E-03                 0.0000   180.00   LINEAR
  344.00    0.00   1.761E-02  176.15  0.000E+00    0.00      3.89897E-03                 0.0000   180.00   LINEAR
  346.00    0.00   1.528E-02  179.31  0.000E+00    0.00      2.93435E-03                 0.0000   180.00   LINEAR
  348.00    0.00   1.299E-02 -177.95  0.000E+00    0.00      2.12042E-03                 0.0000   180.00   LINEAR
  350.00    0.00   1.074E-02 -175.63  0.000E+00    0.00      1.45021E-03                 0.0000   180.00   LINEAR
  352.00    0.00   8.537E-03 -173.72  0.000E+00    0.00      9.15837E-04                 0.0000   180.00   LINEAR
  354.00    0.00   6.368E-03 -172.24  0.000E+00    0.00      5.09570E-04                 0.0000   180.00   LINEAR
  356.00    0.00   4.228E-03 -171.18  0.000E+00    0.00      2.24653E-04                 0.0000   180.00   LINEAR
  358.00    0.00   2.109E-03 -170.54  0.000E+00    0.00      5.58853E-05                 0.0000   180.00   LINEAR
  360.00    0.00   1.478E-17 -170.33  0.000E+00    0.00      2.74687E-33                 0.0000   180.00   LINEAR