 0.00    0.00   8.456E-01 -128.49  1.458E-06   -3.74      8.98638E+00                 0.0000    -0.00   LINEAR
    2.00    0.00   8.391E-01 -116.10  6.737E-03   88.42      8.84834E+00                 0.0033    -0.42   LINEAR
    4.00    0.00   8.197E-01 -104.09  1.316E-02  100.05      8.44583E+00                 0.0066    -0.84   LINEAR
    6.00    0.00   7.882E-01  -92.49  1.899E-02  111.03      7.81219E+00                 0.0096    -1.27   LINEAR
    8.00    0.00   7.459E-01  -81.32  2.398E-02  121.38      6.99801E+00                 0.0124    -1.70   RIGHT 
   10.00    0.00   6.941E-01  -70.61  2.799E-02  131.13      6.06473E+00                 0.0149    -2.15   RIGHT 
   12.00    0.00   6.349E-01  -60.40  3.090E-02  140.32      5.07728E+00                 0.0172    -2.61   RIGHT 
   14.00    0.00   5.701E-01  -50.73  3.267E-02  149.06      4.09701E+00                 0.0193    -3.09   RIGHT 
   16.00    0.00   5.016E-01  -41.66  3.328E-02  157.51      3.17611E+00                 0.0217    -3.59   RIGHT 
   18.00    0.00   4.316E-01  -33.29  3.271E-02  165.90      2.35386E+00                 0.0248    -4.10   RIGHT 
   20.00    0.00   3.616E-01  -25.76  3.092E-02  174.56      1.65532E+00                 0.0295    -4.59   RIGHT 
   22.00    0.00   2.935E-01  -19.32  2.786E-02 -175.96      1.09189E+00                 0.0374    -4.99   RIGHT 
   24.00    0.00   2.286E-01  -14.46  2.349E-02 -164.64      6.63421E-01                 0.0507    -5.11   RIGHT 
   26.00    0.00   1.685E-01  -12.25  1.794E-02 -148.89      3.61038E-01                 0.0726    -4.45   RIGHT 
   28.00    0.00   1.157E-01  -15.28  1.208E-02 -120.21      1.70187E-01                 0.1008    -1.56   RIGHT 
   30.00    0.00   7.566E-02  -30.23  1.026E-02  -62.16      7.32587E-02                 0.0707     6.60   RIGHT 
   32.00    0.00   6.174E-02  -63.17  1.719E-02  -15.41      5.16070E-02                 0.1989    11.04   LEFT  
   34.00    0.00   7.810E-02  -89.93  2.856E-02    6.87      8.68946E-02                 0.3623    -2.85   LEFT  
   36.00    0.00   1.055E-01  -99.74  4.181E-02   20.89      1.61876E-01                 0.3260   -12.79   LEFT  
   38.00    0.00   1.327E-01 -101.53  5.604E-02   31.81      2.60817E-01                 0.2812   -17.60   LEFT  
   40.00    0.00   1.563E-01  -99.97  7.064E-02   41.26      3.69740E-01                 0.2497   -20.76   LEFT  
   42.00    0.00   1.752E-01  -96.86  8.503E-02   49.83      4.76638E-01                 0.2268   -23.35   LEFT  
   44.00    0.00   1.891E-01  -92.99  9.867E-02   57.78      5.71693E-01                 0.2091   -25.69   LEFT  
   46.00    0.00   1.980E-01  -88.75  1.111E-01   65.22      6.47511E-01                 0.1943   -27.90   LEFT  
   48.00    0.00   2.021E-01  -84.36  1.217E-01   72.20      6.99277E-01                 0.1816   -30.03   LEFT  
   50.00    0.00   2.017E-01  -79.96  1.304E-01   78.73      7.24796E-01                 0.1705   -32.11   LEFT  
   52.00    0.00   1.973E-01  -75.66  1.367E-01   84.79      7.24332E-01                 0.1607   -34.15   LEFT  
   54.00    0.00   1.896E-01  -71.54  1.407E-01   90.34      7.00274E-01                 0.1522   -36.16   LEFT  
   56.00    0.00   1.790E-01  -67.66  1.421E-01   95.36      6.56626E-01                 0.1452   -38.16   LEFT  
   58.00    0.00   1.663E-01  -64.08  1.413E-01   99.78      5.98416E-01                 0.1399   -40.15   LEFT  
   60.00    0.00   1.521E-01  -60.85  1.383E-01  103.54      5.31070E-01                 0.1364   -42.17   LEFT  
   62.00    0.00   1.370E-01  -58.04  1.335E-01  106.57      4.59853E-01                 0.1351   -44.21   LEFT  
   64.00    0.00   1.217E-01  -55.69  1.272E-01  108.77      3.89413E-01                 0.1363   -46.33   LEFT  
   66.00    0.00   1.065E-01  -53.85  1.200E-01  110.05      3.23484E-01                 0.1403   -48.55   LEFT  
   68.00    0.00   9.194E-02  -52.58  1.123E-01  110.33      2.64727E-01                 0.1472   -50.95   LEFT  
   70.00    0.00   7.833E-02  -51.89  1.046E-01  109.52      2.14721E-01                 0.1567   -53.61   LEFT  
   72.00    0.00   6.587E-02  -51.81  9.753E-02  107.61      1.74064E-01                 0.1676   -56.64   LEFT  
   74.00    0.00   5.469E-02  -52.31  9.139E-02  104.69      1.42535E-01                 0.1776   -60.12   LEFT  
   76.00    0.00   4.479E-02  -53.36  8.654E-02  100.95      1.19310E-01                 0.1829   -64.06   LEFT  
   78.00    0.00   3.611E-02  -54.84  8.310E-02   96.74      1.03172E-01                 0.1796   -68.36   LEFT  
   80.00    0.00   2.851E-02  -56.59  8.102E-02   92.47      9.27078E-02                 0.1653   -72.72   LEFT  
   82.00    0.00   2.180E-02  -58.42  8.004E-02   88.57      8.64833E-02                 0.1409   -76.87   LEFT  
   84.00    0.00   1.578E-02  -60.12  7.981E-02   85.32      8.31722E-02                 0.1092   -80.64   LEFT  
   86.00    0.00   1.025E-02  -61.45  7.996E-02   82.92      8.16575E-02                 0.0739   -84.02   LEFT  
   88.00    0.00   5.032E-03  -62.16  8.018E-02   81.47      8.10993E-02                 0.0371   -87.10   LEFT  
   90.00    0.00   5.326E-05   77.55  8.027E-02   80.98      8.09782E-02                 0.0000   -90.04   LINEAR
   92.00    0.00   5.113E-03  117.07  8.018E-02   81.47      8.11185E-02                 0.0370   -92.97   RIGHT 
   94.00    0.00   1.033E-02  118.17  7.997E-02   82.93      8.16958E-02                 0.0737   -96.06   RIGHT 
   96.00    0.00   1.585E-02  119.64  7.982E-02   85.33      8.32294E-02                 0.1090   -99.43   RIGHT 
   98.00    0.00   2.186E-02  121.40  8.006E-02   88.58      8.65594E-02                 0.1405  -103.19   RIGHT 
  100.00    0.00   2.856E-02  123.28  8.105E-02   92.48      9.28033E-02                 0.1649  -107.33   RIGHT 
  102.00    0.00   3.615E-02  125.07  8.314E-02   96.74      1.03288E-01                 0.1791  -111.68   RIGHT 
  104.00    0.00   4.483E-02  126.58  8.658E-02  100.95      1.19449E-01                 0.1824  -115.95   RIGHT 
  106.00    0.00   5.472E-02  127.64  9.144E-02  104.69      1.42700E-01                 0.1772  -119.89   RIGHT 
  108.00    0.00   6.590E-02  128.16  9.759E-02  107.62      1.74260E-01                 0.1673  -123.36   RIGHT 
  110.00    0.00   7.835E-02  128.09  1.047E-01  109.52      2.14955E-01                 0.1565  -126.38   RIGHT 
  112.00    0.00   9.196E-02  127.41  1.124E-01  110.32      2.65004E-01                 0.1472  -129.04   RIGHT 
  114.00    0.00   1.065E-01  126.14  1.201E-01  110.05      3.23813E-01                 0.1403  -131.43   RIGHT 
  116.00    0.00   1.217E-01  124.31  1.273E-01  108.76      3.89800E-01                 0.1364  -133.66   RIGHT 
  118.00    0.00   1.371E-01  121.96  1.336E-01  106.56      4.60301E-01                 0.1352  -135.77   RIGHT 
  120.00    0.00   1.521E-01  119.15  1.384E-01  103.53      5.31580E-01                 0.1365  -137.81   RIGHT 
  122.00    0.00   1.664E-01  115.93  1.414E-01   99.77      5.98984E-01                 0.1400  -139.82   RIGHT 
  124.00    0.00   1.791E-01  112.34  1.423E-01   95.35      6.57242E-01                 0.1454  -141.82   RIGHT 
  126.00    0.00   1.896E-01  108.46  1.408E-01   90.33      7.00919E-01                 0.1524  -143.82   RIGHT 
  128.00    0.00   1.974E-01  104.33  1.369E-01   84.77      7.24984E-01                 0.1608  -145.83   RIGHT 
  130.00    0.00   2.017E-01  100.03  1.305E-01   78.71      7.25422E-01                 0.1706  -147.87   RIGHT 
  132.00    0.00   2.021E-01   95.63  1.219E-01   72.18      6.99844E-01                 0.1818  -149.94   RIGHT 
  134.00    0.00   1.980E-01   91.23  1.112E-01   65.20      6.47985E-01                 0.1945  -152.07   RIGHT 
  136.00    0.00   1.891E-01   86.98  9.881E-02   57.75      5.72045E-01                 0.2092  -154.28   RIGHT 
  138.00    0.00   1.752E-01   83.11  8.516E-02   49.80      4.76847E-01                 0.2270  -156.61   RIGHT 
  140.00    0.00   1.563E-01   79.99  7.076E-02   41.23      3.69801E-01                 0.2499  -159.19   RIGHT 
  142.00    0.00   1.327E-01   78.42  5.614E-02   31.79      2.60741E-01                 0.2816  -162.35   RIGHT 
  144.00    0.00   1.054E-01   80.20  4.189E-02   20.86      1.61696E-01                 0.3267  -167.15   RIGHT 
  146.00    0.00   7.796E-02   90.02  2.861E-02    6.85      8.66605E-02                 0.3636  -177.12   RIGHT 
  148.00    0.00   6.158E-02  116.87  1.722E-02  -15.40      5.13837E-02                 0.1996   168.90   RIGHT 
  150.00    0.00   7.559E-02  149.87  1.026E-02  -62.13      7.31187E-02                 0.0710   173.40   LEFT  
  152.00    0.00   1.158E-01  164.80  1.208E-02 -120.31      1.70201E-01                 0.1007  -178.43   LEFT  
  154.00    0.00   1.686E-01  167.80  1.795E-02 -149.05      3.61265E-01                 0.0724  -175.54   LEFT  
  156.00    0.00   2.286E-01  165.56  2.352E-02 -164.81      6.63897E-01                 0.0504  -174.88   LEFT  
  158.00    0.00   2.935E-01  160.69  2.789E-02 -176.14      1.09263E+00                 0.0371  -175.00   LEFT  
  160.00    0.00   3.617E-01  154.24  3.096E-02  174.37      1.65628E+00                 0.0293  -175.40   LEFT  
  162.00    0.00   4.317E-01  146.71  3.275E-02  165.69      2.35498E+00                 0.0246  -175.89   LEFT  
  164.00    0.00   5.017E-01  138.33  3.331E-02  157.29      3.17731E+00                 0.0215  -176.41   LEFT  
  166.00    0.00   5.701E-01  129.26  3.269E-02  148.84      4.09820E+00                 0.0192  -176.91   LEFT  
  168.00    0.00   6.350E-01  119.59  3.091E-02  140.09      5.07835E+00                 0.0170  -177.39   LEFT  
  170.00    0.00   6.942E-01  109.37  2.800E-02  130.89      6.06561E+00                 0.0148  -177.85   LEFT  
  172.00    0.00   7.459E-01   98.66  2.399E-02  121.15      6.99864E+00                 0.0123  -178.30   LEFT  
  174.00    0.00   7.883E-01   87.49  1.898E-02  110.80      7.81256E+00                 0.0095  -178.73   LINEAR
  176.00    0.00   8.197E-01   75.89  1.316E-02   99.82      8.44598E+00                 0.0065  -179.16   LINEAR
  178.00    0.00   8.391E-01   63.88  6.734E-03   88.20      8.84833E+00                 0.0033  -179.58   LINEAR
  180.00    0.00   8.456E-01   51.49  2.842E-06 -152.21      8.98630E+00                 0.0000   180.00   LINEAR
  182.00    0.00   8.391E-01   38.74  6.738E-03 -116.98      8.84829E+00                 0.0033    -0.42   LINEAR
  184.00    0.00   8.197E-01   25.63  1.316E-02 -130.46      8.44590E+00                 0.0065    -0.84   LINEAR
  186.00    0.00   7.882E-01   12.18  1.899E-02 -144.53      7.81244E+00                 0.0095    -1.27   LINEAR
  188.00    0.00   7.459E-01   -1.62  2.399E-02 -159.13      6.99849E+00                 0.0123    -1.70   RIGHT 
  190.00    0.00   6.942E-01  -15.74  2.800E-02 -174.23      6.06543E+00                 0.0148    -2.15   RIGHT 
  192.00    0.00   6.349E-01  -30.21  3.092E-02  170.28      5.07815E+00                 0.0170    -2.61   RIGHT 
  194.00    0.00   5.701E-01  -45.04  3.269E-02  154.53      4.09800E+00                 0.0192    -3.09   RIGHT 
  196.00    0.00   5.017E-01  -60.26  3.331E-02  138.69      3.17711E+00                 0.0215    -3.59   RIGHT 
  198.00    0.00   4.316E-01  -75.94  3.275E-02  123.04      2.35479E+00                 0.0245    -4.11   RIGHT 
  200.00    0.00   3.617E-01  -92.18  3.096E-02  107.94      1.65611E+00                 0.0293    -4.60   RIGHT 
  202.00    0.00   2.935E-01 -109.21  2.789E-02   93.94      1.09248E+00                 0.0371    -5.00   RIGHT 
  204.00    0.00   2.286E-01 -127.50  2.351E-02   82.12      6.63783E-01                 0.0504    -5.12   RIGHT 
  206.00    0.00   1.686E-01 -148.05  1.795E-02   75.09      3.61186E-01                 0.0724   175.54   RIGHT 
  208.00    0.00   1.157E-01 -173.47  1.207E-02   81.42      1.70160E-01                 0.1006   178.43   RIGHT 
  210.00    0.00   7.559E-02  149.60  1.025E-02  117.64      7.31136E-02                 0.0708  -173.40   RIGHT 
  212.00    0.00   6.160E-02   95.04  1.722E-02  142.82      5.14129E-02                 0.1996  -168.92   LEFT  
  214.00    0.00   7.799E-02   47.12  2.861E-02  143.98      8.67207E-02                 0.3634   177.11   LEFT  
  216.00    0.00   1.054E-01   16.71  4.189E-02  137.38      1.61783E-01                 0.3266   -12.85   LEFT  
  218.00    0.00   1.327E-01   -5.16  5.614E-02  128.22      2.60850E-01                 0.2815   -17.65   LEFT  
  220.00    0.00   1.563E-01  -23.13  7.076E-02  118.12      3.69928E-01                 0.2499   -20.80   LEFT  
  222.00    0.00   1.752E-01  -38.99  8.516E-02  107.70      4.76986E-01                 0.2270   -23.38   LEFT  
  224.00    0.00   1.891E-01  -53.51  9.881E-02   97.26      5.72192E-01                 0.2092   -25.72   LEFT  
  226.00    0.00   1.980E-01  -67.04  1.112E-01   86.93      6.48137E-01                 0.1945   -27.92   LEFT  
  228.00    0.00   2.021E-01  -79.80  1.219E-01   76.76      6.99999E-01                 0.1818   -30.05   LEFT  
  230.00    0.00   2.017E-01  -91.90  1.305E-01   66.79      7.25575E-01                 0.1706   -32.13   LEFT  
  232.00    0.00   1.974E-01 -103.42  1.369E-01   57.02      7.25133E-01                 0.1608   -34.17   LEFT  
  234.00    0.00   1.896E-01 -114.43  1.408E-01   47.44      7.01063E-01                 0.1524   -36.18   LEFT  
  236.00    0.00   1.791E-01 -124.97  1.423E-01   38.04      6.57378E-01                 0.1454   -38.18   LEFT  
  238.00    0.00   1.664E-01 -135.08  1.414E-01   28.76      5.99111E-01                 0.1400   139.83   LEFT  
  240.00    0.00   1.522E-01 -144.81  1.384E-01   19.57      5.31697E-01                 0.1365   137.82   LEFT  
  242.00    0.00   1.371E-01 -154.18  1.336E-01   10.41      4.60405E-01                 0.1352   135.77   LEFT  
  244.00    0.00   1.217E-01 -163.25  1.273E-01    1.19      3.89891E-01                 0.1364   133.66   LEFT  
  246.00    0.00   1.065E-01 -172.05  1.201E-01   -8.15      3.23891E-01                 0.1404   131.44   LEFT  
  248.00    0.00   9.198E-02  179.40  1.124E-01  -17.69      2.65069E-01                 0.1472   129.04   LEFT  
  250.00    0.00   7.837E-02  171.07  1.047E-01  -27.51      2.15007E-01                 0.1566   126.38   LEFT  
  252.00    0.00   6.591E-02  162.96  9.760E-02  -37.60      1.74299E-01                 0.1674   123.37   LEFT  
  254.00    0.00   5.473E-02  155.09  9.145E-02  -47.87      1.42728E-01                 0.1773   119.90   LEFT  
  256.00    0.00   4.484E-02  147.52  8.658E-02  -58.12      1.19466E-01                 0.1826   115.96   LEFT  
  258.00    0.00   3.617E-02  140.36  8.314E-02  -67.98      1.03294E-01                 0.1793   111.68   LEFT  
  260.00    0.00   2.857E-02  133.79  8.105E-02  -77.04      9.28018E-02                 0.1651   107.33   LEFT  
  262.00    0.00   2.187E-02  127.99  8.006E-02  -84.88      8.65514E-02                 0.1407   103.19   LEFT  
  264.00    0.00   1.586E-02  123.18  7.982E-02  -91.20      8.32166E-02                 0.1092    99.43   LEFT  
  266.00    0.00   1.034E-02  119.55  7.996E-02  -95.79      8.16801E-02                 0.0740    96.06   LEFT  
  268.00    0.00   5.126E-03  117.23  8.017E-02  -98.56      8.11018E-02                 0.0373    92.97   LEFT  
  270.00    0.00   5.756E-05   98.99  8.027E-02  -99.49      8.09624E-02                 0.0002    90.04   LINEAR
  272.00    0.00   5.017E-03  -62.37  8.017E-02  -98.56      8.10862E-02                 0.0369    87.10   RIGHT 
  274.00    0.00   1.024E-02  -60.25  7.995E-02  -95.79      8.16489E-02                 0.0736    84.02   RIGHT 
  276.00    0.00   1.576E-02  -56.69  7.981E-02  -91.20      8.31699E-02                 0.1090    80.64   RIGHT 
  278.00    0.00   2.178E-02  -51.92  8.005E-02  -84.89      8.64889E-02                 0.1406    76.88   RIGHT 
  280.00    0.00   2.849E-02  -46.14  8.104E-02  -77.05      9.27229E-02                 0.1651    72.73   RIGHT 
  282.00    0.00   3.609E-02  -39.58  8.312E-02  -67.99      1.03198E-01                 0.1794    68.37   RIGHT 
  284.00    0.00   4.477E-02  -32.45  8.656E-02  -58.13      1.19349E-01                 0.1828    64.08   RIGHT 
  286.00    0.00   5.468E-02  -24.89  9.142E-02  -47.88      1.42587E-01                 0.1775    60.13   RIGHT 
  288.00    0.00   6.586E-02  -17.03  9.756E-02  -37.61      1.74130E-01                 0.1676    56.65   RIGHT 
  290.00    0.00   7.833E-02   -8.92  1.047E-01  -27.52      2.14803E-01                 0.1567    53.62   RIGHT 
  292.00    0.00   9.194E-02   -0.60  1.123E-01  -17.70      2.64824E-01                 0.1473    50.96   RIGHT 
  294.00    0.00   1.065E-01    7.95  1.200E-01   -8.15      3.23597E-01                 0.1404    48.56   RIGHT 
  296.00    0.00   1.217E-01   16.74  1.273E-01    1.19      3.89540E-01                 0.1364    46.33   RIGHT 
  298.00    0.00   1.371E-01   25.81  1.335E-01   10.41      4.59992E-01                 0.1352    44.22   RIGHT 
  300.00    0.00   1.521E-01   35.18  1.383E-01   19.57      5.31220E-01                 0.1365    42.17   RIGHT 
  302.00    0.00   1.663E-01   44.91  1.413E-01   28.76      5.98572E-01                 0.1399    40.16   RIGHT 
  304.00    0.00   1.790E-01   55.02  1.422E-01   38.04      6.56785E-01                 0.1453  -141.84   RIGHT 
  306.00    0.00   1.896E-01   65.57  1.407E-01   47.45      7.00430E-01                 0.1523  -143.84   RIGHT 
  308.00    0.00   1.974E-01   76.57  1.368E-01   57.03      7.24480E-01                 0.1607  -145.85   RIGHT 
  310.00    0.00   2.017E-01   88.10  1.304E-01   66.79      7.24930E-01                 0.1705  -147.89   RIGHT 
  312.00    0.00   2.021E-01  100.21  1.218E-01   76.77      6.99394E-01                 0.1816  -149.97   RIGHT 
  314.00    0.00   1.980E-01  112.97  1.111E-01   86.94      6.47605E-01                 0.1943  -152.10   RIGHT 
  316.00    0.00   1.891E-01  126.51  9.868E-02   97.27      5.71764E-01                 0.2090  -154.31   RIGHT 
  318.00    0.00   1.752E-01  141.03  8.504E-02  107.72      4.76685E-01                 0.2268  -156.65   RIGHT 
  320.00    0.00   1.563E-01  156.90  7.065E-02  118.13      3.69766E-01                 0.2496  -159.24   RIGHT 
  322.00    0.00   1.327E-01  174.88  5.605E-02  128.23      2.60823E-01                 0.2812  -162.40   RIGHT 
  324.00    0.00   1.055E-01 -163.24  4.181E-02  137.39      1.61869E-01                 0.3260  -167.20   RIGHT 
  326.00    0.00   7.809E-02 -132.84  2.856E-02  143.97      8.68805E-02                 0.3623     2.86   RIGHT 
  328.00    0.00   6.173E-02  -84.98  1.719E-02  142.79      5.15909E-02                 0.1989   -11.04   RIGHT 
  330.00    0.00   7.565E-02  -30.48  1.025E-02  117.60      7.32453E-02                 0.0707    -6.59   LEFT  
  332.00    0.00   1.157E-01    6.47  1.208E-02   81.53      1.70180E-01                 0.1008     1.56   LEFT  
  334.00    0.00   1.685E-01   31.91  1.794E-02   75.25      3.61038E-01                 0.0726     4.45   LEFT  
  336.00    0.00   2.286E-01   52.48  2.349E-02   82.30      6.63428E-01                 0.0507  -174.89   LEFT  
  338.00    0.00   2.935E-01   70.78  2.786E-02   94.13      1.09191E+00                 0.0373  -175.01   LEFT  
  340.00    0.00   3.616E-01   87.82  3.092E-02  108.13      1.65533E+00                 0.0295  -175.41   LEFT  
  342.00    0.00   4.316E-01  104.06  3.271E-02  123.25      2.35387E+00                 0.0248  -175.90   LEFT  
  344.00    0.00   5.016E-01  119.74  3.328E-02  138.92      3.17611E+00                 0.0217  -176.41   LEFT  
  346.00    0.00   5.701E-01  134.97  3.267E-02  154.76      4.09701E+00                 0.0193  -176.91   LEFT  
  348.00    0.00   6.349E-01  149.80  3.090E-02  170.52      5.07726E+00                 0.0172  -177.39   LEFT  
  350.00    0.00   6.941E-01  164.27  2.799E-02 -173.98      6.06471E+00                 0.0149  -177.85   LEFT  
  352.00    0.00   7.459E-01  178.40  2.398E-02 -158.88      6.99799E+00                 0.0124  -178.30   LEFT  
  354.00    0.00   7.882E-01 -167.81  1.898E-02 -144.27      7.81217E+00                 0.0096  -178.73   LINEAR
  356.00    0.00   8.197E-01 -154.35  1.316E-02 -130.20      8.44582E+00                 0.0066  -179.16   LINEAR
  358.00    0.00   8.391E-01 -141.24  6.736E-03 -116.70      8.84833E+00                 0.0033  -179.58   LINEAR
  360.00    0.00   8.456E-01 -128.49  1.458E-06   -3.74      8.98638E+00                 0.0000    -0.00   LINEAR