 0.00    0.00   5.607E-01   67.57  2.833E-06  -10.30      3.95091E+00                 0.0000  -180.00   LINEAR
    2.00    0.00   5.566E-01   80.07  8.395E-03    9.27      3.89395E+00                 0.0142  -179.72   RIGHT 
    4.00    0.00   5.444E-01   92.42  1.639E-02   21.80      3.72730E+00                 0.0284  -179.43   RIGHT 
    6.00    0.00   5.244E-01  104.60  2.362E-02   34.27      3.46294E+00                 0.0424  -179.13   RIGHT 
    8.00    0.00   4.973E-01  116.58  2.976E-02   46.67      3.11940E+00                 0.0562  -178.82   RIGHT 
   10.00    0.00   4.639E-01  128.35  3.452E-02   58.98      2.71986E+00                 0.0696  -178.49   RIGHT 
   12.00    0.00   4.252E-01  139.88  3.772E-02   71.18      2.28990E+00                 0.0826  -178.14   RIGHT 
   14.00    0.00   3.822E-01  151.13  3.924E-02   83.23      1.85507E+00                 0.0950  -177.77   RIGHT 
   16.00    0.00   3.361E-01  162.05  3.906E-02   95.12      1.43871E+00                 0.1067  -177.36   RIGHT 
   18.00    0.00   2.881E-01  172.59  3.722E-02  106.80      1.06023E+00                 0.1175  -176.93   RIGHT 
   20.00    0.00   2.393E-01 -177.36  3.386E-02  118.20      7.33892E-01                 0.1272  -176.45   RIGHT 
   22.00    0.00   1.908E-01 -167.98  2.917E-02  129.22      4.68337E-01                 0.1352  -175.93   RIGHT 
   24.00    0.00   1.438E-01 -159.66  2.339E-02  139.65      2.66670E-01                 0.1409  -175.35   RIGHT 
   26.00    0.00   9.915E-02 -153.34  1.682E-02  148.93      1.27087E-01                 0.1422  -174.72   RIGHT 
   28.00    0.00   5.826E-02 -152.33  9.782E-03  154.89      4.38543E-02                 0.1323  -174.10   RIGHT 
   30.00    0.00   2.581E-02 -175.65  3.016E-03  134.88      8.48529E-03                 0.0883  -175.62   RIGHT 
   32.00    0.00   2.900E-02  113.33  5.500E-03   30.47      1.09466E-02                 0.1881  -178.60   RIGHT 
   34.00    0.00   5.561E-02   98.34  1.228E-02   28.55      4.07620E-02                 0.2059  -175.44   RIGHT 
   36.00    0.00   8.153E-02   99.77  1.870E-02   35.36      8.79231E-02                 0.2047  -174.09   RIGHT 
   38.00    0.00   1.040E-01  104.82  2.446E-02   43.73      1.43556E-01                 0.2030  -173.24   RIGHT 
   40.00    0.00   1.228E-01  111.01  2.940E-02   52.50      2.00338E-01                 0.2009  -172.57   RIGHT 
   42.00    0.00   1.378E-01  117.59  3.345E-02   61.29      2.52677E-01                 0.1982  -172.01   RIGHT 
   44.00    0.00   1.492E-01  124.24  3.656E-02   69.95      2.96706E-01                 0.1947  -171.54   RIGHT 
   46.00    0.00   1.574E-01  130.80  3.872E-02   78.40      3.30132E-01                 0.1905  -171.14   RIGHT 
   48.00    0.00   1.625E-01  137.21  3.998E-02   86.59      3.52002E-01                 0.1854  -170.81   RIGHT 
   50.00    0.00   1.650E-01  143.40  4.039E-02   94.47      3.62417E-01                 0.1798  -170.55   RIGHT 
   52.00    0.00   1.650E-01  149.35  4.005E-02  102.03      3.62253E-01                 0.1736  -170.36   RIGHT 
   54.00    0.00   1.630E-01  155.04  3.904E-02  109.24      3.52886E-01                 0.1670  -170.24   RIGHT 
   56.00    0.00   1.592E-01  160.46  3.749E-02  116.08      3.35972E-01                 0.1601  -170.19   RIGHT 
   58.00    0.00   1.538E-01  165.59  3.550E-02  122.53      3.13255E-01                 0.1531  -170.20   RIGHT 
   60.00    0.00   1.473E-01  170.44  3.317E-02  128.57      2.86439E-01                 0.1461  -170.27   RIGHT 
   62.00    0.00   1.397E-01  174.99  3.062E-02  134.18      2.57083E-01                 0.1393  -170.39   RIGHT 
   64.00    0.00   1.313E-01  179.25  2.794E-02  139.33      2.26553E-01                 0.1329  -170.57   RIGHT 
   66.00    0.00   1.223E-01 -176.80  2.520E-02  144.00      1.95993E-01                 0.1269  -170.78   RIGHT 
   68.00    0.00   1.128E-01 -173.16  2.250E-02  148.16      1.66319E-01                 0.1217  -171.02   RIGHT 
   70.00    0.00   1.030E-01 -169.82  1.989E-02  151.78      1.38235E-01                 0.1172  -171.27   RIGHT 
   72.00    0.00   9.290E-02 -166.79  1.742E-02  154.81      1.12255E-01                 0.1140  -171.53   RIGHT 
   74.00    0.00   8.265E-02 -164.07  1.514E-02  157.23      8.87294E-02                 0.1122  -171.76   RIGHT 
   76.00    0.00   7.232E-02 -161.67  1.308E-02  158.99      6.78791E-02                 0.1124  -171.94   RIGHT 
   78.00    0.00   6.195E-02 -159.59  1.126E-02  160.07      4.98238E-02                 0.1154  -172.00   RIGHT 
   80.00    0.00   5.157E-02 -157.83  9.717E-03  160.46      3.46103E-02                 0.1229  -171.87   RIGHT 
   82.00    0.00   4.121E-02 -156.38  8.450E-03  160.22      2.22373E-02                 0.1378  -171.36   RIGHT 
   84.00    0.00   3.087E-02 -155.26  7.468E-03  159.51      1.26757E-02                 0.1668  -170.05   RIGHT 
   86.00    0.00   2.056E-02 -154.47  6.771E-03  158.61      5.88620E-03                 0.2284  -166.61   RIGHT 
   88.00    0.00   1.026E-02 -154.01  6.356E-03  157.85      1.83160E-03                 0.3820  -153.36   RIGHT 
   90.00    0.00   2.029E-05   61.67  6.219E-03  157.55      4.85991E-04                 0.0032   -89.98   LINEAR
   92.00    0.00   1.030E-02   26.12  6.356E-03  157.85      1.84010E-03                 0.3823   -26.51   LEFT  
   94.00    0.00   2.059E-02   25.60  6.771E-03  158.60      5.90304E-03                 0.2284   -13.35   LEFT  
   96.00    0.00   3.090E-02   24.78  7.467E-03  159.50      1.27005E-02                 0.1667    -9.93   LEFT  
   98.00    0.00   4.124E-02   23.65  8.450E-03  160.21      2.22695E-02                 0.1378    -8.63   LEFT  
  100.00    0.00   5.160E-02   22.20  9.717E-03  160.45      3.46492E-02                 0.1229    -8.12   LEFT  
  102.00    0.00   6.198E-02   20.43  1.126E-02  160.06      4.98682E-02                 0.1155    -7.99   LEFT  
  104.00    0.00   7.235E-02   18.34  1.308E-02  158.98      6.79278E-02                 0.1124    -8.06   LEFT  
  106.00    0.00   8.268E-02   15.94  1.514E-02  157.22      8.87808E-02                 0.1122    -8.23   LEFT  
  108.00    0.00   9.292E-02   13.22  1.742E-02  154.81      1.12307E-01                 0.1140    -8.47   LEFT  
  110.00    0.00   1.030E-01   10.20  1.989E-02  151.77      1.38286E-01                 0.1173    -8.72   LEFT  
  112.00    0.00   1.128E-01    6.86  2.250E-02  148.15      1.66366E-01                 0.1217    -8.98   LEFT  
  114.00    0.00   1.223E-01    3.21  2.520E-02  143.99      1.96033E-01                 0.1270    -9.22   LEFT  
  116.00    0.00   1.313E-01   -0.74  2.794E-02  139.32      2.26584E-01                 0.1329    -9.43   LEFT  
  118.00    0.00   1.397E-01   -5.00  3.062E-02  134.18      2.57100E-01                 0.1394    -9.61   LEFT  
  120.00    0.00   1.473E-01   -9.55  3.318E-02  128.57      2.86441E-01                 0.1462    -9.73   LEFT  
  122.00    0.00   1.538E-01  -14.40  3.550E-02  122.54      3.13239E-01                 0.1531    -9.80   LEFT  
  124.00    0.00   1.591E-01  -19.53  3.750E-02  116.09      3.35934E-01                 0.1601    -9.81   LEFT  
  126.00    0.00   1.629E-01  -24.95  3.905E-02  109.25      3.52827E-01                 0.1670    -9.76   LEFT  
  128.00    0.00   1.650E-01  -30.64  4.005E-02  102.04      3.62171E-01                 0.1736    -9.64   LEFT  
  130.00    0.00   1.649E-01  -36.59  4.040E-02   94.48      3.62314E-01                 0.1798    -9.45   LEFT  
  132.00    0.00   1.625E-01  -42.78  3.999E-02   86.60      3.51880E-01                 0.1855    -9.19   LEFT  
  134.00    0.00   1.574E-01  -49.18  3.873E-02   78.42      3.29996E-01                 0.1906    -8.86   LEFT  
  136.00    0.00   1.492E-01  -55.74  3.657E-02   69.98      2.96562E-01                 0.1948    -8.47   LEFT  
  138.00    0.00   1.378E-01  -62.38  3.346E-02   61.32      2.52534E-01                 0.1984    -7.99   LEFT  
  140.00    0.00   1.227E-01  -68.95  2.942E-02   52.54      2.00207E-01                 0.2011    -7.44   LEFT  
  142.00    0.00   1.040E-01  -75.13  2.447E-02   43.79      1.43447E-01                 0.2032    -6.77   LEFT  
  144.00    0.00   8.149E-02  -80.16  1.872E-02   35.44      8.78492E-02                 0.2050    -5.92   LEFT  
  146.00    0.00   5.559E-02  -81.53  1.230E-02   28.67      4.07354E-02                 0.2064    -4.56   LEFT  
  148.00    0.00   2.904E-02  -66.41  5.530E-03   30.71      1.09785E-02                 0.1889    -1.40   LEFT  
  150.00    0.00   2.596E-02    4.30  3.024E-03  134.14      8.58498E-03                 0.0889    -4.30   LEFT  
  152.00    0.00   5.838E-02   27.56  9.768E-03  154.65      4.40281E-02                 0.1321    -5.87   LEFT  
  154.00    0.00   9.925E-02   26.57  1.680E-02  148.80      1.27338E-01                 0.1420    -5.26   LEFT  
  156.00    0.00   1.439E-01   20.27  2.337E-02  139.56      2.66996E-01                 0.1408    -4.63   LEFT  
  158.00    0.00   1.909E-01   11.96  2.914E-02  129.15      4.68732E-01                 0.1351    -4.06   LEFT  
  160.00    0.00   2.394E-01    2.59  3.384E-02  118.13      7.34348E-01                 0.1271    -3.54   LEFT  
  162.00    0.00   2.881E-01   -7.45  3.720E-02  106.74      1.06073E+00                 0.1174    -3.07   LEFT  
  164.00    0.00   3.362E-01  -17.99  3.904E-02   95.07      1.43925E+00                 0.1066    -2.63   LEFT  
  166.00    0.00   3.823E-01  -28.91  3.922E-02   83.19      1.85563E+00                 0.0949    -2.23   LEFT  
  168.00    0.00   4.253E-01  -40.16  3.770E-02   71.13      2.29047E+00                 0.0825    -1.86   LEFT  
  170.00    0.00   4.640E-01  -51.68  3.450E-02   58.94      2.72044E+00                 0.0695    -1.51   LEFT  
  172.00    0.00   4.974E-01  -63.45  2.974E-02   46.63      3.11998E+00                 0.0561    -1.18   LEFT  
  174.00    0.00   5.245E-01  -75.43  2.361E-02   34.23      3.46354E+00                 0.0424    -0.87   LEFT  
  176.00    0.00   5.444E-01  -87.61  1.638E-02   21.76      3.72792E+00                 0.0284    -0.57   LEFT  
  178.00    0.00   5.566E-01  -99.96  8.389E-03    9.24      3.89459E+00                 0.0142    -0.28   LEFT  
  180.00    0.00   5.608E-01 -112.46  7.453E-07  116.98      3.95159E+00                 0.0000    -0.00   LINEAR
  182.00    0.00   5.567E-01 -125.10  8.389E-03  164.08      3.89479E+00                 0.0142     0.28   RIGHT 
  184.00    0.00   5.444E-01 -137.87  1.638E-02  151.50      3.72830E+00                 0.0284  -179.43   RIGHT 
  186.00    0.00   5.245E-01 -150.75  2.361E-02  138.91      3.46407E+00                 0.0424  -179.13   RIGHT 
  188.00    0.00   4.974E-01 -163.72  2.974E-02  126.35      3.12064E+00                 0.0561  -178.82   RIGHT 
  190.00    0.00   4.641E-01 -176.79  3.450E-02  113.81      2.72117E+00                 0.0695  -178.49   RIGHT 
  192.00    0.00   4.253E-01  170.04  3.770E-02  101.32      2.29124E+00                 0.0825  -178.15   RIGHT 
  194.00    0.00   3.823E-01  156.79  3.922E-02   88.87      1.85639E+00                 0.0949  -177.77   RIGHT 
  196.00    0.00   3.363E-01  143.42  3.903E-02   76.45      1.43996E+00                 0.1066  -177.37   RIGHT 
  198.00    0.00   2.882E-01  129.90  3.719E-02   64.07      1.06137E+00                 0.1174  -176.93   RIGHT 
  200.00    0.00   2.394E-01  116.17  3.383E-02   51.68      7.34882E-01                 0.1270  -176.46   RIGHT 
  202.00    0.00   1.910E-01  102.06  2.914E-02   39.20      4.69156E-01                 0.1351  -175.94   RIGHT 
  204.00    0.00   1.440E-01   87.22  2.336E-02   26.45      2.67307E-01                 0.1407  -175.38   RIGHT 
  206.00    0.00   9.933E-02   70.73  1.680E-02   12.87      1.27541E-01                 0.1420  -174.75   RIGHT 
  208.00    0.00   5.845E-02   49.33  9.765E-03   -3.75      4.41360E-02                 0.1322  -174.17   RIGHT 
  210.00    0.00   2.600E-02    4.18  3.036E-03  -46.56      8.61348E-03                 0.0899     4.26   RIGHT 
  212.00    0.00   2.899E-02  -88.12  5.547E-03 -170.88      1.09456E-02                 0.1897     1.43   RIGHT 
  214.00    0.00   5.553E-02 -124.41  1.231E-02  165.89      4.06591E-02                 0.2066     4.59   RIGHT 
  216.00    0.00   8.144E-02 -143.65  1.873E-02  152.01      8.77464E-02                 0.2052  -174.06   RIGHT 
  218.00    0.00   1.040E-01 -158.71  2.448E-02  140.26      1.43333E-01                 0.2033  -173.21   RIGHT 
  220.00    0.00   1.227E-01 -172.07  2.943E-02  129.46      2.00091E-01                 0.2011  -172.55   RIGHT 
  222.00    0.00   1.377E-01  175.51  3.347E-02  119.25      2.52426E-01                 0.1983  -172.00   RIGHT 
  224.00    0.00   1.492E-01  163.76  3.657E-02  109.51      2.96467E-01                 0.1948  -171.53   RIGHT 
  226.00    0.00   1.573E-01  152.54  3.873E-02  100.17      3.29917E-01                 0.1905  -171.13   RIGHT 
  228.00    0.00   1.625E-01  141.79  3.999E-02   91.19      3.51817E-01                 0.1855  -170.80   RIGHT 
  230.00    0.00   1.649E-01  131.48  4.040E-02   82.57      3.62266E-01                 0.1798  -170.54   RIGHT 
  232.00    0.00   1.650E-01  121.60  4.006E-02   74.30      3.62137E-01                 0.1736  -170.36   RIGHT 
  234.00    0.00   1.629E-01  112.16  3.905E-02   66.37      3.52804E-01                 0.1670  -170.24   RIGHT 
  236.00    0.00   1.591E-01  103.15  3.750E-02   58.78      3.35921E-01                 0.1601  -170.18   RIGHT 
  238.00    0.00   1.538E-01   94.59  3.550E-02   51.53      3.13232E-01                 0.1531  -170.20   RIGHT 
  240.00    0.00   1.473E-01   86.48  3.318E-02   44.61      2.86438E-01                 0.1461  -170.27   RIGHT 
  242.00    0.00   1.397E-01   78.84  3.062E-02   38.02      2.57100E-01                 0.1394  -170.40   RIGHT 
  244.00    0.00   1.313E-01   71.68  2.794E-02   31.75      2.26585E-01                 0.1329  -170.57   RIGHT 
  246.00    0.00   1.223E-01   65.01  2.520E-02   25.78      1.96035E-01                 0.1270  -170.78   RIGHT 
  248.00    0.00   1.128E-01   58.83  2.250E-02   20.11      1.66368E-01                 0.1217  -171.02   RIGHT 
  250.00    0.00   1.030E-01   53.15  1.988E-02   14.71      1.38287E-01                 0.1173  -171.28   RIGHT 
  252.00    0.00   9.292E-02   48.00  1.741E-02    9.55      1.12307E-01                 0.1141  -171.54   RIGHT 
  254.00    0.00   8.268E-02   43.36  1.513E-02    4.60      8.87804E-02                 0.1123     8.23   RIGHT 
  256.00    0.00   7.235E-02   39.26  1.307E-02   -0.16      6.79268E-02                 0.1125     8.05   RIGHT 
  258.00    0.00   6.198E-02   35.69  1.126E-02   -4.75      4.98668E-02                 0.1156     7.98   RIGHT 
  260.00    0.00   5.160E-02   32.66  9.715E-03   -9.18      3.46476E-02                 0.1231     8.11   RIGHT 
  262.00    0.00   4.124E-02   30.18  8.448E-03  -13.37      2.22678E-02                 0.1380     8.61   RIGHT 
  264.00    0.00   3.090E-02   28.26  7.467E-03  -17.16      1.26990E-02                 0.1671     9.91   RIGHT 
  266.00    0.00   2.059E-02   26.89  6.771E-03  -20.27      5.90188E-03                 0.2290    13.32   RIGHT 
  268.00    0.00   1.029E-02   26.13  6.356E-03  -22.35      1.83945E-03                 0.3840    26.46   RIGHT 
  270.00    0.00   2.761E-05   86.33  6.219E-03  -23.08      4.86013E-04                 0.0042    90.08   LINEAR
  272.00    0.00   1.027E-02 -154.14  6.356E-03  -22.35      1.83249E-03                 0.3825   153.39   LEFT  
  274.00    0.00   2.056E-02 -153.24  6.771E-03  -20.26      5.88818E-03                 0.2287   166.64   LEFT  
  276.00    0.00   3.087E-02 -151.83  7.467E-03  -17.15      1.26790E-02                 0.1670   170.07   LEFT  
  278.00    0.00   4.121E-02 -149.88  8.449E-03  -13.36      2.22422E-02                 0.1379   171.37   LEFT  
  280.00    0.00   5.158E-02 -147.39  9.715E-03   -9.17      3.46173E-02                 0.1230   171.88   LEFT  
  282.00    0.00   6.196E-02 -144.35  1.126E-02   -4.75      4.98333E-02                 0.1155   172.01   LEFT  
  284.00    0.00   7.233E-02 -140.78  1.307E-02   -0.15      6.78915E-02                 0.1124   171.94   LEFT  
  286.00    0.00   8.266E-02 -136.67  1.513E-02    4.61      8.87455E-02                 0.1122   171.77   LEFT  
  288.00    0.00   9.290E-02 -132.03  1.742E-02    9.55      1.12275E-01                 0.1140    -8.47   LEFT  
  290.00    0.00   1.030E-01 -126.87  1.989E-02   14.71      1.38261E-01                 0.1173    -8.72   LEFT  
  292.00    0.00   1.128E-01 -121.19  2.250E-02   20.11      1.66350E-01                 0.1217    -8.98   LEFT  
  294.00    0.00   1.223E-01 -115.01  2.520E-02   25.78      1.96031E-01                 0.1270    -9.22   LEFT  
  296.00    0.00   1.313E-01 -108.33  2.794E-02   31.74      2.26598E-01                 0.1329    -9.43   LEFT  
  298.00    0.00   1.397E-01 -101.17  3.062E-02   38.01      2.57135E-01                 0.1393    -9.61   LEFT  
  300.00    0.00   1.473E-01  -93.53  3.318E-02   44.60      2.86499E-01                 0.1461    -9.73   LEFT  
  302.00    0.00   1.539E-01  -85.42  3.550E-02   51.52      3.13323E-01                 0.1531    -9.80   LEFT  
  304.00    0.00   1.592E-01  -76.86  3.750E-02   58.77      3.36046E-01                 0.1601    -9.81   LEFT  
  306.00    0.00   1.630E-01  -67.86  3.905E-02   66.36      3.52967E-01                 0.1669    -9.76   LEFT  
  308.00    0.00   1.650E-01  -58.41  4.006E-02   74.29      3.62338E-01                 0.1735    -9.64   LEFT  
  310.00    0.00   1.650E-01  -48.53  4.040E-02   82.56      3.62505E-01                 0.1798    -9.45   LEFT  
  312.00    0.00   1.625E-01  -38.22  3.999E-02   91.17      3.52089E-01                 0.1854    -9.19   LEFT  
  314.00    0.00   1.574E-01  -27.47  3.873E-02  100.14      3.30215E-01                 0.1905    -8.87   LEFT  
  316.00    0.00   1.493E-01  -16.25  3.657E-02  109.48      2.96782E-01                 0.1947    -8.47   LEFT  
  318.00    0.00   1.378E-01   -4.51  3.347E-02  119.22      2.52744E-01                 0.1982    -7.99   LEFT  
  320.00    0.00   1.228E-01    7.90  2.942E-02  129.41      2.00392E-01                 0.2009    -7.44   LEFT  
  322.00    0.00   1.041E-01   21.24  2.447E-02  140.20      1.43597E-01                 0.2030    -6.78   LEFT  
  324.00    0.00   8.154E-02   36.28  1.871E-02  151.93      8.79514E-02                 0.2048    -5.92   LEFT  
  326.00    0.00   5.562E-02   55.46  1.229E-02  165.75      4.07809E-02                 0.2061   175.42   LEFT  
  328.00    0.00   2.901E-02   91.56  5.522E-03 -171.16      1.09613E-02                 0.1887   178.57   LEFT  
  330.00    0.00   2.584E-02 -175.92  3.021E-03  -45.87      8.50366E-03                 0.0890   175.66   LEFT  
  332.00    0.00   5.828E-02 -130.61  9.773E-03   -3.51      4.38859E-02                 0.1324    -5.88   LEFT  
  334.00    0.00   9.917E-02 -109.20  1.681E-02   13.01      1.27143E-01                 0.1422    -5.27   LEFT  
  336.00    0.00   1.438E-01  -92.72  2.338E-02   26.55      2.66761E-01                 0.1409    -4.64   LEFT  
  338.00    0.00   1.909E-01  -77.89  2.915E-02   39.28      4.68471E-01                 0.1352    -4.07   LEFT  
  340.00    0.00   2.393E-01  -63.79  3.385E-02   51.75      7.34076E-01                 0.1271    -3.55   LEFT  
  342.00    0.00   2.881E-01  -50.06  3.721E-02   64.13      1.06046E+00                 0.1175    -3.07   LEFT  
  344.00    0.00   3.361E-01  -36.55  3.905E-02   76.51      1.43899E+00                 0.1067    -2.63   LEFT  
  346.00    0.00   3.822E-01  -23.18  3.923E-02   88.92      1.85538E+00                 0.0950    -2.23   LEFT  
  348.00    0.00   4.252E-01   -9.92  3.771E-02  101.37      2.29023E+00                 0.0825    -1.86   LEFT  
  350.00    0.00   4.640E-01    3.24  3.451E-02  113.86      2.72019E+00                 0.0696    -1.51   LEFT  
  352.00    0.00   4.974E-01   16.31  2.975E-02  126.39      3.11970E+00                 0.0562    -1.18   LEFT  
  354.00    0.00   5.244E-01   29.28  2.362E-02  138.96      3.46320E+00                 0.0424    -0.87   LEFT  
  356.00    0.00   5.444E-01   42.16  1.639E-02  151.54      3.72749E+00                 0.0284    -0.57   LEFT  
  358.00    0.00   5.566E-01   54.93  8.390E-03  164.13      3.89404E+00                 0.0142   179.72   LEFT  
  360.00    0.00   5.607E-01   67.57  2.833E-06  -10.30      3.95091E+00                 0.0000  -180.00   LINEAR