  0.00    0.00   1.718E-01   16.42  1.835E-08 -105.77      3.70982E-01                 0.0000    -0.00   LINEAR
    2.00    0.00   1.706E-01   28.98  5.718E-07   10.87      3.65601E-01                 0.0000     0.00   LINEAR
    4.00    0.00   1.669E-01   41.50  1.119E-06   24.27      3.49839E-01                 0.0000     0.00   LINEAR
    6.00    0.00   1.608E-01   53.97  1.610E-06   37.05      3.24817E-01                 0.0000  -180.00   LINEAR
    8.00    0.00   1.525E-01   66.37  2.022E-06   49.64      2.92276E-01                 0.0000  -180.00   LINEAR
   10.00    0.00   1.423E-01   78.68  2.335E-06   62.10      2.54404E-01                 0.0000  -180.00   LINEAR
   12.00    0.00   1.304E-01   90.88  2.535E-06   74.44      2.13622E-01                 0.0000  -180.00   LINEAR
   14.00    0.00   1.171E-01  102.96  2.616E-06   86.67      1.72365E-01                 0.0000  -180.00   LINEAR
   16.00    0.00   1.028E-01  114.88  2.577E-06   98.77      1.32874E-01                 0.0000  -180.00   LINEAR
   18.00    0.00   8.787E-02  126.63  2.423E-06  110.71      9.70222E-02                 0.0000  -180.00   LINEAR
   20.00    0.00   7.258E-02  138.15  2.163E-06  122.47      6.62048E-02                 0.0000  -180.00   LINEAR
   22.00    0.00   5.731E-02  149.37  1.815E-06  134.00      4.12759E-02                 0.0000  -180.00   LINEAR
   24.00    0.00   4.236E-02  160.18  1.396E-06  145.21      2.25530E-02                 0.0000  -180.00   LINEAR
   26.00    0.00   2.802E-02  170.19  9.265E-07  155.84      9.86847E-03                 0.0000  -180.00   LINEAR
   28.00    0.00   1.455E-02  177.87  4.295E-07  164.48      2.66081E-03                 0.0000  -180.00   LINEAR
   30.00    0.00   2.627E-03  153.58  8.471E-08   24.95      8.67384E-05                 0.0000   180.00   LINEAR
   32.00    0.00   9.528E-03   36.84  5.703E-07   14.50      1.14074E-03                 0.0000     0.00   LINEAR
   34.00    0.00   1.948E-02   41.72  1.032E-06   23.42      4.76710E-03                 0.0000     0.00   LINEAR
   36.00    0.00   2.815E-02   50.20  1.449E-06   33.12      9.95480E-03                 0.0000  -180.00   LINEAR
   38.00    0.00   3.547E-02   59.26  1.810E-06   42.85      1.58089E-02                 0.0000  -180.00   LINEAR
   40.00    0.00   4.146E-02   68.38  2.107E-06   52.42      2.15960E-02                 0.0000  -180.00   LINEAR
   42.00    0.00   4.615E-02   77.37  2.336E-06   61.77      2.67656E-02                 0.0000  -180.00   LINEAR
   44.00    0.00   4.963E-02   86.15  2.496E-06   70.86      3.09503E-02                 0.0000  -180.00   LINEAR
   46.00    0.00   5.198E-02   94.67  2.588E-06   79.66      3.39493E-02                 0.0000  -180.00   LINEAR
   48.00    0.00   5.330E-02  102.92  2.617E-06   88.16      3.57033E-02                 0.0000  -180.00   LINEAR
   50.00    0.00   5.372E-02  110.86  2.589E-06   96.34      3.62621E-02                 0.0000  -180.00   LINEAR
   52.00    0.00   5.334E-02  118.48  2.510E-06  104.18      3.57526E-02                 0.0000  -180.00   LINEAR
   54.00    0.00   5.228E-02  125.77  2.388E-06  111.67      3.43489E-02                 0.0000  -180.00   LINEAR
   56.00    0.00   5.066E-02  132.71  2.233E-06  118.80      3.22463E-02                 0.0000  -180.00   LINEAR
   58.00    0.00   4.857E-02  139.31  2.051E-06  125.56      2.96418E-02                 0.0000  -180.00   LINEAR
   60.00    0.00   4.611E-02  145.54  1.852E-06  131.93      2.67190E-02                 0.0000  -180.00   LINEAR
   62.00    0.00   4.337E-02  151.40  1.642E-06  137.90      2.36394E-02                 0.0000  -180.00   LINEAR
   64.00    0.00   4.043E-02  156.88  1.427E-06  143.46      2.05374E-02                 0.0000  -180.00   LINEAR
   66.00    0.00   3.734E-02  161.98  1.215E-06  148.58      1.75190E-02                 0.0000  -180.00   LINEAR
   68.00    0.00   3.416E-02  166.69  1.008E-06  153.23      1.46636E-02                 0.0000  -180.00   LINEAR
   70.00    0.00   3.094E-02  171.01  8.115E-07  157.38      1.20260E-02                 0.0000  -180.00   LINEAR
   72.00    0.00   2.770E-02  174.93  6.284E-07  160.94      9.64096E-03                 0.0000  -180.00   LINEAR
   74.00    0.00   2.447E-02  178.44  4.610E-07  163.78      7.52688E-03                 0.0000  -180.00   LINEAR
   76.00    0.00   2.128E-02 -178.45  3.112E-07  165.53      5.68996E-03                 0.0000  -180.00   LINEAR
   78.00    0.00   1.812E-02 -175.75  1.804E-07  165.02      4.12779E-03                 0.0000  -180.00   LINEAR
   80.00    0.00   1.501E-02 -173.46  7.114E-08  154.94      2.83260E-03                 0.0000  -180.00   LINEAR
   82.00    0.00   1.195E-02 -171.58  3.535E-08   41.57      1.79382E-03                 0.0000   180.00   LINEAR
   84.00    0.00   8.922E-03 -170.12  1.001E-07   13.02      1.00026E-03                 0.0000   180.00   LINEAR
   86.00    0.00   5.929E-03 -169.07  1.502E-07    9.25      4.41678E-04                 0.0000   180.00   LINEAR
   88.00    0.00   2.958E-03 -168.45  1.806E-07    8.26      1.09978E-04                 0.0000   180.00   LINEAR
   90.00    0.00   3.319E-08  127.03  1.907E-07    8.01      4.70760E-13                 0.1511    94.94   RIGHT 
   92.00    0.00   2.958E-03   11.55  1.804E-07    8.13      1.09975E-04                 0.0000     0.00   LINEAR
   94.00    0.00   5.929E-03   10.93  1.498E-07    8.94      4.41674E-04                 0.0000     0.00   LINEAR
   96.00    0.00   8.922E-03    9.88  9.931E-08   12.38      1.00026E-03                 0.0000     0.00   LINEAR
   98.00    0.00   1.195E-02    8.42  3.378E-08   40.39      1.79382E-03                 0.0000     0.00   LINEAR
  100.00    0.00   1.501E-02    6.54  7.133E-08  156.60      2.83259E-03                 0.0000    -0.00   LINEAR
  102.00    0.00   1.812E-02    4.26  1.813E-07  165.72      4.12778E-03                 0.0000    -0.00   LINEAR
  104.00    0.00   2.128E-02    1.55  3.124E-07  165.95      5.68994E-03                 0.0000    -0.00   LINEAR
  106.00    0.00   2.447E-02   -1.56  4.627E-07  164.06      7.52687E-03                 0.0000    -0.00   LINEAR
  108.00    0.00   2.770E-02   -5.07  6.305E-07  161.13      9.64094E-03                 0.0000    -0.00   LINEAR
  110.00    0.00   3.094E-02   -8.99  8.142E-07  157.50      1.20260E-02                 0.0000    -0.00   LINEAR
  112.00    0.00   3.416E-02  -13.31  1.011E-06  153.31      1.46636E-02                 0.0000    -0.00   LINEAR
  114.00    0.00   3.734E-02  -18.02  1.218E-06  148.61      1.75190E-02                 0.0000    -0.00   LINEAR
  116.00    0.00   4.043E-02  -23.12  1.432E-06  143.46      2.05373E-02                 0.0000    -0.00   LINEAR
  118.00    0.00   4.337E-02  -28.60  1.647E-06  137.87      2.36394E-02                 0.0000    -0.00   LINEAR
  120.00    0.00   4.611E-02  -34.46  1.858E-06  131.87      2.67190E-02                 0.0000    -0.00   LINEAR
  122.00    0.00   4.857E-02  -40.69  2.058E-06  125.47      2.96418E-02                 0.0000    -0.00   LINEAR
  124.00    0.00   5.066E-02  -47.29  2.241E-06  118.68      3.22463E-02                 0.0000    -0.00   LINEAR
  126.00    0.00   5.228E-02  -54.23  2.397E-06  111.52      3.43488E-02                 0.0000    -0.00   LINEAR
  128.00    0.00   5.334E-02  -61.52  2.520E-06  104.00      3.57526E-02                 0.0000    -0.00   LINEAR
  130.00    0.00   5.372E-02  -69.14  2.600E-06   96.12      3.62621E-02                 0.0000    -0.00   LINEAR
  132.00    0.00   5.330E-02  -77.08  2.630E-06   87.91      3.57033E-02                 0.0000    -0.00   LINEAR
  134.00    0.00   5.198E-02  -85.33  2.602E-06   79.37      3.39493E-02                 0.0000    -0.00   LINEAR
  136.00    0.00   4.963E-02  -93.85  2.511E-06   70.51      3.09503E-02                 0.0000    -0.00   LINEAR
  138.00    0.00   4.615E-02 -102.63  2.353E-06   61.35      2.67656E-02                 0.0000    -0.00   LINEAR
  140.00    0.00   4.146E-02 -111.62  2.125E-06   51.91      2.15960E-02                 0.0000    -0.00   LINEAR
  142.00    0.00   3.547E-02 -120.73  1.829E-06   42.20      1.58088E-02                 0.0000    -0.00   LINEAR
  144.00    0.00   2.815E-02 -129.80  1.468E-06   32.25      9.95479E-03                 0.0000    -0.00   LINEAR
  146.00    0.00   1.948E-02 -138.28  1.052E-06   22.11      4.76709E-03                 0.0000   180.00   LINEAR
  148.00    0.00   9.528E-03 -143.16  5.910E-07   12.00      1.14074E-03                 0.0000   180.00   LINEAR
  150.00    0.00   2.627E-03  -26.42  9.976E-08    5.94      8.67417E-05                 0.0000     0.00   LINEAR
  152.00    0.00   1.455E-02   -2.13  4.054E-07  167.90      2.66081E-03                 0.0000    -0.00   LINEAR
  154.00    0.00   2.802E-02   -9.81  9.030E-07  157.48      9.86849E-03                 0.0000    -0.00   LINEAR
  156.00    0.00   4.236E-02  -19.82  1.372E-06  146.31      2.25530E-02                 0.0000    -0.00   LINEAR
  158.00    0.00   5.731E-02  -30.63  1.792E-06  134.84      4.12759E-02                 0.0000    -0.00   LINEAR
  160.00    0.00   7.258E-02  -41.85  2.141E-06  123.17      6.62048E-02                 0.0000    -0.00   LINEAR
  162.00    0.00   8.787E-02  -53.37  2.401E-06  111.32      9.70222E-02                 0.0000    -0.00   LINEAR
  164.00    0.00   1.028E-01  -65.12  2.557E-06   99.33      1.32874E-01                 0.0000    -0.00   LINEAR
  166.00    0.00   1.171E-01  -77.04  2.598E-06   87.21      1.72365E-01                 0.0000    -0.00   LINEAR
  168.00    0.00   1.304E-01  -89.12  2.518E-06   74.98      2.13622E-01                 0.0000    -0.00   LINEAR
  170.00    0.00   1.423E-01 -101.32  2.319E-06   62.66      2.54404E-01                 0.0000    -0.00   LINEAR
  172.00    0.00   1.525E-01 -113.63  2.008E-06   50.27      2.92276E-01                 0.0000    -0.00   LINEAR
  174.00    0.00   1.608E-01 -126.03  1.599E-06   37.82      3.24816E-01                 0.0000    -0.00   LINEAR
  176.00    0.00   1.669E-01 -138.50  1.109E-06   25.36      3.49838E-01                 0.0000   180.00   LINEAR
  178.00    0.00   1.706E-01 -151.02  5.641E-07   12.96      3.65600E-01                 0.0000   180.00   LINEAR
  180.00    0.00   1.718E-01 -163.58  1.082E-08  163.25      3.70981E-01                 0.0000  -180.00   LINEAR
  182.00    0.00   1.706E-01 -176.17  5.854E-07  167.21      3.65594E-01                 0.0000  -180.00   LINEAR
  184.00    0.00   1.668E-01  171.24  1.132E-06  154.80      3.49826E-01                 0.0000  -180.00   LINEAR
  186.00    0.00   1.608E-01  158.66  1.624E-06  142.33      3.24799E-01                 0.0000  -180.00   LINEAR
  188.00    0.00   1.525E-01  146.10  2.038E-06  129.88      2.92255E-01                 0.0000  -180.00   LINEAR
  190.00    0.00   1.423E-01  133.57  2.353E-06  117.47      2.54381E-01                 0.0000  -180.00   LINEAR
  192.00    0.00   1.304E-01  121.08  2.556E-06  105.14      2.13599E-01                 0.0000  -180.00   LINEAR
  194.00    0.00   1.171E-01  108.66  2.641E-06   92.90      1.72344E-01                 0.0000  -180.00   LINEAR
  196.00    0.00   1.028E-01   96.29  2.605E-06   80.76      1.32855E-01                 0.0000  -180.00   LINEAR
  198.00    0.00   8.786E-02   83.98  2.453E-06   68.73      9.70070E-02                 0.0000  -180.00   LINEAR
  200.00    0.00   7.258E-02   71.72  2.196E-06   56.85      6.61932E-02                 0.0000  -180.00   LINEAR
  202.00    0.00   5.731E-02   59.47  1.848E-06   45.10      4.12680E-02                 0.0000  -180.00   LINEAR
  204.00    0.00   4.236E-02   47.12  1.429E-06   33.52      2.25482E-02                 0.0000  -180.00   LINEAR
  206.00    0.00   2.802E-02   34.34  9.588E-07   22.11      9.86621E-03                 0.0000     0.00   LINEAR
  208.00    0.00   1.455E-02   19.62  4.588E-07   10.85      2.66012E-03                 0.0000     0.00   LINEAR
  210.00    0.00   2.627E-03  -26.67  4.954E-08 -178.94      8.66965E-05                 0.0000    -0.00   LINEAR
  212.00    0.00   9.527E-03 -164.96  5.464E-07  169.29      1.14046E-03                 0.0000  -180.00   LINEAR
  214.00    0.00   1.947E-02  178.82  1.014E-06  158.70      4.76583E-03                 0.0000  -180.00   LINEAR
  216.00    0.00   2.814E-02  166.70  1.438E-06  148.38      9.95197E-03                 0.0000  -180.00   LINEAR
  218.00    0.00   3.546E-02  155.68  1.807E-06  138.34      1.58041E-02                 0.0000  -180.00   LINEAR
  220.00    0.00   4.145E-02  145.26  2.113E-06  128.56      2.15892E-02                 0.0000  -180.00   LINEAR
  222.00    0.00   4.614E-02  135.27  2.351E-06  119.07      2.67569E-02                 0.0000  -180.00   LINEAR
  224.00    0.00   4.962E-02  125.65  2.520E-06  109.87      3.09397E-02                 0.0000  -180.00   LINEAR
  226.00    0.00   5.197E-02  116.39  2.622E-06  100.97      3.39374E-02                 0.0000  -180.00   LINEAR
  228.00    0.00   5.329E-02  107.49  2.660E-06   92.40      3.56903E-02                 0.0000  -180.00   LINEAR
  230.00    0.00   5.371E-02   98.93  2.641E-06   84.15      3.62484E-02                 0.0000  -180.00   LINEAR
  232.00    0.00   5.333E-02   90.72  2.571E-06   76.23      3.57388E-02                 0.0000  -180.00   LINEAR
  234.00    0.00   5.227E-02   82.87  2.458E-06   68.66      3.43352E-02                 0.0000  -180.00   LINEAR
  236.00    0.00   5.065E-02   75.40  2.311E-06   61.45      3.22332E-02                 0.0000  -180.00   LINEAR
  238.00    0.00   4.856E-02   68.29  2.137E-06   54.60      2.96295E-02                 0.0000  -180.00   LINEAR
  240.00    0.00   4.610E-02   61.57  1.945E-06   48.12      2.67077E-02                 0.0000  -180.00   LINEAR
  242.00    0.00   4.336E-02   55.24  1.741E-06   42.03      2.36292E-02                 0.0000  -180.00   LINEAR
  244.00    0.00   4.042E-02   49.30  1.532E-06   36.32      2.05283E-02                 0.0000  -180.00   LINEAR
  246.00    0.00   3.733E-02   43.78  1.325E-06   31.01      1.75112E-02                 0.0000     0.00   LINEAR
  248.00    0.00   3.415E-02   38.66  1.123E-06   26.10      1.46569E-02                 0.0000     0.00   LINEAR
  250.00    0.00   3.093E-02   33.96  9.302E-07   21.60      1.20205E-02                 0.0000     0.00   LINEAR
  252.00    0.00   2.769E-02   29.70  7.504E-07   17.52      9.63648E-03                 0.0000     0.00   LINEAR
  254.00    0.00   2.447E-02   25.86  5.858E-07   13.87      7.52335E-03                 0.0000     0.00   LINEAR
  256.00    0.00   2.127E-02   22.46  4.381E-07   10.66      5.68726E-03                 0.0000     0.00   LINEAR
  258.00    0.00   1.812E-02   19.50  3.086E-07    7.91      4.12583E-03                 0.0000     0.00   LINEAR
  260.00    0.00   1.501E-02   16.99  1.982E-07    5.67      2.83124E-03                 0.0000     0.00   LINEAR
  262.00    0.00   1.194E-02   14.94  1.075E-07    4.10      1.79296E-03                 0.0000     0.00   LINEAR
  264.00    0.00   8.920E-03   13.33  3.669E-08    4.32      9.99779E-04                 0.0000     0.00   LINEAR
  266.00    0.00   5.927E-03   12.19  1.415E-08  173.46      4.41465E-04                 0.0000    -0.00   LINEAR
  268.00    0.00   2.958E-03   11.50  4.459E-08  177.53      1.09925E-04                 0.0000    -0.00   LINEAR
  270.00    0.00   3.017E-08   10.49  5.489E-08  177.62      4.92954E-14                 0.0949   -61.53   LEFT  
  272.00    0.00   2.958E-03 -168.50  4.497E-08  177.19      1.09921E-04                 0.0000  -180.00   LINEAR
  274.00    0.00   5.927E-03 -167.81  1.496E-08  171.70      4.41456E-04                 0.0000  -180.00   LINEAR
  276.00    0.00   8.920E-03 -166.67  3.564E-08    5.66      9.99766E-04                 0.0000   180.00   LINEAR
  278.00    0.00   1.194E-02 -165.06  1.060E-07    4.63      1.79294E-03                 0.0000   180.00   LINEAR
  280.00    0.00   1.501E-02 -163.01  1.964E-07    5.98      2.83122E-03                 0.0000   180.00   LINEAR
  282.00    0.00   1.812E-02 -160.50  3.065E-07    8.11      4.12580E-03                 0.0000   180.00   LINEAR
  284.00    0.00   2.127E-02 -157.54  4.356E-07   10.79      5.68724E-03                 0.0000   180.00   LINEAR
  286.00    0.00   2.447E-02 -154.14  5.830E-07   13.94      7.52332E-03                 0.0000   180.00   LINEAR
  288.00    0.00   2.769E-02 -150.30  7.473E-07   17.55      9.63645E-03                 0.0000   180.00   LINEAR
  290.00    0.00   3.093E-02 -146.04  9.268E-07   21.59      1.20204E-02                 0.0000   180.00   LINEAR
  292.00    0.00   3.415E-02 -141.34  1.119E-06   26.05      1.46569E-02                 0.0000   180.00   LINEAR
  294.00    0.00   3.733E-02 -136.22  1.321E-06   30.93      1.75112E-02                 0.0000   180.00   LINEAR
  296.00    0.00   4.042E-02 -130.70  1.528E-06   36.21      2.05283E-02                 0.0000    -0.00   LINEAR
  298.00    0.00   4.336E-02 -124.76  1.736E-06   41.89      2.36291E-02                 0.0000    -0.00   LINEAR
  300.00    0.00   4.610E-02 -118.43  1.940E-06   47.96      2.67076E-02                 0.0000    -0.00   LINEAR
  302.00    0.00   4.856E-02 -111.71  2.132E-06   54.41      2.96295E-02                 0.0000    -0.00   LINEAR
  304.00    0.00   5.065E-02 -104.60  2.306E-06   61.23      3.22332E-02                 0.0000    -0.00   LINEAR
  306.00    0.00   5.227E-02  -97.13  2.453E-06   68.41      3.43352E-02                 0.0000    -0.00   LINEAR
  308.00    0.00   5.333E-02  -89.28  2.565E-06   75.95      3.57388E-02                 0.0000    -0.00   LINEAR
  310.00    0.00   5.371E-02  -81.07  2.635E-06   83.83      3.62485E-02                 0.0000    -0.00   LINEAR
  312.00    0.00   5.329E-02  -72.51  2.654E-06   92.04      3.56903E-02                 0.0000    -0.00   LINEAR
  314.00    0.00   5.197E-02  -63.61  2.616E-06  100.56      3.39374E-02                 0.0000    -0.00   LINEAR
  316.00    0.00   4.962E-02  -54.35  2.513E-06  109.39      3.09398E-02                 0.0000    -0.00   LINEAR
  318.00    0.00   4.614E-02  -44.73  2.344E-06  118.51      2.67569E-02                 0.0000    -0.00   LINEAR
  320.00    0.00   4.145E-02  -34.74  2.106E-06  127.89      2.15892E-02                 0.0000    -0.00   LINEAR
  322.00    0.00   3.546E-02  -24.32  1.800E-06  137.50      1.58042E-02                 0.0000    -0.00   LINEAR
  324.00    0.00   2.814E-02  -13.30  1.431E-06  147.28      9.95199E-03                 0.0000    -0.00   LINEAR
  326.00    0.00   1.947E-02   -1.18  1.007E-06  157.07      4.76583E-03                 0.0000    -0.00   LINEAR
  328.00    0.00   9.527E-03   15.04  5.391E-07  166.15      1.14045E-03                 0.0000    -0.00   LINEAR
  330.00    0.00   2.627E-03  153.34  5.055E-08  144.67      8.66928E-05                 0.0000  -180.00   LINEAR
  332.00    0.00   1.455E-02 -160.38  4.682E-07   14.58      2.66012E-03                 0.0000   180.00   LINEAR
  334.00    0.00   2.802E-02 -145.66  9.677E-07   23.91      9.86623E-03                 0.0000   180.00   LINEAR
  336.00    0.00   4.236E-02 -132.88  1.438E-06   34.73      2.25483E-02                 0.0000    -0.00   LINEAR
  338.00    0.00   5.731E-02 -120.53  1.857E-06   46.02      4.12681E-02                 0.0000    -0.00   LINEAR
  340.00    0.00   7.258E-02 -108.28  2.204E-06   57.60      6.61934E-02                 0.0000    -0.00   LINEAR
  342.00    0.00   8.786E-02  -96.02  2.460E-06   69.39      9.70072E-02                 0.0000    -0.00   LINEAR
  344.00    0.00   1.028E-01  -83.71  2.611E-06   81.35      1.32855E-01                 0.0000    -0.00   LINEAR
  346.00    0.00   1.171E-01  -71.34  2.647E-06   93.46      1.72345E-01                 0.0000    -0.00   LINEAR
  348.00    0.00   1.304E-01  -58.92  2.561E-06  105.69      2.13600E-01                 0.0000    -0.00   LINEAR
  350.00    0.00   1.423E-01  -46.43  2.356E-06  118.05      2.54382E-01                 0.0000    -0.00   LINEAR
  352.00    0.00   1.525E-01  -33.90  2.040E-06  130.51      2.92256E-01                 0.0000    -0.00   LINEAR
  354.00    0.00   1.608E-01  -21.34  1.625E-06  143.10      3.24800E-01                 0.0000    -0.00   LINEAR
  356.00    0.00   1.668E-01   -8.76  1.131E-06  155.88      3.49827E-01                 0.0000    -0.00   LINEAR
  358.00    0.00   1.706E-01    3.83  5.823E-07  169.26      3.65594E-01                 0.0000    -0.00   LINEAR
  360.00    0.00   1.718E-01   16.42  1.835E-08 -105.77      3.70982E-01                 0.0000    -0.00   LINEAR