 0.00    0.00   6.660E-01  128.69  8.511E-06  -26.51      5.57409E+00                 0.0000   180.00   LINEAR
    2.00    0.00   6.605E-01  141.20  2.838E-02   -4.38      5.49198E+00                 0.0243   177.97   RIGHT 
    4.00    0.00   6.441E-01  153.56  5.544E-02    8.10      5.25129E+00                 0.0486   175.94   RIGHT 
    6.00    0.00   6.173E-01  165.75  7.994E-02   20.50      4.86927E+00                 0.0730   173.89   RIGHT 
    8.00    0.00   5.812E-01  177.75  1.008E-01   32.80      4.37269E+00                 0.0976   171.84   RIGHT 
   10.00    0.00   5.370E-01 -170.47  1.170E-01   44.97      3.79519E+00                 0.1224   169.78   RIGHT 
   12.00    0.00   4.860E-01 -158.94  1.279E-01   56.99      3.17410E+00                 0.1476   167.70   RIGHT 
   14.00    0.00   4.301E-01 -147.71  1.331E-01   68.82      2.54695E+00                 0.1732   165.59   RIGHT 
   16.00    0.00   3.708E-01 -136.84  1.324E-01   80.42      1.94832E+00                 0.1993   -16.54   RIGHT 
   18.00    0.00   3.101E-01 -126.41  1.258E-01   91.72      1.40720E+00                 0.2262   -18.70   RIGHT 
   20.00    0.00   2.495E-01 -116.57  1.138E-01  102.62      9.45112E-01                 0.2540   -20.88   RIGHT 
   22.00    0.00   1.907E-01 -107.58  9.696E-02  112.91      5.75216E-01                 0.2834   -23.10   RIGHT 
   24.00    0.00   1.352E-01 -100.04  7.603E-02  122.14      3.02289E-01                 0.3154   -25.32   RIGHT 
   26.00    0.00   8.436E-02  -95.72  5.208E-02  128.94      1.23518E-01                 0.3534   -27.41   RIGHT 
   28.00    0.00   4.073E-02 -102.90  2.682E-02  126.64      2.98910E-02                 0.4075   -28.24   RIGHT 
   30.00    0.00   2.185E-02 -169.51  1.248E-02   55.54      7.95384E-03                 0.3400   154.93   RIGHT 
   32.00    0.00   4.640E-02  152.34  3.411E-02   14.16      4.16819E-02                 0.3593   146.38   RIGHT 
   34.00    0.00   7.363E-02  150.04  6.059E-02   15.16      1.14257E-01                 0.4046   142.77   RIGHT 
   36.00    0.00   9.624E-02  153.56  8.611E-02   21.57      2.09578E-01                 0.4413   139.73   RIGHT 
   38.00    0.00   1.138E-01  158.50  1.095E-01   29.35      3.13408E-01                 0.4748   136.71   RIGHT 
   40.00    0.00   1.265E-01  163.73  1.302E-01   37.53      4.14111E-01                 0.5069   133.60   RIGHT 
   42.00    0.00   1.350E-01  168.81  1.476E-01   45.74      5.02997E-01                 0.5382   130.34   RIGHT 
   44.00    0.00   1.400E-01  173.54  1.616E-01   53.82      5.74328E-01                 0.5689   126.90   RIGHT 
   46.00    0.00   1.421E-01  177.81  1.719E-01   61.66      6.25066E-01                 0.5988   123.23   RIGHT 
   48.00    0.00   1.419E-01 -178.40  1.787E-01   69.22      6.54449E-01                 0.6278   -60.70   RIGHT 
   50.00    0.00   1.402E-01 -175.10  1.821E-01   76.43      6.63481E-01                 0.6555   -64.92   RIGHT 
   52.00    0.00   1.373E-01 -172.27  1.823E-01   83.26      6.54402E-01                 0.6815   -69.46   RIGHT 
   54.00    0.00   1.337E-01 -169.84  1.796E-01   89.67      6.30201E-01                 0.7053   -74.34   RIGHT 
   56.00    0.00   1.297E-01 -167.74  1.746E-01   95.63      5.94198E-01                 0.7264   -79.53   RIGHT 
   58.00    0.00   1.253E-01 -165.91  1.675E-01  101.10      5.49716E-01                 0.7445   -84.96   RIGHT 
   60.00    0.00   1.206E-01 -164.25  1.588E-01  106.04      4.99849E-01                 0.7596   -90.52   RIGHT 
   62.00    0.00   1.157E-01 -162.72  1.490E-01  110.41      4.47309E-01                 0.7718   -96.03   RIGHT 
   64.00    0.00   1.104E-01 -161.26  1.385E-01  114.18      3.94357E-01                 0.7819  -101.26   RIGHT 
   66.00    0.00   1.048E-01 -159.84  1.277E-01  117.29      3.42779E-01                 0.7910  -105.96   RIGHT 
   68.00    0.00   9.860E-02 -158.46  1.169E-01  119.69      2.93912E-01                 0.8003  -109.83   RIGHT 
   70.00    0.00   9.192E-02 -157.12  1.065E-01  121.35      2.48690E-01                 0.8111  -112.46   RIGHT 
   72.00    0.00   8.469E-02 -155.82  9.673E-02  122.23      2.07711E-01                 0.8235  -113.22   RIGHT 
   74.00    0.00   7.691E-02 -154.59  8.784E-02  122.34      1.71303E-01                 0.8352  -111.08   RIGHT 
   76.00    0.00   6.861E-02 -153.44  8.001E-02  121.70      1.39589E-01                 0.8367  -105.06   RIGHT 
   78.00    0.00   5.980E-02 -152.40  7.335E-02  120.41      1.12548E-01                 0.8105   -96.71   RIGHT 
   80.00    0.00   5.056E-02 -151.49  6.791E-02  118.65      9.00701E-02                 0.7446   -90.22   RIGHT 
   82.00    0.00   4.094E-02 -150.72  6.366E-02  116.65      7.19953E-02                 0.6414   -87.12   RIGHT 
   84.00    0.00   3.101E-02 -150.11  6.055E-02  114.69      5.81517E-02                 0.5086   -86.41   RIGHT 
   86.00    0.00   2.085E-02 -149.69  5.844E-02  113.05      4.83806E-02                 0.3531   -87.05   RIGHT 
   88.00    0.00   1.053E-02 -149.52  5.723E-02  111.97      4.25557E-02                 0.1819   -88.39   RIGHT 
   90.00    0.00   1.415E-04 -165.11  5.684E-02  111.59      4.05971E-02                 0.0025   -90.02   LINEAR
   92.00    0.00   1.026E-02   30.90  5.723E-02  111.97      4.24776E-02                 0.1770   -91.65   LEFT  
   94.00    0.00   2.058E-02   30.52  5.843E-02  113.05      4.82262E-02                 0.3485   -92.98   LEFT  
   96.00    0.00   3.075E-02   30.03  6.053E-02  114.69      5.79249E-02                 0.5043   -93.63   LEFT  
   98.00    0.00   4.069E-02   29.39  6.364E-02  116.65      7.17011E-02                 0.6376   -92.95   LEFT  
  100.00    0.00   5.032E-02   28.60  6.788E-02  118.66      8.97151E-02                 0.7412   -89.90   LEFT  
  102.00    0.00   5.957E-02   27.67  7.332E-02  120.43      1.12140E-01                 0.8080   -83.53   LEFT  
  104.00    0.00   6.838E-02   26.62  7.997E-02  121.72      1.39135E-01                 0.8350   -75.26   LEFT  
  106.00    0.00   7.671E-02   25.46  8.780E-02  122.37      1.70812E-01                 0.8341   -69.22   LEFT  
  108.00    0.00   8.450E-02   24.22  9.668E-02  122.27      2.07190E-01                 0.8226   -67.00   LEFT  
  110.00    0.00   9.174E-02   22.92  1.064E-01  121.39      2.48144E-01                 0.8102   -67.69   LEFT  
  112.00    0.00   9.843E-02   21.57  1.169E-01  119.73      2.93345E-01                 0.7994   -70.27   LEFT  
  114.00    0.00   1.046E-01   20.19  1.276E-01  117.33      3.42194E-01                 0.7901   -74.08   LEFT  
  116.00    0.00   1.103E-01   18.77  1.385E-01  114.23      3.93752E-01                 0.7811   -78.74   LEFT  
  118.00    0.00   1.156E-01   17.30  1.490E-01  110.47      4.46682E-01                 0.7711   -83.93   LEFT  
  120.00    0.00   1.205E-01   15.77  1.588E-01  106.10      4.99195E-01                 0.7590   -89.41   LEFT  
  122.00    0.00   1.252E-01   14.11  1.674E-01  101.16      5.49031E-01                 0.7441   -94.96   LEFT  
  124.00    0.00   1.295E-01   12.27  1.745E-01   95.69      5.93478E-01                 0.7261  -100.39   LEFT  
  126.00    0.00   1.336E-01   10.18  1.796E-01   89.73      6.29443E-01                 0.7052  -105.57   LEFT  
  128.00    0.00   1.372E-01    7.76  1.822E-01   83.33      6.53609E-01                 0.6815  -110.45   LEFT  
  130.00    0.00   1.400E-01    4.92  1.820E-01   76.50      6.62660E-01                 0.6557  -115.01   LEFT  
  132.00    0.00   1.418E-01    1.63  1.786E-01   69.30      6.53614E-01                 0.6281  -119.24   LEFT  
  134.00    0.00   1.419E-01   -2.15  1.719E-01   61.75      6.24237E-01                 0.5991    56.82   LEFT  
  136.00    0.00   1.398E-01   -6.41  1.615E-01   53.91      5.73533E-01                 0.5692    53.14   LEFT  
  138.00    0.00   1.349E-01  -11.13  1.476E-01   45.83      5.02267E-01                 0.5386    49.68   LEFT  
  140.00    0.00   1.264E-01  -16.20  1.301E-01   37.63      4.13479E-01                 0.5072    46.41   LEFT  
  142.00    0.00   1.137E-01  -21.41  1.095E-01   29.46      3.12903E-01                 0.4751    43.29   LEFT  
  144.00    0.00   9.618E-02  -26.33  8.602E-02   21.69      2.09221E-01                 0.4414    40.25   LEFT  
  146.00    0.00   7.360E-02  -29.81  6.049E-02   15.32      1.14058E-01                 0.4046    37.18   LEFT  
  148.00    0.00   4.643E-02  -27.44  3.403E-02   14.41      4.16363E-02                 0.3592    33.51   LEFT  
  150.00    0.00   2.199E-02   10.69  1.250E-02   56.24      8.03962E-03                 0.3427    24.82   LEFT  
  152.00    0.00   4.081E-02   76.94  2.697E-02  126.73      3.00703E-02                 0.4104  -151.72   LEFT  
  154.00    0.00   8.438E-02   84.21  5.222E-02  129.00      1.23740E-01                 0.3550  -152.54   LEFT  
  156.00    0.00   1.352E-01   79.93  7.617E-02  122.20      3.02494E-01                 0.3166  -154.65   LEFT  
  158.00    0.00   1.907E-01   72.41  9.711E-02  112.98      5.75346E-01                 0.2843  -156.87   LEFT  
  160.00    0.00   2.494E-01   63.43  1.140E-01  102.70      9.45114E-01                 0.2548  -159.10   LEFT  
  162.00    0.00   3.100E-01   53.60  1.260E-01   91.80      1.40704E+00                 0.2268  -161.29   LEFT  
  164.00    0.00   3.707E-01   43.18  1.325E-01   80.50      1.94798E+00                 0.1999  -163.45   LEFT  
  166.00    0.00   4.300E-01   32.31  1.333E-01   68.91      2.54643E+00                 0.1736    14.42   LEFT  
  168.00    0.00   4.859E-01   21.08  1.281E-01   57.08      3.17343E+00                 0.1480    12.31   LEFT  
  170.00    0.00   5.369E-01    9.56  1.171E-01   45.06      3.79443E+00                 0.1227    10.23   LEFT  
  172.00    0.00   5.811E-01   -2.22  1.009E-01   32.89      4.37189E+00                 0.0978     8.16   LEFT  
  174.00    0.00   6.173E-01  -14.22  8.000E-02   20.60      4.86850E+00                 0.0732     6.11   LEFT  
  176.00    0.00   6.440E-01  -26.41  5.548E-02    8.20      5.25062E+00                 0.0487     4.07   LEFT  
  178.00    0.00   6.604E-01  -38.77  2.840E-02   -4.28      5.49147E+00                 0.0243     2.03   LEFT  
  180.00    0.00   6.660E-01  -51.27  7.225E-06   61.79      5.57379E+00                 0.0000    -0.00   LINEAR
  182.00    0.00   6.605E-01  -63.91  2.839E-02  150.55      5.49163E+00                 0.0243    -2.03   RIGHT 
  184.00    0.00   6.440E-01  -76.67  5.548E-02  137.93      5.25094E+00                 0.0487    -4.07   RIGHT 
  186.00    0.00   6.173E-01  -89.53  8.000E-02  125.28      4.86894E+00                 0.0731    -6.11   RIGHT 
  188.00    0.00   5.812E-01 -102.49  1.009E-01  112.61      4.37239E+00                 0.0978    -8.16   RIGHT 
  190.00    0.00   5.369E-01 -115.55  1.171E-01   99.94      3.79496E+00                 0.1227   -10.23   RIGHT 
  192.00    0.00   4.860E-01 -128.71  1.281E-01   87.28      3.17395E+00                 0.1480   -12.31   RIGHT 
  194.00    0.00   4.300E-01 -141.99  1.333E-01   74.60      2.54689E+00                 0.1736   165.58   RIGHT 
  196.00    0.00   3.708E-01 -155.42  1.325E-01   61.91      1.94836E+00                 0.1999   163.45   RIGHT 
  198.00    0.00   3.100E-01 -169.04  1.260E-01   49.16      1.40733E+00                 0.2268   161.29   RIGHT 
  200.00    0.00   2.495E-01  177.01  1.140E-01   36.28      9.45320E-01                 0.2548   159.10   RIGHT 
  202.00    0.00   1.907E-01  162.51  9.712E-02   23.09      5.75471E-01                 0.2843   156.87   RIGHT 
  204.00    0.00   1.352E-01  146.88  7.619E-02    9.17      3.02558E-01                 0.3167   154.65   RIGHT 
  206.00    0.00   8.438E-02  128.36  5.223E-02   -6.82      1.23762E-01                 0.3553   152.54   RIGHT 
  208.00    0.00   4.081E-02   98.68  2.697E-02  -31.47      3.00735E-02                 0.4110   151.73   RIGHT 
  210.00    0.00   2.201E-02   10.42  1.247E-02 -123.97      8.04060E-03                 0.3426   -24.72   RIGHT 
  212.00    0.00   4.645E-02  -49.23  3.401E-02  172.58      4.16468E-02                 0.3586   -33.48   RIGHT 
  214.00    0.00   7.363E-02  -72.69  6.047E-02  152.40      1.14084E-01                 0.4041   -37.16   RIGHT 
  216.00    0.00   9.621E-02  -89.81  8.601E-02  138.18      2.09262E-01                 0.4411   -40.24   RIGHT 
  218.00    0.00   1.137E-01 -104.97  1.094E-01  125.87      3.12954E-01                 0.4747   -43.27   RIGHT 
  220.00    0.00   1.264E-01 -119.30  1.301E-01  114.49      4.13534E-01                 0.5069   -46.40   RIGHT 
  222.00    0.00   1.349E-01 -133.22  1.476E-01  103.72      5.02318E-01                 0.5383   -49.67   RIGHT 
  224.00    0.00   1.399E-01 -146.89  1.615E-01   93.40      5.73572E-01                 0.5690   -53.13   RIGHT 
  226.00    0.00   1.419E-01 -160.41  1.719E-01   83.46      6.24260E-01                 0.5989   -56.81   RIGHT 
  228.00    0.00   1.418E-01 -173.78  1.786E-01   73.86      6.53618E-01                 0.6278   -60.75   RIGHT 
  230.00    0.00   1.400E-01  173.01  1.820E-01   64.56      6.62645E-01                 0.6554   -64.98   RIGHT 
  232.00    0.00   1.372E-01  160.01  1.822E-01   55.56      6.53578E-01                 0.6813   110.47   RIGHT 
  234.00    0.00   1.336E-01  147.30  1.796E-01   46.84      6.29401E-01                 0.7049   105.59   RIGHT 
  236.00    0.00   1.295E-01  134.97  1.745E-01   38.37      5.93430E-01                 0.7259   100.40   RIGHT 
  238.00    0.00   1.251E-01  123.10  1.674E-01   30.14      5.48984E-01                 0.7439    94.97   RIGHT 
  240.00    0.00   1.205E-01  111.80  1.588E-01   22.13      4.99153E-01                 0.7588    89.42   RIGHT 
  242.00    0.00   1.155E-01  101.14  1.490E-01   14.31      4.46650E-01                 0.7709    83.94   RIGHT 
  244.00    0.00   1.103E-01   91.18  1.385E-01    6.65      3.93734E-01                 0.7809    78.74   RIGHT 
  246.00    0.00   1.046E-01   81.97  1.276E-01   -0.87      3.42190E-01                 0.7899    74.08   RIGHT 
  248.00    0.00   9.842E-02   73.52  1.169E-01   -8.30      2.93357E-01                 0.7992    70.26   RIGHT 
  250.00    0.00   9.174E-02   65.86  1.065E-01  -15.66      2.48170E-01                 0.8100    67.68   RIGHT 
  252.00    0.00   8.450E-02   58.97  9.669E-02  -22.97      2.07228E-01                 0.8224    66.97   RIGHT 
  254.00    0.00   7.672E-02   52.86  8.781E-02  -30.22      1.70859E-01                 0.8339    69.16   RIGHT 
  256.00    0.00   6.840E-02   47.50  7.998E-02  -37.37      1.39189E-01                 0.8349    75.18   RIGHT 
  258.00    0.00   5.960E-02   42.89  7.333E-02  -44.32      1.12196E-01                 0.8081    83.46   RIGHT 
  260.00    0.00   5.035E-02   39.02  6.789E-02  -50.89      8.97710E-02                 0.7416    89.86   RIGHT 
  262.00    0.00   4.072E-02   35.88  6.365E-02  -56.83      7.17535E-02                 0.6381    92.92   RIGHT 
  264.00    0.00   3.079E-02   33.45  6.054E-02  -61.86      5.79710E-02                 0.5049    93.62   RIGHT 
  266.00    0.00   2.063E-02   31.75  5.844E-02  -65.69      4.82641E-02                 0.3492    92.98   RIGHT 
  268.00    0.00   1.031E-02   30.81  5.724E-02  -68.09      4.25055E-02                 0.1778    91.65   RIGHT 
  270.00    0.00   9.507E-05 -172.12  5.685E-02  -68.91      4.06139E-02                 0.0016    90.02   LINEAR
  272.00    0.00   1.048E-02 -149.59  5.724E-02  -68.09      4.25609E-02                 0.1810    88.40   LEFT  
  274.00    0.00   2.080E-02 -148.45  5.845E-02  -65.70      4.83740E-02                 0.3522    87.07   LEFT  
  276.00    0.00   3.096E-02 -146.68  6.056E-02  -61.87      5.81337E-02                 0.5077    86.43   LEFT  
  278.00    0.00   4.089E-02 -144.22  6.368E-02  -56.85      7.19663E-02                 0.6405    87.14   LEFT  
  280.00    0.00   5.051E-02 -141.05  6.792E-02  -50.91      9.00310E-02                 0.7437    90.24   LEFT  
  282.00    0.00   5.975E-02 -137.17  7.336E-02  -44.35      1.12500E-01                 0.8097    96.69   LEFT  
  284.00    0.00   6.856E-02 -132.55  8.002E-02  -37.41      1.39533E-01                 0.8360   105.00   LEFT  
  286.00    0.00   7.687E-02 -127.19  8.785E-02  -30.26      1.71240E-01                 0.8347   111.00   LEFT  
  288.00    0.00   8.465E-02 -121.07  9.674E-02  -23.01      2.07643E-01                 0.8231   113.15   LEFT  
  290.00    0.00   9.187E-02 -114.18  1.065E-01  -15.70      2.48618E-01                 0.8107   112.41   LEFT  
  292.00    0.00   9.855E-02 -106.51  1.169E-01   -8.35      2.93837E-01                 0.8000   109.79   LEFT  
  294.00    0.00   1.047E-01  -98.06  1.277E-01   -0.93      3.42705E-01                 0.7907   105.93   LEFT  
  296.00    0.00   1.104E-01  -88.84  1.385E-01    6.59      3.94284E-01                 0.7816   101.24   LEFT  
  298.00    0.00   1.157E-01  -78.89  1.490E-01   14.25      4.47241E-01                 0.7716    96.02   LEFT  
  300.00    0.00   1.206E-01  -68.23  1.588E-01   22.06      4.99787E-01                 0.7594    90.52   LEFT  
  302.00    0.00   1.253E-01  -56.93  1.675E-01   30.07      5.49666E-01                 0.7444    84.96   LEFT  
  304.00    0.00   1.297E-01  -45.06  1.746E-01   38.30      5.94163E-01                 0.7263    79.52   LEFT  
  306.00    0.00   1.337E-01  -32.73  1.796E-01   46.77      6.30186E-01                 0.7052    74.33   LEFT  
  308.00    0.00   1.373E-01  -20.03  1.823E-01   55.49      6.54412E-01                 0.6815    69.46   LEFT  
  310.00    0.00   1.402E-01   -7.04  1.821E-01   64.49      6.63520E-01                 0.6555  -115.09   LEFT  
  312.00    0.00   1.420E-01    6.17  1.787E-01   73.78      6.54521E-01                 0.6279  -119.31   LEFT  
  314.00    0.00   1.421E-01   19.53  1.719E-01   83.38      6.25172E-01                 0.5989  -123.25   LEFT  
  316.00    0.00   1.400E-01   33.03  1.616E-01   93.32      5.74468E-01                 0.5690  -126.92   LEFT  
  318.00    0.00   1.351E-01   46.69  1.476E-01  103.64      5.03166E-01                 0.5384  -130.37   LEFT  
  320.00    0.00   1.266E-01   60.59  1.302E-01  114.40      4.14301E-01                 0.5071  -133.63   LEFT  
  322.00    0.00   1.138E-01   74.90  1.095E-01  125.77      3.13604E-01                 0.4751  -136.75   LEFT  
  324.00    0.00   9.633E-02   90.03  8.610E-02  138.08      2.09762E-01                 0.4416  -139.78   LEFT  
  326.00    0.00   7.372E-02  107.09  6.058E-02  152.28      1.14404E-01                 0.4051  -142.83   LEFT  
  328.00    0.00   4.648E-02  130.42  3.411E-02  172.40      4.17668E-02                 0.3605  -146.46   LEFT  
  330.00    0.00   2.183E-02 -170.10  1.249E-02 -124.63      7.94782E-03                 0.3436  -154.97   LEFT  
  332.00    0.00   4.060E-02  -81.16  2.684E-02  -31.64      2.97668E-02                 0.4083    28.38   LEFT  
  334.00    0.00   8.423E-02  -51.54  5.209E-02   -6.92      1.23252E-01                 0.3534    27.48   LEFT  
  336.00    0.00   1.351E-01  -33.07  7.604E-02    9.08      3.01865E-01                 0.3154    25.36   LEFT  
  338.00    0.00   1.906E-01  -17.46  9.697E-02   23.00      5.74627E-01                 0.2833    23.12   LEFT  
  340.00    0.00   2.494E-01   -2.98  1.138E-01   36.19      9.44364E-01                 0.2540    20.90   LEFT  
  342.00    0.00   3.100E-01   10.96  1.258E-01   49.07      1.40631E+00                 0.2261    18.71   LEFT  
  344.00    0.00   3.707E-01   24.58  1.324E-01   61.82      1.94732E+00                 0.1993    16.55   LEFT  
  346.00    0.00   4.300E-01   37.99  1.331E-01   74.51      2.54589E+00                 0.1732    14.41   LEFT  
  348.00    0.00   4.859E-01   51.26  1.279E-01   87.19      3.17303E+00                 0.1476  -167.69   LEFT  
  350.00    0.00   5.369E-01   64.42  1.170E-01   99.86      3.79418E+00                 0.1224  -169.78   LEFT  
  352.00    0.00   5.812E-01   77.48  1.008E-01  112.52      4.37178E+00                 0.0976  -171.84   LEFT  
  354.00    0.00   6.173E-01   90.44  7.992E-02  125.19      4.86854E+00                 0.0730  -173.89   LEFT  
  356.00    0.00   6.440E-01  103.30  5.542E-02  137.84      5.25077E+00                 0.0486  -175.94   LEFT  
  358.00    0.00   6.605E-01  116.05  2.836E-02  150.48      5.49171E+00                 0.0242  -177.97   LEFT  
  360.00    0.00   6.660E-01  128.69  8.511E-06  -26.51      5.57409E+00                 0.0000   180.00   LINEAR