 0.00    0.00   7.344E-01 -173.85  2.147E-06   69.35      6.77727E+00                 0.0000   180.00   LINEAR
    2.00    0.00   7.292E-01 -161.35  2.119E-02    6.00      6.68826E+00                 0.0064   178.38   LINEAR
    4.00    0.00   7.139E-01 -149.00  4.151E-02   18.45      6.42675E+00                 0.0126   176.75   LEFT  
    6.00    0.00   6.889E-01 -136.81  6.011E-02   30.80      6.00889E+00                 0.0186   175.13   LEFT  
    8.00    0.00   6.547E-01 -124.81  7.622E-02   43.03      5.46005E+00                 0.0242    -6.50   LEFT  
   10.00    0.00   6.124E-01 -113.00  8.913E-02   55.13      4.81281E+00                 0.0294    -8.11   LEFT  
   12.00    0.00   5.630E-01 -101.39  9.830E-02   67.08      4.10432E+00                 0.0339    -9.72   LEFT  
   14.00    0.00   5.077E-01  -90.01  1.033E-01   78.87      3.37339E+00                 0.0377   -11.30   LEFT  
   16.00    0.00   4.480E-01  -78.87  1.038E-01   90.48      2.65764E+00                 0.0407   -12.85   LEFT  
   18.00    0.00   3.853E-01  -68.00  9.976E-02  101.88      1.99083E+00                 0.0427   -14.33   LEFT  
   20.00    0.00   3.211E-01  -57.42  9.123E-02  113.06      1.40064E+00                 0.0436   -15.68   LEFT  
   22.00    0.00   2.570E-01  -47.20  7.845E-02  123.94      9.07162E-01                 0.0431   -16.82   LEFT  
   24.00    0.00   1.942E-01  -37.45  6.182E-02  134.42      5.22053E-01                 0.0409   -17.52   LEFT  
   26.00    0.00   1.342E-01  -28.45  4.188E-02  144.15      2.48442E-01                 0.0367   -17.22   LEFT  
   28.00    0.00   7.822E-02  -21.15  1.933E-02  151.13      8.15770E-02                 0.0313   -13.77   LEFT  
   30.00    0.00   2.771E-02  -22.82  5.744E-03   10.15      1.00667E-02                 0.1095     9.99   LEFT  
   32.00    0.00   2.087E-02 -153.17  3.102E-02    1.85      1.75636E-02                 0.2037   122.92   LEFT  
   34.00    0.00   5.919E-02 -159.44  5.689E-02    9.72      8.47006E-02                 0.0948   136.16   LEFT  
   36.00    0.00   9.186E-02 -153.69  8.226E-02   18.47      1.91068E-01                 0.0681   138.19   LEFT  
   38.00    0.00   1.180E-01 -146.59  1.063E-01   27.25      3.17036E-01                 0.0535   137.98   LEFT  
   40.00    0.00   1.376E-01 -139.31  1.285E-01   35.85      4.45255E-01                 0.0422   136.96   LEFT  
   42.00    0.00   1.509E-01 -132.18  1.481E-01   44.18      5.61725E-01                 0.0318   -44.46   LEFT  
   44.00    0.00   1.585E-01 -125.35  1.647E-01   52.20      6.56385E-01                 0.0214   -46.10   LEFT  
   46.00    0.00   1.608E-01 -118.91  1.780E-01   59.87      7.23224E-01                 0.0106   -47.90   LEFT  
   48.00    0.00   1.588E-01 -112.94  1.878E-01   67.16      7.59998E-01                 0.0008   -49.79   LINEAR
   50.00    0.00   1.530E-01 -107.51  1.941E-01   74.03      7.67627E-01                 0.0130   -51.77   RIGHT 
   52.00    0.00   1.443E-01 -102.69  1.970E-01   80.45      7.49423E-01                 0.0261   -53.79   RIGHT 
   54.00    0.00   1.336E-01  -98.58  1.967E-01   86.38      7.10248E-01                 0.0402   -55.86   RIGHT 
   56.00    0.00   1.215E-01  -95.26  1.934E-01   91.79      6.55709E-01                 0.0554   -57.94   RIGHT 
   58.00    0.00   1.089E-01  -92.84  1.876E-01   96.62      5.91475E-01                 0.0717   -60.03   RIGHT 
   60.00    0.00   9.640E-02  -91.43  1.797E-01  100.84      5.22753E-01                 0.0892   -62.10   RIGHT 
   62.00    0.00   8.449E-02  -91.13  1.703E-01  104.37      4.53942E-01                 0.1076   -64.12   RIGHT 
   64.00    0.00   7.361E-02  -92.00  1.597E-01  107.16      3.88453E-01                 0.1268   -66.06   RIGHT 
   66.00    0.00   6.404E-02  -94.04  1.485E-01  109.14      3.28675E-01                 0.1462   -67.88   RIGHT 
   68.00    0.00   5.591E-02  -97.11  1.373E-01  110.24      2.76044E-01                 0.1649   -69.53   RIGHT 
   70.00    0.00   4.916E-02 -100.93  1.264E-01  110.43      2.31180E-01                 0.1816   -70.98   RIGHT 
   72.00    0.00   4.354E-02 -105.12  1.164E-01  109.67      1.94065E-01                 0.1943   -72.23   RIGHT 
   74.00    0.00   3.875E-02 -109.27  1.075E-01  108.01      1.64218E-01                 0.2010   -73.31   RIGHT 
   76.00    0.00   3.440E-02 -113.06  1.001E-01  105.59      1.40871E-01                 0.1995   -74.34   RIGHT 
   78.00    0.00   3.017E-02 -116.28  9.427E-02  102.62      1.23105E-01                 0.1888   -75.49   RIGHT 
   80.00    0.00   2.582E-02 -118.88  8.991E-02   99.41      1.09971E-01                 0.1691   -76.92   RIGHT 
   82.00    0.00   2.121E-02 -120.90  8.691E-02   96.29      1.00570E-01                 0.1420   -78.77   RIGHT 
   84.00    0.00   1.628E-02 -122.39  8.500E-02   93.57      9.41168E-02                 0.1098   -81.08   RIGHT 
   86.00    0.00   1.106E-02 -123.45  8.389E-02   91.47      8.99727E-02                 0.0746   -83.80   RIGHT 
   88.00    0.00   5.614E-03 -124.32  8.334E-02   90.16      8.76716E-02                 0.0380   -86.82   RIGHT 
   90.00    0.00   7.704E-05 -176.36  8.317E-02   89.71      8.69299E-02                 0.0009   -90.00   LINEAR
   92.00    0.00   5.521E-03   56.94  8.333E-02   90.16      8.76527E-02                 0.0362   -93.18   LEFT  
   94.00    0.00   1.097E-02   57.18  8.388E-02   91.46      8.99348E-02                 0.0728   -96.20   LEFT  
   96.00    0.00   1.619E-02   58.04  8.499E-02   93.56      9.40592E-02                 0.1081   -98.92   LEFT  
   98.00    0.00   2.112E-02   59.43  8.689E-02   96.28      1.00492E-01                 0.1404  -101.23   LEFT  
  100.00    0.00   2.574E-02   61.38  8.989E-02   99.40      1.09872E-01                 0.1676  -103.09   LEFT  
  102.00    0.00   3.009E-02   63.94  9.424E-02  102.61      1.22983E-01                 0.1874  -104.52   LEFT  
  104.00    0.00   3.433E-02   67.14  1.001E-01  105.58      1.40726E-01                 0.1983  -105.67   LEFT  
  106.00    0.00   3.868E-02   70.89  1.075E-01  108.01      1.64048E-01                 0.1999  -106.70   LEFT  
  108.00    0.00   4.349E-02   75.03  1.163E-01  109.67      1.93869E-01                 0.1934  -107.78   LEFT  
  110.00    0.00   4.910E-02   79.20  1.264E-01  110.43      2.30958E-01                 0.1808  -109.02   LEFT  
  112.00    0.00   5.586E-02   83.01  1.372E-01  110.25      2.75795E-01                 0.1642  -110.48   LEFT  
  114.00    0.00   6.399E-02   86.06  1.485E-01  109.15      3.28401E-01                 0.1456  -112.12   LEFT  
  116.00    0.00   7.355E-02   88.09  1.596E-01  107.18      3.88154E-01                 0.1263  -113.94   LEFT  
  118.00    0.00   8.443E-02   88.96  1.702E-01  104.39      4.53622E-01                 0.1072  -115.87   LEFT  
  120.00    0.00   9.634E-02   88.65  1.797E-01  100.86      5.22416E-01                 0.0888  -117.89   LEFT  
  122.00    0.00   1.089E-01   87.23  1.876E-01   96.65      5.91125E-01                 0.0714  -119.96   LEFT  
  124.00    0.00   1.215E-01   84.80  1.934E-01   91.81      6.55353E-01                 0.0552  -122.05   LEFT  
  126.00    0.00   1.335E-01   81.48  1.966E-01   86.41      7.09894E-01                 0.0400  -124.13   LEFT  
  128.00    0.00   1.442E-01   77.36  1.970E-01   80.48      7.49077E-01                 0.0260  -126.20   LEFT  
  130.00    0.00   1.529E-01   72.54  1.941E-01   74.06      7.67297E-01                 0.0129  -128.22   LEFT  
  132.00    0.00   1.587E-01   67.11  1.878E-01   67.20      7.59690E-01                 0.0007  -130.19   LINEAR
  134.00    0.00   1.608E-01   61.14  1.780E-01   59.91      7.22944E-01                 0.0106  -132.09   RIGHT 
  136.00    0.00   1.584E-01   54.70  1.647E-01   52.25      6.56136E-01                 0.0214  -133.88   RIGHT 
  138.00    0.00   1.508E-01   47.87  1.481E-01   44.23      5.61510E-01                 0.0318  -135.53   RIGHT 
  140.00    0.00   1.375E-01   40.74  1.285E-01   35.90      4.45075E-01                 0.0422    43.05   RIGHT 
  142.00    0.00   1.179E-01   33.46  1.064E-01   27.30      3.16893E-01                 0.0535    42.03   RIGHT 
  144.00    0.00   9.182E-02   26.36  8.225E-02   18.53      1.90961E-01                 0.0681    41.83   RIGHT 
  146.00    0.00   5.916E-02   20.63  5.688E-02    9.79      8.46328E-02                 0.0948    43.85   RIGHT 
  148.00    0.00   2.086E-02   27.00  3.099E-02    1.95      1.75388E-02                 0.2043    57.08   RIGHT 
  150.00    0.00   2.775E-02  157.13  5.719E-03   10.59      1.00912E-02                 0.1103   170.12   RIGHT 
  152.00    0.00   7.825E-02  158.84  1.939E-02  151.12      8.16597E-02                 0.0314  -166.19   RIGHT 
  154.00    0.00   1.342E-01  151.55  4.195E-02  144.17      2.48593E-01                 0.0366  -162.76   RIGHT 
  156.00    0.00   1.942E-01  142.55  6.190E-02  134.45      5.22285E-01                 0.0408  -162.46   RIGHT 
  158.00    0.00   2.570E-01  132.80  7.855E-02  123.97      9.07483E-01                 0.0430  -163.16   RIGHT 
  160.00    0.00   3.212E-01  122.58  9.134E-02  113.09      1.40106E+00                 0.0435  -164.30   RIGHT 
  162.00    0.00   3.853E-01  112.01  9.988E-02  101.93      1.99135E+00                 0.0426  -165.66   RIGHT 
  164.00    0.00   4.480E-01  101.13  1.039E-01   90.52      2.65827E+00                 0.0406  -167.14   RIGHT 
  166.00    0.00   5.078E-01   89.99  1.034E-01   78.91      3.37411E+00                 0.0376  -168.68   RIGHT 
  168.00    0.00   5.630E-01   78.61  9.841E-02   67.12      4.10512E+00                 0.0338  -170.27   RIGHT 
  170.00    0.00   6.125E-01   67.01  8.923E-02   55.17      4.81368E+00                 0.0293  -171.88   RIGHT 
  172.00    0.00   6.548E-01   55.20  7.630E-02   43.07      5.46097E+00                 0.0242  -173.50   RIGHT 
  174.00    0.00   6.889E-01   43.20  6.018E-02   30.84      6.00985E+00                 0.0185     4.88   RIGHT 
  176.00    0.00   7.140E-01   31.01  4.156E-02   18.50      6.42774E+00                 0.0126     3.25   RIGHT 
  178.00    0.00   7.293E-01   18.66  2.121E-02    6.05      6.68925E+00                 0.0063     1.63   LINEAR
  180.00    0.00   7.344E-01    6.16  3.674E-06  168.58      6.77827E+00                 0.0000    -0.00   LINEAR
  182.00    0.00   7.293E-01   -6.49  2.122E-02  160.90      6.68925E+00                 0.0063    -1.63   LINEAR
  184.00    0.00   7.140E-01  -19.25  4.156E-02  148.24      6.42773E+00                 0.0126    -3.25   LEFT  
  186.00    0.00   6.889E-01  -32.12  6.019E-02  135.53      6.00984E+00                 0.0186    -4.88   LEFT  
  188.00    0.00   6.548E-01  -45.07  7.631E-02  122.80      5.46096E+00                 0.0242    -6.50   LEFT  
  190.00    0.00   6.125E-01  -58.10  8.924E-02  110.06      4.81367E+00                 0.0293    -8.12   LEFT  
  192.00    0.00   5.630E-01  -71.19  9.841E-02   97.32      4.10511E+00                 0.0338    -9.73   LEFT  
  194.00    0.00   5.078E-01  -84.31  1.034E-01   84.61      3.37410E+00                 0.0376   -11.32   LEFT  
  196.00    0.00   4.480E-01  -97.46  1.039E-01   71.92      2.65826E+00                 0.0406   -12.86   LEFT  
  198.00    0.00   3.853E-01 -110.64  9.988E-02   59.28      1.99134E+00                 0.0426   -14.34   LEFT  
  200.00    0.00   3.212E-01 -123.84  9.134E-02   46.67      1.40105E+00                 0.0435   -15.70   LEFT  
  202.00    0.00   2.570E-01 -137.10  7.855E-02   34.07      9.07479E-01                 0.0430   163.16   LEFT  
  204.00    0.00   1.942E-01 -150.50  6.190E-02   21.39      5.22283E-01                 0.0409   162.46   LEFT  
  206.00    0.00   1.342E-01 -164.30  4.194E-02    8.32      2.48593E-01                 0.0366   162.76   LEFT  
  208.00    0.00   7.825E-02 -179.41  1.938E-02   -7.14      8.16602E-02                 0.0314   166.19   LEFT  
  210.00    0.00   2.776E-02  156.88  5.722E-03 -169.66      1.00923E-02                 0.1104  -170.12   LEFT  
  212.00    0.00   2.086E-02    5.19  3.100E-02  160.14      1.75397E-02                 0.2043   -57.09   LEFT  
  214.00    0.00   5.916E-02  -22.27  5.688E-02  146.90      8.46332E-02                 0.0948   -43.86   LEFT  
  216.00    0.00   9.181E-02  -37.14  8.226E-02  135.03      1.90961E-01                 0.0680   -41.83   LEFT  
  218.00    0.00   1.179E-01  -50.13  1.064E-01  123.72      3.16891E-01                 0.0535   -42.03   LEFT  
  220.00    0.00   1.375E-01  -62.39  1.285E-01  112.77      4.45073E-01                 0.0422   -43.05   LEFT  
  222.00    0.00   1.508E-01  -74.24  1.481E-01  102.12      5.61508E-01                 0.0318   -44.47   LEFT  
  224.00    0.00   1.584E-01  -85.80  1.647E-01   91.75      6.56133E-01                 0.0214   -46.12   LEFT  
  226.00    0.00   1.608E-01  -97.14  1.780E-01   81.63      7.22941E-01                 0.0106   -47.91   LEFT  
  228.00    0.00   1.587E-01 -108.32  1.878E-01   71.76      7.59687E-01                 0.0008   -49.81   LINEAR
  230.00    0.00   1.529E-01 -119.39  1.941E-01   62.13      7.67294E-01                 0.0129   -51.78   RIGHT 
  232.00    0.00   1.442E-01 -130.40  1.970E-01   52.72      7.49076E-01                 0.0260   -53.80   RIGHT 
  234.00    0.00   1.335E-01 -141.42  1.967E-01   43.52      7.09893E-01                 0.0400   124.13   RIGHT 
  236.00    0.00   1.215E-01 -152.52  1.934E-01   34.50      6.55354E-01                 0.0552   122.05   RIGHT 
  238.00    0.00   1.089E-01 -163.79  1.876E-01   25.63      5.91126E-01                 0.0714   119.96   RIGHT 
  240.00    0.00   9.634E-02 -175.32  1.797E-01   16.89      5.22417E-01                 0.0888   117.89   RIGHT 
  242.00    0.00   8.443E-02  172.79  1.702E-01    8.23      4.53624E-01                 0.1072   115.87   RIGHT 
  244.00    0.00   7.355E-02  160.51  1.596E-01   -0.40      3.88156E-01                 0.1263   113.94   RIGHT 
  246.00    0.00   6.399E-02  147.86  1.485E-01   -9.05      3.28403E-01                 0.1456   112.12   RIGHT 
  248.00    0.00   5.586E-02  134.97  1.372E-01  -17.78      2.75797E-01                 0.1642   110.47   RIGHT 
  250.00    0.00   4.910E-02  122.15  1.264E-01  -26.61      2.30959E-01                 0.1808   109.02   RIGHT 
  252.00    0.00   4.348E-02  109.79  1.163E-01  -35.56      1.93869E-01                 0.1934   107.78   RIGHT 
  254.00    0.00   3.868E-02   98.31  1.075E-01  -44.58      1.64048E-01                 0.1999   106.69   RIGHT 
  256.00    0.00   3.432E-02   88.04  1.001E-01  -53.51      1.40725E-01                 0.1983   105.66   RIGHT 
  258.00    0.00   3.009E-02   79.19  9.424E-02  -62.14      1.22983E-01                 0.1874   104.52   RIGHT 
  260.00    0.00   2.574E-02   71.82  8.989E-02  -70.15      1.09870E-01                 0.1676   103.08   RIGHT 
  262.00    0.00   2.112E-02   65.94  8.690E-02  -77.20      1.00491E-01                 0.1404   101.23   RIGHT 
  264.00    0.00   1.619E-02   61.49  8.499E-02  -82.99      9.40583E-02                 0.1080    98.92   RIGHT 
  266.00    0.00   1.096E-02   58.43  8.388E-02  -87.27      8.99343E-02                 0.0728    96.20   RIGHT 
  268.00    0.00   5.517E-03   56.88  8.334E-02  -89.90      8.76530E-02                 0.0362    93.17   RIGHT 
  270.00    0.00   7.956E-05 -174.75  8.317E-02  -90.78      8.69312E-02                 0.0010    89.99   LINEAR
  272.00    0.00   5.618E-03 -124.38  8.334E-02  -89.90      8.76742E-02                 0.0380    86.82   LEFT  
  274.00    0.00   1.106E-02 -122.20  8.389E-02  -87.27      8.99769E-02                 0.0746    83.79   LEFT  
  276.00    0.00   1.629E-02 -118.94  8.500E-02  -82.98      9.41228E-02                 0.1098    81.08   LEFT  
  278.00    0.00   2.121E-02 -114.38  8.691E-02  -77.19      1.00578E-01                 0.1421    78.77   LEFT  
  280.00    0.00   2.582E-02 -108.44  8.992E-02  -70.14      1.09981E-01                 0.1691    76.92   LEFT  
  282.00    0.00   3.017E-02 -101.04  9.427E-02  -62.13      1.23118E-01                 0.1888    75.49   LEFT  
  284.00    0.00   3.440E-02  -92.15  1.001E-01  -53.50      1.40887E-01                 0.1995    74.34   LEFT  
  286.00    0.00   3.875E-02  -81.86  1.076E-01  -44.57      1.64238E-01                 0.2010    73.31   LEFT  
  288.00    0.00   4.355E-02  -70.36  1.164E-01  -35.57      1.94087E-01                 0.1943    72.23   LEFT  
  290.00    0.00   4.916E-02  -57.98  1.264E-01  -26.62      2.31206E-01                 0.1816    70.98   LEFT  
  292.00    0.00   5.592E-02  -45.14  1.373E-01  -17.79      2.76074E-01                 0.1649    69.53   LEFT  
  294.00    0.00   6.405E-02  -32.25  1.485E-01   -9.07      3.28708E-01                 0.1462    67.88   LEFT  
  296.00    0.00   7.361E-02  -19.58  1.597E-01   -0.42      3.88489E-01                 0.1268    66.06   LEFT  
  298.00    0.00   8.449E-02   -7.29  1.703E-01    8.21      4.53981E-01                 0.1076    64.12   LEFT  
  300.00    0.00   9.640E-02    4.60  1.797E-01   16.87      5.22795E-01                 0.0892    62.10   LEFT  
  302.00    0.00   1.089E-01   16.14  1.876E-01   25.60      5.91519E-01                 0.0717    60.03   LEFT  
  304.00    0.00   1.215E-01   27.42  1.934E-01   34.46      6.55754E-01                 0.0554    57.94   LEFT  
  306.00    0.00   1.336E-01   38.52  1.967E-01   43.48      7.10294E-01                 0.0402    55.86   LEFT  
  308.00    0.00   1.443E-01   49.54  1.970E-01   52.68      7.49469E-01                 0.0261  -126.21   LEFT  
  310.00    0.00   1.530E-01   60.56  1.941E-01   62.09      7.67671E-01                 0.0130  -128.23   LEFT  
  312.00    0.00   1.588E-01   71.62  1.878E-01   71.72      7.60040E-01                 0.0008  -130.21   LINEAR
  314.00    0.00   1.608E-01   82.81  1.780E-01   81.59      7.23263E-01                 0.0106  -132.10   RIGHT 
  316.00    0.00   1.585E-01   94.15  1.647E-01   91.70      6.56419E-01                 0.0214  -133.90   RIGHT 
  318.00    0.00   1.509E-01  105.71  1.481E-01  102.07      5.61755E-01                 0.0318  -135.54   RIGHT 
  320.00    0.00   1.376E-01  117.56  1.285E-01  112.72      4.45279E-01                 0.0422  -136.96   RIGHT 
  322.00    0.00   1.180E-01  129.82  1.064E-01  123.66      3.17054E-01                 0.0535  -137.98   RIGHT 
  324.00    0.00   9.186E-02  142.81  8.227E-02  134.97      1.91081E-01                 0.0681  -138.18   RIGHT 
  326.00    0.00   5.919E-02  157.66  5.690E-02  146.82      8.47079E-02                 0.0948  -136.15   RIGHT 
  328.00    0.00   2.087E-02 -174.99  3.102E-02  160.03      1.75664E-02                 0.2036  -122.91   RIGHT 
  330.00    0.00   2.771E-02  -23.06  5.748E-03 -170.15      1.00660E-02                 0.1093   -10.00   RIGHT 
  332.00    0.00   7.822E-02    0.60  1.933E-02   -7.11      8.15741E-02                 0.0313    13.77   RIGHT 
  334.00    0.00   1.342E-01   15.71  4.187E-02    8.31      2.48438E-01                 0.0366    17.21   RIGHT 
  336.00    0.00   1.942E-01   29.50  6.181E-02   21.37      5.22050E-01                 0.0409    17.52   RIGHT 
  338.00    0.00   2.570E-01   42.89  7.845E-02   34.04      9.07160E-01                 0.0431    16.82   RIGHT 
  340.00    0.00   3.211E-01   56.15  9.123E-02   46.63      1.40064E+00                 0.0436  -164.32   RIGHT 
  342.00    0.00   3.853E-01   69.36  9.976E-02   59.24      1.99083E+00                 0.0427  -165.67   RIGHT 
  344.00    0.00   4.480E-01   82.53  1.038E-01   71.88      2.65765E+00                 0.0407  -167.15   RIGHT 
  346.00    0.00   5.077E-01   95.68  1.033E-01   84.56      3.37340E+00                 0.0377  -168.70   RIGHT 
  348.00    0.00   5.630E-01  108.81  9.830E-02   97.28      4.10433E+00                 0.0339  -170.28   RIGHT 
  350.00    0.00   6.124E-01  121.89  8.913E-02  110.01      4.81283E+00                 0.0294  -171.89   RIGHT 
  352.00    0.00   6.547E-01  134.92  7.621E-02  122.75      5.46007E+00                 0.0242  -173.50   RIGHT 
  354.00    0.00   6.889E-01  147.88  6.011E-02  135.48      6.00890E+00                 0.0186  -175.13   RIGHT 
  356.00    0.00   7.139E-01  160.75  4.151E-02  148.19      6.42676E+00                 0.0126  -176.75   RIGHT 
  358.00    0.00   7.292E-01  173.51  2.119E-02  160.85      6.68826E+00                 0.0064  -178.38   LINEAR
  360.00    0.00   7.344E-01 -173.85  2.147E-06   69.35      6.77727E+00                 0.0000   180.00   LINEAR