 0.00    0.00   4.512E-01   48.19  1.254E-05   13.05      2.55787E+00                 0.0000  -180.00   LINEAR
    2.00    0.00   4.479E-01   60.72  2.158E-03   12.28      2.52136E+00                 0.0036  -179.82   LINEAR
    4.00    0.00   4.383E-01   73.15  4.200E-03   24.79      2.41447E+00                 0.0072  -179.64   LINEAR
    6.00    0.00   4.226E-01   85.45  6.043E-03   37.29      2.24474E+00                 0.0107  -179.45   RIGHT 
    8.00    0.00   4.012E-01   97.62  7.600E-03   49.74      2.02388E+00                 0.0140  -179.27   RIGHT 
   10.00    0.00   3.748E-01  109.62  8.802E-03   62.13      1.76660E+00                 0.0173  -179.09   RIGHT 
   12.00    0.00   3.441E-01  121.45  9.599E-03   74.43      1.48917E+00                 0.0204  -178.91   RIGHT 
   14.00    0.00   3.099E-01  133.06  9.963E-03   86.63      1.20794E+00                 0.0233  -178.73   RIGHT 
   16.00    0.00   2.730E-01  144.43  9.887E-03   98.70      9.37969E-01                 0.0259  -178.55   RIGHT 
   18.00    0.00   2.345E-01  155.51  9.386E-03  110.62      6.91882E-01                 0.0282  -178.37   RIGHT 
   20.00    0.00   1.951E-01  166.22  8.497E-03  122.37      4.79096E-01                 0.0301  -178.20   RIGHT 
   22.00    0.00   1.557E-01  176.44  7.270E-03  133.91      3.05457E-01                 0.0315  -178.03   RIGHT 
   24.00    0.00   1.173E-01 -174.11  5.770E-03  145.15      1.73245E-01                 0.0321  -177.86   RIGHT 
   26.00    0.00   8.045E-02 -166.10  4.071E-03  155.91      8.15337E-02                 0.0311  -177.71   RIGHT 
   28.00    0.00   4.611E-02 -161.99  2.249E-03  165.42      2.67842E-02                 0.0262  -177.65   RIGHT 
   30.00    0.00   1.688E-02  179.28  3.994E-04  158.85      3.58132E-03                 0.0083  -178.73   LINEAR
   32.00    0.00   2.070E-02   86.67  1.482E-03   16.41      5.41178E-03                 0.0674  -178.61   RIGHT 
   34.00    0.00   4.483E-02   77.17  3.237E-03   23.87      2.53917E-02                 0.0578  -177.52   RIGHT 
   36.00    0.00   6.710E-02   81.44  4.850E-03   33.28      5.68818E-02                 0.0537  -177.23   RIGHT 
   38.00    0.00   8.624E-02   88.24  6.278E-03   42.88      9.39515E-02                 0.0517  -177.06   RIGHT 
   40.00    0.00   1.021E-01   95.74  7.487E-03   52.39      1.31679E-01                 0.0502  -176.94   RIGHT 
   42.00    0.00   1.147E-01  103.43  8.458E-03   61.70      1.66296E-01                 0.0489  -176.84   RIGHT 
   44.00    0.00   1.243E-01  111.07  9.185E-03   70.75      1.95198E-01                 0.0477  -176.77   RIGHT 
   46.00    0.00   1.310E-01  118.55  9.669E-03   79.53      2.16857E-01                 0.0463  -176.71   RIGHT 
   48.00    0.00   1.351E-01  125.82  9.921E-03   88.00      2.30666E-01                 0.0449  -176.67   RIGHT 
   50.00    0.00   1.369E-01  132.83  9.960E-03   96.15      2.36745E-01                 0.0433  -176.65   RIGHT 
   52.00    0.00   1.366E-01  139.57  9.808E-03  103.97      2.35744E-01                 0.0416  -176.65   RIGHT 
   54.00    0.00   1.346E-01  146.01  9.493E-03  111.44      2.28656E-01                 0.0399  -176.67   RIGHT 
   56.00    0.00   1.310E-01  152.14  9.044E-03  118.56      2.16654E-01                 0.0381  -176.70   RIGHT 
   58.00    0.00   1.262E-01  157.95  8.488E-03  125.30      2.00961E-01                 0.0362  -176.75   RIGHT 
   60.00    0.00   1.203E-01  163.44  7.854E-03  131.65      1.82749E-01                 0.0343  -176.82   RIGHT 
   62.00    0.00   1.137E-01  168.59  7.169E-03  137.61      1.63083E-01                 0.0324  -176.90   RIGHT 
   64.00    0.00   1.064E-01  173.40  6.455E-03  143.16      1.42872E-01                 0.0305  -177.00   RIGHT 
   66.00    0.00   9.871E-02  177.87  5.736E-03  148.28      1.22863E-01                 0.0286  -177.11   RIGHT 
   68.00    0.00   9.067E-02 -178.01  5.028E-03  152.97      1.03637E-01                 0.0268  -177.22   RIGHT 
   70.00    0.00   8.243E-02 -174.23  4.347E-03  157.19      8.56224E-02                 0.0252  -177.35   RIGHT 
   72.00    0.00   7.407E-02 -170.82  3.707E-03  160.94      6.91170E-02                 0.0236  -177.47   RIGHT 
   74.00    0.00   6.567E-02 -167.75  3.116E-03  164.17      5.43069E-02                 0.0223  -177.60   RIGHT 
   76.00    0.00   5.727E-02 -165.04  2.584E-03  166.87      4.12931E-02                 0.0212  -177.72   RIGHT 
   78.00    0.00   4.891E-02 -162.70  2.114E-03  168.97      3.01122E-02                 0.0205  -177.82   RIGHT 
   80.00    0.00   4.061E-02 -160.71  1.713E-03  170.44      2.07576E-02                 0.0203  -177.88   RIGHT 
   82.00    0.00   3.238E-02 -159.07  1.382E-03  171.23      1.31961E-02                 0.0211  -177.88   RIGHT 
   84.00    0.00   2.421E-02 -157.80  1.124E-03  171.38      7.38227E-03                 0.0238  -177.72   RIGHT 
   86.00    0.00   1.610E-02 -156.88  9.397E-04  171.01      3.26993E-03                 0.0309  -177.17   RIGHT 
   88.00    0.00   8.037E-03 -156.29  8.291E-04  170.48      8.20305E-04                 0.0561  -175.05   RIGHT 
   90.00    0.00   1.521E-05  -31.30  7.924E-04  170.23      7.89232E-06                 0.0070   -88.98   LINEAR
   92.00    0.00   8.054E-03   23.53  8.291E-04  170.48      8.23826E-04                 0.0557    -4.95   LEFT  
   94.00    0.00   1.612E-02   23.03  9.395E-04  171.01      3.27699E-03                 0.0308    -2.83   LEFT  
   96.00    0.00   2.423E-02   22.14  1.124E-03  171.38      7.39291E-03                 0.0237    -2.28   LEFT  
   98.00    0.00   3.239E-02   20.88  1.382E-03  171.24      1.32104E-02                 0.0211    -2.12   LEFT  
  100.00    0.00   4.062E-02   19.26  1.713E-03  170.45      2.07756E-02                 0.0203    -2.12   LEFT  
  102.00    0.00   4.892E-02   17.27  2.114E-03  168.98      3.01339E-02                 0.0205    -2.18   LEFT  
  104.00    0.00   5.728E-02   14.93  2.583E-03  166.88      4.13184E-02                 0.0212    -2.28   LEFT  
  106.00    0.00   6.568E-02   12.22  3.116E-03  164.19      5.43359E-02                 0.0223    -2.40   LEFT  
  108.00    0.00   7.409E-02    9.16  3.706E-03  160.95      6.91495E-02                 0.0236    -2.53   LEFT  
  110.00    0.00   8.245E-02    5.75  4.347E-03  157.21      8.56583E-02                 0.0251    -2.65   LEFT  
  112.00    0.00   9.069E-02    1.98  5.027E-03  152.98      1.03675E-01                 0.0268    -2.78   LEFT  
  114.00    0.00   9.873E-02   -2.14  5.735E-03  148.30      1.22904E-01                 0.0286    -2.89   LEFT  
  116.00    0.00   1.064E-01   -6.61  6.454E-03  143.17      1.42915E-01                 0.0304    -3.00   LEFT  
  118.00    0.00   1.137E-01  -11.42  7.167E-03  137.62      1.63127E-01                 0.0323    -3.10   LEFT  
  120.00    0.00   1.204E-01  -16.58  7.853E-03  131.67      1.82794E-01                 0.0342    -3.18   LEFT  
  122.00    0.00   1.262E-01  -22.06  8.487E-03  125.31      2.01004E-01                 0.0361    -3.25   LEFT  
  124.00    0.00   1.310E-01  -27.87  9.042E-03  118.57      2.16696E-01                 0.0380    -3.30   LEFT  
  126.00    0.00   1.346E-01  -34.00  9.492E-03  111.46      2.28695E-01                 0.0399    -3.33   LEFT  
  128.00    0.00   1.366E-01  -40.44  9.806E-03  103.99      2.35778E-01                 0.0416    -3.35   LEFT  
  130.00    0.00   1.369E-01  -47.18  9.958E-03   96.17      2.36775E-01                 0.0433    -3.35   LEFT  
  132.00    0.00   1.351E-01  -54.19  9.919E-03   88.02      2.30691E-01                 0.0448    -3.33   LEFT  
  134.00    0.00   1.310E-01  -61.46  9.667E-03   79.54      2.16876E-01                 0.0463    -3.29   LEFT  
  136.00    0.00   1.243E-01  -68.94  9.183E-03   70.77      1.95211E-01                 0.0476    -3.23   LEFT  
  138.00    0.00   1.147E-01  -76.58  8.456E-03   61.72      1.66304E-01                 0.0489    -3.16   LEFT  
  140.00    0.00   1.021E-01  -84.26  7.484E-03   52.41      1.31684E-01                 0.0502    -3.06   LEFT  
  142.00    0.00   8.624E-02  -91.77  6.275E-03   42.91      9.39538E-02                 0.0516    -2.94   LEFT  
  144.00    0.00   6.711E-02  -98.55  4.848E-03   33.31      5.68831E-02                 0.0537    -2.77   LEFT  
  146.00    0.00   4.484E-02 -102.81  3.235E-03   23.91      2.53936E-02                 0.0577    -2.48   LEFT  
  148.00    0.00   2.071E-02  -93.29  1.480E-03   16.46      5.41557E-03                 0.0672    -1.39   LEFT  
  150.00    0.00   1.689E-02   -0.77  4.013E-04  158.85      3.58769E-03                 0.0083    -1.28   LINEAR
  152.00    0.00   4.612E-02   17.98  2.250E-03  165.43      2.67931E-02                 0.0262    -2.36   LEFT  
  154.00    0.00   8.045E-02   13.88  4.072E-03  155.92      8.15442E-02                 0.0311    -2.29   LEFT  
  156.00    0.00   1.173E-01    5.87  5.771E-03  145.16      1.73255E-01                 0.0321    -2.14   LEFT  
  158.00    0.00   1.557E-01   -3.58  7.271E-03  133.92      3.05463E-01                 0.0315    -1.97   LEFT  
  160.00    0.00   1.951E-01  -13.79  8.497E-03  122.39      4.79096E-01                 0.0301    -1.80   LEFT  
  162.00    0.00   2.345E-01  -24.50  9.387E-03  110.64      6.91869E-01                 0.0282    -1.63   LEFT  
  164.00    0.00   2.730E-01  -35.58  9.887E-03   98.72      9.37941E-01                 0.0259    -1.45   LEFT  
  166.00    0.00   3.099E-01  -46.95  9.963E-03   86.65      1.20789E+00                 0.0233    -1.27   LEFT  
  168.00    0.00   3.441E-01  -58.56  9.599E-03   74.46      1.48910E+00                 0.0204    -1.09   LEFT  
  170.00    0.00   3.748E-01  -70.39  8.801E-03   62.16      1.76650E+00                 0.0173    -0.91   LEFT  
  172.00    0.00   4.012E-01  -82.39  7.599E-03   49.78      2.02376E+00                 0.0140    -0.73   LEFT  
  174.00    0.00   4.226E-01  -94.56  6.041E-03   37.34      2.24459E+00                 0.0106    -0.55   LEFT  
  176.00    0.00   4.383E-01 -106.86  4.199E-03   24.85      2.41430E+00                 0.0072    -0.37   LINEAR
  178.00    0.00   4.479E-01 -119.28  2.156E-03   12.39      2.52117E+00                 0.0036    -0.18   LINEAR
  180.00    0.00   4.511E-01 -131.81  1.203E-05   32.78      2.55767E+00                 0.0000    -0.00   LINEAR
  182.00    0.00   4.479E-01 -144.43  2.136E-03  166.90      2.52119E+00                 0.0036  -179.82   LINEAR
  184.00    0.00   4.383E-01 -157.12  4.179E-03  154.42      2.41432E+00                 0.0071  -179.64   LINEAR
  186.00    0.00   4.226E-01 -169.87  6.023E-03  141.91      2.24463E+00                 0.0106  -179.46   RIGHT 
  188.00    0.00   4.012E-01  177.34  7.582E-03  129.42      2.02380E+00                 0.0140  -179.27   RIGHT 
  190.00    0.00   3.748E-01  164.51  8.787E-03  116.98      1.76654E+00                 0.0173  -179.09   RIGHT 
  192.00    0.00   3.441E-01  151.64  9.586E-03  104.60      1.48913E+00                 0.0204  -178.91   RIGHT 
  194.00    0.00   3.099E-01  138.75  9.952E-03   92.30      1.20792E+00                 0.0233  -178.73   RIGHT 
  196.00    0.00   2.730E-01  125.83  9.879E-03   80.08      9.37956E-01                 0.0259  -178.55   RIGHT 
  198.00    0.00   2.345E-01  112.86  9.382E-03   67.96      6.91875E-01                 0.0282  -178.38   RIGHT 
  200.00    0.00   1.951E-01   99.79  8.495E-03   55.94      4.79093E-01                 0.0301  -178.20   RIGHT 
  202.00    0.00   1.557E-01   86.53  7.271E-03   44.00      3.05455E-01                 0.0315  -178.03   RIGHT 
  204.00    0.00   1.173E-01   72.83  5.774E-03   32.10      1.73244E-01                 0.0321  -177.86   RIGHT 
  206.00    0.00   8.045E-02   58.05  4.077E-03   20.08      8.15334E-02                 0.0311  -177.71   RIGHT 
  208.00    0.00   4.611E-02   39.73  2.257E-03    7.24      2.67856E-02                 0.0263     2.37   RIGHT 
  210.00    0.00   1.689E-02   -1.02  4.084E-04  -20.44      3.58540E-03                 0.0080     1.31   LINEAR
  212.00    0.00   2.071E-02 -115.09  1.469E-03  174.49      5.41941E-03                 0.0668     1.37   RIGHT 
  214.00    0.00   4.485E-02 -145.70  3.222E-03  160.90      2.54034E-02                 0.0576  -177.54   RIGHT 
  216.00    0.00   6.711E-02 -162.04  4.835E-03  149.72      5.68978E-02                 0.0536  -177.25   RIGHT 
  218.00    0.00   8.625E-02 -175.33  6.261E-03  139.25      9.39716E-02                 0.0516  -177.08   RIGHT 
  220.00    0.00   1.021E-01  172.63  7.470E-03  129.21      1.31703E-01                 0.0501  -176.95   RIGHT 
  222.00    0.00   1.147E-01  161.34  8.441E-03  119.54      1.66322E-01                 0.0489  -176.85   RIGHT 
  224.00    0.00   1.243E-01  150.58  9.168E-03  110.20      1.95225E-01                 0.0476  -176.78   RIGHT 
  226.00    0.00   1.310E-01  140.28  9.652E-03  101.19      2.16885E-01                 0.0463  -176.72   RIGHT 
  228.00    0.00   1.351E-01  130.39  9.904E-03   92.51      2.30693E-01                 0.0449  -176.68   RIGHT 
  230.00    0.00   1.369E-01  120.91  9.943E-03   84.16      2.36770E-01                 0.0433  -176.66   RIGHT 
  232.00    0.00   1.366E-01  111.82  9.793E-03   76.15      2.35767E-01                 0.0417  -176.66   RIGHT 
  234.00    0.00   1.346E-01  103.13  9.479E-03   68.49      2.28677E-01                 0.0399  -176.68   RIGHT 
  236.00    0.00   1.310E-01   94.83  9.030E-03   61.17      2.16673E-01                 0.0381  -176.71   RIGHT 
  238.00    0.00   1.262E-01   86.95  8.475E-03   54.21      2.00976E-01                 0.0362  -176.76   RIGHT 
  240.00    0.00   1.203E-01   79.48  7.842E-03   47.61      1.82763E-01                 0.0343  -176.83   RIGHT 
  242.00    0.00   1.137E-01   72.44  7.157E-03   41.37      1.63094E-01                 0.0324  -176.91   RIGHT 
  244.00    0.00   1.064E-01   65.83  6.445E-03   35.49      1.42881E-01                 0.0305  -177.01   RIGHT 
  246.00    0.00   9.872E-02   59.68  5.726E-03   29.98      1.22871E-01                 0.0287  -177.11   RIGHT 
  248.00    0.00   9.068E-02   53.97  5.019E-03   24.82      1.03643E-01                 0.0269  -177.23   RIGHT 
  250.00    0.00   8.243E-02   48.73  4.339E-03   20.02      8.56281E-02                 0.0252  -177.35   RIGHT 
  252.00    0.00   7.407E-02   43.96  3.699E-03   15.56      6.91218E-02                 0.0237     2.52   RIGHT 
  254.00    0.00   6.567E-02   39.67  3.110E-03   11.42      5.43112E-02                 0.0224     2.39   RIGHT 
  256.00    0.00   5.727E-02   35.86  2.577E-03    7.58      4.12969E-02                 0.0213     2.27   RIGHT 
  258.00    0.00   4.891E-02   32.55  2.109E-03    3.99      3.01156E-02                 0.0206     2.17   RIGHT 
  260.00    0.00   4.061E-02   29.74  1.708E-03    0.61      2.07606E-02                 0.0204     2.10   RIGHT 
  262.00    0.00   3.238E-02   27.43  1.378E-03   -2.59      1.31986E-02                 0.0213     2.11   RIGHT 
  264.00    0.00   2.422E-02   25.63  1.120E-03   -5.58      7.38430E-03                 0.0239     2.27   RIGHT 
  266.00    0.00   1.611E-02   24.34  9.358E-04   -8.22      3.27137E-03                 0.0312     2.81   RIGHT 
  268.00    0.00   8.041E-03   23.55  8.256E-04  -10.14      8.21055E-04                 0.0565     4.90   RIGHT 
  270.00    0.00   5.661E-06 -116.24  7.889E-04  -10.85      7.82146E-06                 0.0069    90.11   LINEAR
  272.00    0.00   8.050E-03 -156.40  8.256E-04  -10.13      8.22798E-04                 0.0565   175.11   LEFT  
  274.00    0.00   1.612E-02 -155.64  9.357E-04   -8.22      3.27487E-03                 0.0312   177.20   LEFT  
  276.00    0.00   2.422E-02 -154.35  1.120E-03   -5.58      7.38956E-03                 0.0239   177.73   LEFT  
  278.00    0.00   3.239E-02 -152.56  1.377E-03   -2.58      1.32057E-02                 0.0212   177.89   LEFT  
  280.00    0.00   4.062E-02 -150.25  1.708E-03    0.62      2.07695E-02                 0.0204   177.90   LEFT  
  282.00    0.00   4.892E-02 -147.44  2.108E-03    4.00      3.01263E-02                 0.0206   177.83   LEFT  
  284.00    0.00   5.728E-02 -144.13  2.577E-03    7.59      4.13094E-02                 0.0213   177.73   LEFT  
  286.00    0.00   6.568E-02 -140.33  3.109E-03   11.43      5.43255E-02                 0.0224   177.61   LEFT  
  288.00    0.00   7.408E-02 -136.04  3.699E-03   15.57      6.91378E-02                 0.0237   177.48   LEFT  
  290.00    0.00   8.244E-02 -131.27  4.339E-03   20.03      8.56456E-02                 0.0252    -2.64   LEFT  
  292.00    0.00   9.069E-02 -126.03  5.018E-03   24.83      1.03662E-01                 0.0269    -2.77   LEFT  
  294.00    0.00   9.872E-02 -120.32  5.725E-03   29.98      1.22891E-01                 0.0287    -2.89   LEFT  
  296.00    0.00   1.064E-01 -114.16  6.444E-03   35.50      1.42902E-01                 0.0305    -2.99   LEFT  
  298.00    0.00   1.137E-01 -107.56  7.156E-03   41.37      1.63115E-01                 0.0324    -3.09   LEFT  
  300.00    0.00   1.203E-01 -100.52  7.841E-03   47.61      1.82784E-01                 0.0343    -3.17   LEFT  
  302.00    0.00   1.262E-01  -93.05  8.474E-03   54.21      2.00997E-01                 0.0362    -3.24   LEFT  
  304.00    0.00   1.310E-01  -85.17  9.029E-03   61.18      2.16692E-01                 0.0381    -3.29   LEFT  
  306.00    0.00   1.346E-01  -76.87  9.478E-03   68.49      2.28694E-01                 0.0399    -3.32   LEFT  
  308.00    0.00   1.366E-01  -68.18  9.792E-03   76.16      2.35782E-01                 0.0416    -3.34   LEFT  
  310.00    0.00   1.369E-01  -59.09  9.943E-03   84.17      2.36782E-01                 0.0433    -3.34   LEFT  
  312.00    0.00   1.351E-01  -49.61  9.903E-03   92.52      2.30701E-01                 0.0448    -3.32   LEFT  
  314.00    0.00   1.310E-01  -39.72  9.651E-03  101.20      2.16889E-01                 0.0463    -3.28   LEFT  
  316.00    0.00   1.243E-01  -29.42  9.167E-03  110.21      1.95226E-01                 0.0476    -3.22   LEFT  
  318.00    0.00   1.147E-01  -18.67  8.441E-03  119.55      1.66319E-01                 0.0489    -3.15   LEFT  
  320.00    0.00   1.021E-01   -7.37  7.469E-03  129.22      1.31697E-01                 0.0501    -3.05   LEFT  
  322.00    0.00   8.624E-02    4.67  6.261E-03  139.26      9.39635E-02                 0.0516    -2.93   LEFT  
  324.00    0.00   6.711E-02   17.96  4.835E-03  149.73      5.68887E-02                 0.0536    -2.76   LEFT  
  326.00    0.00   4.484E-02   34.29  3.223E-03  160.93      2.53948E-02                 0.0576    -2.46   LEFT  
  328.00    0.00   2.070E-02   64.89  1.470E-03  174.55      5.41300E-03                 0.0668   178.63   LEFT  
  330.00    0.00   1.688E-02  179.03  4.085E-04  -20.67      3.58334E-03                 0.0082   178.70   LINEAR
  332.00    0.00   4.612E-02 -140.24  2.257E-03    7.20      2.67902E-02                 0.0263   177.64   LEFT  
  334.00    0.00   8.045E-02 -121.94  4.076E-03   20.06      8.15474E-02                 0.0311    -2.29   LEFT  
  336.00    0.00   1.173E-01 -107.16  5.773E-03   32.08      1.73269E-01                 0.0321    -2.14   LEFT  
  338.00    0.00   1.557E-01  -93.46  7.270E-03   43.99      3.05495E-01                 0.0315    -1.97   LEFT  
  340.00    0.00   1.951E-01  -80.20  8.493E-03   55.93      4.79151E-01                 0.0301    -1.80   LEFT  
  342.00    0.00   2.345E-01  -67.13  9.380E-03   67.96      6.91952E-01                 0.0282    -1.62   LEFT  
  344.00    0.00   2.730E-01  -54.16  9.877E-03   80.08      9.38055E-01                 0.0259    -1.45   LEFT  
  346.00    0.00   3.099E-01  -41.24  9.950E-03   92.30      1.20804E+00                 0.0233    -1.27   LEFT  
  348.00    0.00   3.441E-01  -28.35  9.584E-03  104.60      1.48927E+00                 0.0204    -1.09   LEFT  
  350.00    0.00   3.749E-01  -15.49  8.784E-03  116.98      1.76670E+00                 0.0173    -0.91   LEFT  
  352.00    0.00   4.013E-01   -2.65  7.580E-03  129.43      2.02398E+00                 0.0140    -0.73   LEFT  
  354.00    0.00   4.226E-01   10.14  6.021E-03  141.93      2.24482E+00                 0.0106    -0.54   LEFT  
  356.00    0.00   4.383E-01   22.89  4.177E-03  154.46      2.41452E+00                 0.0071    -0.36   LINEAR
  358.00    0.00   4.479E-01   35.58  2.134E-03  166.98      2.52139E+00                 0.0036    -0.18   LINEAR
  360.00    0.00   4.512E-01   48.19  1.254E-05   13.05      2.55787E+00                 0.0000  -180.00   LINEAR