  0.00    0.00   1.491E-01   14.20  2.271E-08   69.76      2.79396E-01                 0.0000     0.00   LINEAR
    2.00    0.00   1.480E-01   26.76  1.048E-07   26.69      2.75332E-01                 0.0000     0.00   LINEAR
    4.00    0.00   1.448E-01   39.29  1.928E-07   33.87      2.63434E-01                 0.0000     0.00   LINEAR
    6.00    0.00   1.395E-01   51.76  2.723E-07   44.49      2.44550E-01                 0.0000  -180.00   LINEAR
    8.00    0.00   1.323E-01   64.17  3.391E-07   56.01      2.19996E-01                 0.0000  -180.00   LINEAR
   10.00    0.00   1.234E-01   76.50  3.900E-07   67.87      1.91425E-01                 0.0000  -180.00   LINEAR
   12.00    0.00   1.131E-01   88.72  4.227E-07   79.86      1.60668E-01                 0.0000  -180.00   LINEAR
   14.00    0.00   1.015E-01  100.82  4.363E-07   91.88      1.29562E-01                 0.0000  -180.00   LINEAR
   16.00    0.00   8.912E-02  112.78  4.304E-07  103.89      9.98001E-02                 0.0000  -180.00   LINEAR
   18.00    0.00   7.611E-02  124.56  4.059E-07  115.84      7.27958E-02                 0.0000  -180.00   LINEAR
   20.00    0.00   6.283E-02  136.12  3.644E-07  127.72      4.95998E-02                 0.0000  -180.00   LINEAR
   22.00    0.00   4.955E-02  147.41  3.085E-07  139.52      3.08549E-02                 0.0000  -180.00   LINEAR
   24.00    0.00   3.656E-02  158.30  2.410E-07  151.26      1.67974E-02                 0.0000  -180.00   LINEAR
   26.00    0.00   2.410E-02  168.46  1.653E-07  163.03      7.29764E-03                 0.0000  -180.00   LINEAR
   28.00    0.00   1.239E-02  176.44  8.487E-08  175.35      1.92836E-03                 0.0000  -180.00   LINEAR
   30.00    0.00   1.998E-03  150.66  4.421E-09 -127.73      5.01535E-05                 0.0000  -180.00   LINEAR
   32.00    0.00   8.471E-03   33.44  7.716E-08   12.58      9.01673E-04                 0.0000     0.00   LINEAR
   34.00    0.00   1.712E-02   39.12  1.525E-07   24.43      3.68447E-03                 0.0000     0.00   LINEAR
   36.00    0.00   2.465E-02   47.84  2.209E-07   35.23      7.63463E-03                 0.0000  -180.00   LINEAR
   38.00    0.00   3.100E-02   57.04  2.805E-07   45.59      1.20766E-02                 0.0000  -180.00   LINEAR
   40.00    0.00   3.619E-02   66.25  3.300E-07   55.62      1.64576E-02                 0.0000  -180.00   LINEAR
   42.00    0.00   4.025E-02   75.31  3.687E-07   65.37      2.03633E-02                 0.0000  -180.00   LINEAR
   44.00    0.00   4.326E-02   84.14  3.963E-07   74.82      2.35179E-02                 0.0000  -180.00   LINEAR
   46.00    0.00   4.529E-02   92.72  4.132E-07   84.00      2.57716E-02                 0.0000  -180.00   LINEAR
   48.00    0.00   4.642E-02  101.01  4.198E-07   92.89      2.70814E-02                 0.0000  -180.00   LINEAR
   50.00    0.00   4.677E-02  109.00  4.172E-07  101.50      2.74866E-02                 0.0000  -180.00   LINEAR
   52.00    0.00   4.643E-02  116.67  4.065E-07  109.83      2.70843E-02                 0.0000  -180.00   LINEAR
   54.00    0.00   4.549E-02  124.00  3.888E-07  117.89      2.60072E-02                 0.0000  -180.00   LINEAR
   56.00    0.00   4.407E-02  130.98  3.656E-07  125.69      2.44037E-02                 0.0000  -180.00   LINEAR
   58.00    0.00   4.224E-02  137.62  3.381E-07  133.24      2.24229E-02                 0.0000  -180.00   LINEAR
   60.00    0.00   4.010E-02  143.89  3.076E-07  140.57      2.02038E-02                 0.0000  -180.00   LINEAR
   62.00    0.00   3.771E-02  149.78  2.753E-07  147.71      1.78685E-02                 0.0000  -180.00   LINEAR
   64.00    0.00   3.514E-02  155.30  2.422E-07  154.74      1.55184E-02                 0.0000  -180.00   LINEAR
   66.00    0.00   3.245E-02  160.43  2.094E-07  161.74      1.32335E-02                 0.0000  -180.00   LINEAR
   68.00    0.00   2.968E-02  165.18  1.776E-07  168.84      1.10732E-02                 0.0000  -180.00   LINEAR
   70.00    0.00   2.688E-02  169.52  1.475E-07  176.28      9.07899E-03                 0.0000  -180.00   LINEAR
   72.00    0.00   2.406E-02  173.47  1.199E-07 -175.61      7.27659E-03                 0.0000  -180.00   LINEAR
   74.00    0.00   2.126E-02  177.01  9.524E-08 -166.26      5.67969E-03                 0.0000  -180.00   LINEAR
   76.00    0.00   1.848E-02 -179.86  7.435E-08 -154.82      4.29271E-03                 0.0000  -180.00   LINEAR
   78.00    0.00   1.574E-02 -177.14  5.803E-08 -140.16      3.11360E-03                 0.0000  -180.00   LINEAR
   80.00    0.00   1.304E-02 -174.83  4.719E-08 -121.76      2.13631E-03                 0.0000  -180.00   LINEAR
   82.00    0.00   1.038E-02 -172.94  4.217E-08 -101.54      1.35271E-03                 0.0000  -180.00   LINEAR
   84.00    0.00   7.747E-03 -171.47  4.168E-08  -83.81      7.54217E-04                 0.0000  -180.00   LINEAR
   86.00    0.00   5.148E-03 -170.42  4.333E-08  -71.33      3.33011E-04                 0.0000   180.00   LINEAR
   88.00    0.00   2.569E-03 -169.78  4.509E-08  -64.12      8.29162E-05                 0.0000   180.00   LINEAR
   90.00    0.00   2.722E-08 -131.27  4.582E-08  -61.42      3.56943E-14                 0.5264    73.84   LEFT  
   92.00    0.00   2.569E-03   10.21  4.512E-08  -62.84      8.29135E-05                 0.0000     0.00   LINEAR
   94.00    0.00   5.148E-03    9.58  4.317E-08  -68.67      3.33005E-04                 0.0000     0.00   LINEAR
   96.00    0.00   7.747E-03    8.53  4.088E-08  -79.80      7.54208E-04                 0.0000     0.00   LINEAR
   98.00    0.00   1.038E-02    7.06  4.009E-08  -96.83      1.35270E-03                 0.0000    -0.00   LINEAR
  100.00    0.00   1.304E-02    5.17  4.341E-08 -117.81      2.13630E-03                 0.0000    -0.00   LINEAR
  102.00    0.00   1.574E-02    2.86  5.266E-08 -137.88      3.11359E-03                 0.0000    -0.00   LINEAR
  104.00    0.00   1.848E-02    0.14  6.779E-08 -153.95      4.29269E-03                 0.0000    -0.00   LINEAR
  106.00    0.00   2.126E-02   -2.99  8.780E-08 -166.26      5.67967E-03                 0.0000    -0.00   LINEAR
  108.00    0.00   2.406E-02   -6.53  1.118E-07 -176.07      7.27657E-03                 0.0000    -0.00   LINEAR
  110.00    0.00   2.688E-02  -10.48  1.389E-07  175.57      9.07897E-03                 0.0000    -0.00   LINEAR
  112.00    0.00   2.968E-02  -14.82  1.686E-07  168.01      1.10732E-02                 0.0000    -0.00   LINEAR
  114.00    0.00   3.245E-02  -19.57  2.002E-07  160.85      1.32334E-02                 0.0000    -0.00   LINEAR
  116.00    0.00   3.514E-02  -24.70  2.330E-07  153.83      1.55184E-02                 0.0000    -0.00   LINEAR
  118.00    0.00   3.771E-02  -30.22  2.662E-07  146.80      1.78685E-02                 0.0000    -0.00   LINEAR
  120.00    0.00   4.010E-02  -36.11  2.988E-07  139.65      2.02038E-02                 0.0000    -0.00   LINEAR
  122.00    0.00   4.224E-02  -42.38  3.299E-07  132.33      2.24228E-02                 0.0000    -0.00   LINEAR
  124.00    0.00   4.407E-02  -49.02  3.581E-07  124.79      2.44037E-02                 0.0000    -0.00   LINEAR
  126.00    0.00   4.549E-02  -56.00  3.824E-07  117.01      2.60072E-02                 0.0000    -0.00   LINEAR
  128.00    0.00   4.643E-02  -63.33  4.013E-07  108.96      2.70843E-02                 0.0000    -0.00   LINEAR
  130.00    0.00   4.677E-02  -71.00  4.136E-07  100.65      2.74865E-02                 0.0000    -0.00   LINEAR
  132.00    0.00   4.642E-02  -78.99  4.179E-07   92.05      2.70814E-02                 0.0000    -0.00   LINEAR
  134.00    0.00   4.529E-02  -87.28  4.133E-07   83.18      2.57716E-02                 0.0000    -0.00   LINEAR
  136.00    0.00   4.326E-02  -95.86  3.986E-07   74.04      2.35178E-02                 0.0000    -0.00   LINEAR
  138.00    0.00   4.025E-02 -104.69  3.734E-07   64.62      2.03633E-02                 0.0000    -0.00   LINEAR
  140.00    0.00   3.619E-02 -113.75  3.373E-07   54.95      1.64576E-02                 0.0000    -0.00   LINEAR
  142.00    0.00   3.100E-02 -122.96  2.904E-07   45.02      1.20766E-02                 0.0000    -0.00   LINEAR
  144.00    0.00   2.465E-02 -132.16  2.335E-07   34.87      7.63462E-03                 0.0000    -0.00   LINEAR
  146.00    0.00   1.712E-02 -140.88  1.677E-07   24.54      3.68446E-03                 0.0000   180.00   LINEAR
  148.00    0.00   8.471E-03 -146.56  9.480E-08   14.20      9.01668E-04                 0.0000   180.00   LINEAR
  150.00    0.00   1.998E-03  -29.34  1.710E-08    6.90      5.01539E-05                 0.0000     0.00   LINEAR
  152.00    0.00   1.239E-02   -3.56  6.280E-08  170.15      1.92837E-03                 0.0000    -0.00   LINEAR
  154.00    0.00   2.410E-02  -11.54  1.416E-07  159.48      7.29766E-03                 0.0000    -0.00   LINEAR
  156.00    0.00   3.656E-02  -21.70  2.161E-07  148.14      1.67974E-02                 0.0000    -0.00   LINEAR
  158.00    0.00   4.955E-02  -32.59  2.829E-07  136.51      3.08549E-02                 0.0000    -0.00   LINEAR
  160.00    0.00   6.283E-02  -43.88  3.388E-07  124.67      4.95999E-02                 0.0000    -0.00   LINEAR
  162.00    0.00   7.611E-02  -55.44  3.807E-07  112.64      7.27959E-02                 0.0000    -0.00   LINEAR
  164.00    0.00   8.912E-02  -67.22  4.064E-07  100.45      9.98002E-02                 0.0000    -0.00   LINEAR
  166.00    0.00   1.015E-01  -79.18  4.140E-07   88.09      1.29563E-01                 0.0000    -0.00   LINEAR
  168.00    0.00   1.131E-01  -91.28  4.029E-07   75.57      1.60668E-01                 0.0000    -0.00   LINEAR
  170.00    0.00   1.234E-01 -103.50  3.731E-07   62.85      1.91425E-01                 0.0000    -0.00   LINEAR
  172.00    0.00   1.323E-01 -115.83  3.257E-07   49.88      2.19996E-01                 0.0000    -0.00   LINEAR
  174.00    0.00   1.395E-01 -128.24  2.628E-07   36.50      2.44550E-01                 0.0000    -0.00   LINEAR
  176.00    0.00   1.448E-01 -140.71  1.874E-07   22.25      2.63434E-01                 0.0000   180.00   LINEAR
  178.00    0.00   1.480E-01 -153.24  1.036E-07    5.00      2.75332E-01                 0.0000   180.00   LINEAR
  180.00    0.00   1.491E-01 -165.80  2.237E-08  -52.98      2.79396E-01                 0.0000   180.00   LINEAR
  182.00    0.00   1.480E-01 -178.39  7.917E-08 -176.56      2.75334E-01                 0.0000  -180.00   LINEAR
  184.00    0.00   1.448E-01  169.03  1.635E-07  163.81      2.63437E-01                 0.0000  -180.00   LINEAR
  186.00    0.00   1.395E-01  156.45  2.403E-07  149.14      2.44555E-01                 0.0000  -180.00   LINEAR
  188.00    0.00   1.323E-01  143.90  3.051E-07  135.65      2.20002E-01                 0.0000  -180.00   LINEAR
  190.00    0.00   1.234E-01  131.39  3.549E-07  122.67      1.91432E-01                 0.0000  -180.00   LINEAR
  192.00    0.00   1.131E-01  118.92  3.874E-07  109.99      1.60675E-01                 0.0000  -180.00   LINEAR
  194.00    0.00   1.015E-01  106.52  4.015E-07   97.54      1.29569E-01                 0.0000  -180.00   LINEAR
  196.00    0.00   8.912E-02   94.18  3.968E-07   85.29      9.98056E-02                 0.0000  -180.00   LINEAR
  198.00    0.00   7.611E-02   81.91  3.741E-07   73.24      7.28003E-02                 0.0000  -180.00   LINEAR
  200.00    0.00   6.283E-02   69.70  3.350E-07   61.41      4.96033E-02                 0.0000  -180.00   LINEAR
  202.00    0.00   4.955E-02   57.51  2.818E-07   49.83      3.08573E-02                 0.0000  -180.00   LINEAR
  204.00    0.00   3.656E-02   45.24  2.173E-07   38.60      1.67989E-02                 0.0000  -180.00   LINEAR
  206.00    0.00   2.410E-02   32.61  1.447E-07   27.95      7.29840E-03                 0.0000     0.00   LINEAR
  208.00    0.00   1.239E-02   18.18  6.752E-08   19.29      1.92864E-03                 0.0000     0.00   LINEAR
  210.00    0.00   1.999E-03  -29.62  1.272E-08  158.10      5.02179E-05                 0.0000    -0.00   LINEAR
  212.00    0.00   8.471E-03 -168.36  8.873E-08  169.45      9.01774E-04                 0.0000  -180.00   LINEAR
  214.00    0.00   1.712E-02  176.23  1.613E-07  160.60      3.68482E-03                 0.0000  -180.00   LINEAR
  216.00    0.00   2.465E-02  164.35  2.272E-07  150.99      7.63540E-03                 0.0000  -180.00   LINEAR
  218.00    0.00   3.100E-02  153.46  2.847E-07  141.38      1.20779E-02                 0.0000  -180.00   LINEAR
  220.00    0.00   3.619E-02  143.12  3.323E-07  131.94      1.64595E-02                 0.0000  -180.00   LINEAR
  222.00    0.00   4.026E-02  133.20  3.695E-07  122.75      2.03657E-02                 0.0000  -180.00   LINEAR
  224.00    0.00   4.326E-02  123.64  3.959E-07  113.86      2.35208E-02                 0.0000  -180.00   LINEAR
  226.00    0.00   4.529E-02  114.44  4.119E-07  105.28      2.57749E-02                 0.0000  -180.00   LINEAR
  228.00    0.00   4.643E-02  105.58  4.181E-07   97.04      2.70850E-02                 0.0000  -180.00   LINEAR
  230.00    0.00   4.677E-02   97.07  4.152E-07   89.17      2.74904E-02                 0.0000  -180.00   LINEAR
  232.00    0.00   4.643E-02   88.91  4.044E-07   81.70      2.70882E-02                 0.0000  -180.00   LINEAR
  234.00    0.00   4.550E-02   81.10  3.870E-07   74.63      2.60110E-02                 0.0000  -180.00   LINEAR
  236.00    0.00   4.407E-02   73.66  3.642E-07   68.02      2.44073E-02                 0.0000  -180.00   LINEAR
  238.00    0.00   4.224E-02   66.60  3.374E-07   61.88      2.24263E-02                 0.0000  -180.00   LINEAR
  240.00    0.00   4.010E-02   59.92  3.076E-07   56.25      2.02070E-02                 0.0000  -180.00   LINEAR
  242.00    0.00   3.771E-02   53.62  2.762E-07   51.20      1.78713E-02                 0.0000  -180.00   LINEAR
  244.00    0.00   3.514E-02   47.72  2.441E-07   46.78      1.55209E-02                 0.0000  -180.00   LINEAR
  246.00    0.00   3.245E-02   42.23  2.123E-07   43.10      1.32357E-02                 0.0000     0.00   LINEAR
  248.00    0.00   2.969E-02   37.14  1.816E-07   40.27      1.10751E-02                 0.0000     0.00   LINEAR
  250.00    0.00   2.688E-02   32.48  1.526E-07   38.48      9.08054E-03                 0.0000     0.00   LINEAR
  252.00    0.00   2.407E-02   28.23  1.260E-07   38.01      7.27785E-03                 0.0000     0.00   LINEAR
  254.00    0.00   2.126E-02   24.42  1.023E-07   39.22      5.68068E-03                 0.0000     0.00   LINEAR
  256.00    0.00   1.848E-02   21.05  8.207E-08   42.66      4.29346E-03                 0.0000     0.00   LINEAR
  258.00    0.00   1.574E-02   18.11  6.579E-08   48.90      3.11416E-03                 0.0000     0.00   LINEAR
  260.00    0.00   1.304E-02   15.62  5.394E-08   58.21      2.13669E-03                 0.0000     0.00   LINEAR
  262.00    0.00   1.038E-02   13.57  4.663E-08   69.71      1.35295E-03                 0.0000     0.00   LINEAR
  264.00    0.00   7.748E-03   11.98  4.320E-08   81.10      7.54353E-04                 0.0000     0.00   LINEAR
  266.00    0.00   5.148E-03   10.84  4.221E-08   89.96      3.33071E-04                 0.0000     0.00   LINEAR
  268.00    0.00   2.569E-03   10.16  4.216E-08   95.10      8.29313E-05                 0.0000     0.00   LINEAR
  270.00    0.00   2.911E-08  -27.81  4.210E-08   96.32      3.29221E-14                 0.4743   -61.97   LEFT  
  272.00    0.00   2.569E-03 -169.84  4.179E-08   93.62      8.29284E-05                 0.0000   180.00   LINEAR
  274.00    0.00   5.148E-03 -169.16  4.171E-08   86.93      3.33065E-04                 0.0000   180.00   LINEAR
  276.00    0.00   7.748E-03 -168.02  4.307E-08   76.60      7.54344E-04                 0.0000   180.00   LINEAR
  278.00    0.00   1.038E-02 -166.43  4.748E-08   64.36      1.35294E-03                 0.0000   180.00   LINEAR
  280.00    0.00   1.304E-02 -164.38  5.617E-08   52.96      2.13668E-03                 0.0000   180.00   LINEAR
  282.00    0.00   1.574E-02 -161.89  6.949E-08   44.38      3.11414E-03                 0.0000   180.00   LINEAR
  284.00    0.00   1.848E-02 -158.95  8.711E-08   38.97      4.29344E-03                 0.0000   180.00   LINEAR
  286.00    0.00   2.126E-02 -155.58  1.085E-07   36.24      5.68066E-03                 0.0000   180.00   LINEAR
  288.00    0.00   2.407E-02 -151.77  1.331E-07   35.56      7.27782E-03                 0.0000   180.00   LINEAR
  290.00    0.00   2.688E-02 -147.52  1.604E-07   36.43      9.08051E-03                 0.0000   180.00   LINEAR
  292.00    0.00   2.969E-02 -142.86  1.899E-07   38.50      1.10751E-02                 0.0000   180.00   LINEAR
  294.00    0.00   3.245E-02 -137.77  2.210E-07   41.55      1.32356E-02                 0.0000   180.00   LINEAR
  296.00    0.00   3.514E-02 -132.28  2.530E-07   45.39      1.55209E-02                 0.0000    -0.00   LINEAR
  298.00    0.00   3.771E-02 -126.38  2.850E-07   49.93      1.78713E-02                 0.0000    -0.00   LINEAR
  300.00    0.00   4.010E-02 -120.09  3.161E-07   55.07      2.02069E-02                 0.0000    -0.00   LINEAR
  302.00    0.00   4.224E-02 -113.40  3.452E-07   60.77      2.24263E-02                 0.0000    -0.00   LINEAR
  304.00    0.00   4.407E-02 -106.34  3.713E-07   66.97      2.44073E-02                 0.0000    -0.00   LINEAR
  306.00    0.00   4.550E-02  -98.90  3.930E-07   73.63      2.60110E-02                 0.0000    -0.00   LINEAR
  308.00    0.00   4.643E-02  -91.09  4.090E-07   80.72      2.70882E-02                 0.0000    -0.00   LINEAR
  310.00    0.00   4.677E-02  -82.93  4.181E-07   88.23      2.74903E-02                 0.0000    -0.00   LINEAR
  312.00    0.00   4.643E-02  -74.42  4.191E-07   96.11      2.70850E-02                 0.0000    -0.00   LINEAR
  314.00    0.00   4.529E-02  -65.56  4.108E-07  104.37      2.57749E-02                 0.0000    -0.00   LINEAR
  316.00    0.00   4.326E-02  -56.36  3.924E-07  112.97      2.35207E-02                 0.0000    -0.00   LINEAR
  318.00    0.00   4.026E-02  -46.80  3.633E-07  121.89      2.03657E-02                 0.0000    -0.00   LINEAR
  320.00    0.00   3.619E-02  -36.88  3.234E-07  131.11      1.64595E-02                 0.0000    -0.00   LINEAR
  322.00    0.00   3.100E-02  -26.54  2.728E-07  140.61      1.20779E-02                 0.0000    -0.00   LINEAR
  324.00    0.00   2.465E-02  -15.65  2.125E-07  150.33      7.63539E-03                 0.0000    -0.00   LINEAR
  326.00    0.00   1.712E-02   -3.77  1.437E-07  160.16      3.68481E-03                 0.0000    -0.00   LINEAR
  328.00    0.00   8.471E-03   11.64  6.822E-08  169.55      9.01770E-04                 0.0000    -0.00   LINEAR
  330.00    0.00   1.999E-03  150.38  1.175E-08   13.16      5.02192E-05                 0.0000   180.00   LINEAR
  332.00    0.00   1.239E-02 -161.82  9.266E-08   14.31      1.92865E-03                 0.0000   180.00   LINEAR
  334.00    0.00   2.410E-02 -147.40  1.720E-07   24.72      7.29842E-03                 0.0000   180.00   LINEAR
  336.00    0.00   3.656E-02 -134.76  2.462E-07   35.73      1.67989E-02                 0.0000    -0.00   LINEAR
  338.00    0.00   4.955E-02 -122.49  3.117E-07   47.03      3.08574E-02                 0.0000    -0.00   LINEAR
  340.00    0.00   6.283E-02 -110.30  3.655E-07   58.53      4.96034E-02                 0.0000    -0.00   LINEAR
  342.00    0.00   7.611E-02  -98.09  4.045E-07   70.19      7.28004E-02                 0.0000    -0.00   LINEAR
  344.00    0.00   8.912E-02  -85.82  4.264E-07   81.97      9.98057E-02                 0.0000    -0.00   LINEAR
  346.00    0.00   1.015E-01  -73.48  4.297E-07   93.83      1.29569E-01                 0.0000    -0.00   LINEAR
  348.00    0.00   1.131E-01  -61.08  4.137E-07  105.73      1.60675E-01                 0.0000    -0.00   LINEAR
  350.00    0.00   1.234E-01  -48.61  3.785E-07  117.60      1.91432E-01                 0.0000    -0.00   LINEAR
  352.00    0.00   1.323E-01  -36.10  3.256E-07  129.34      2.20002E-01                 0.0000    -0.00   LINEAR
  354.00    0.00   1.395E-01  -23.55  2.571E-07  140.70      2.44555E-01                 0.0000    -0.00   LINEAR
  356.00    0.00   1.448E-01  -10.97  1.763E-07  150.96      2.63437E-01                 0.0000    -0.00   LINEAR
  358.00    0.00   1.480E-01    1.61  8.780E-08  156.44      2.75334E-01                 0.0000    -0.00   LINEAR
  360.00    0.00   1.491E-01   14.20  2.271E-08   69.76      2.79396E-01                 0.0000     0.00   LINEAR