 0.00    0.00   0.000E+00    0.00  0.000E+00    0.00      0.00000E+00                 0.0000     0.00   UNDEF.
    2.00    0.00   3.971E-03   16.40  0.000E+00    0.00      1.98127E-04                 0.0000     0.00   LINEAR
    4.00    0.00   7.959E-03   15.79  0.000E+00    0.00      7.95976E-04                 0.0000     0.00   LINEAR
    6.00    0.00   1.198E-02   14.76  0.000E+00    0.00      1.80369E-03                 0.0000     0.00   LINEAR
    8.00    0.00   1.605E-02   13.33  0.000E+00    0.00      3.23729E-03                 0.0000     0.00   LINEAR
   10.00    0.00   2.018E-02   11.49  0.000E+00    0.00      5.11729E-03                 0.0000     0.00   LINEAR
   12.00    0.00   2.438E-02    9.25  0.000E+00    0.00      7.46657E-03                 0.0000     0.00   LINEAR
   14.00    0.00   2.864E-02    6.60  0.000E+00    0.00      1.03075E-02                 0.0000     0.00   LINEAR
   16.00    0.00   3.297E-02    3.55  0.000E+00    0.00      1.36583E-02                 0.0000     0.00   LINEAR
   18.00    0.00   3.735E-02    0.10  0.000E+00    0.00      1.75277E-02                 0.0000     0.00   LINEAR
   20.00    0.00   4.176E-02   -3.75  0.000E+00    0.00      2.19096E-02                 0.0000     0.00   LINEAR
   22.00    0.00   4.616E-02   -8.00  0.000E+00    0.00      2.67760E-02                 0.0000     0.00   LINEAR
   24.00    0.00   5.052E-02  -12.63  0.000E+00    0.00      3.20690E-02                 0.0000     0.00   LINEAR
   26.00    0.00   5.477E-02  -17.65  0.000E+00    0.00      3.76932E-02                 0.0000     0.00   LINEAR
   28.00    0.00   5.884E-02  -23.05  0.000E+00    0.00      4.35080E-02                 0.0000     0.00   LINEAR
   30.00    0.00   6.265E-02  -28.82  0.000E+00    0.00      4.93213E-02                 0.0000     0.00   LINEAR
   32.00    0.00   6.609E-02  -34.97  0.000E+00    0.00      5.48863E-02                 0.0000     0.00   LINEAR
   34.00    0.00   6.904E-02  -41.47  0.000E+00    0.00      5.99024E-02                 0.0000     0.00   LINEAR
   36.00    0.00   7.138E-02  -48.32  0.000E+00    0.00      6.40236E-02                 0.0000     0.00   LINEAR
   38.00    0.00   7.295E-02  -55.52  0.000E+00    0.00      6.68738E-02                 0.0000     0.00   LINEAR
   40.00    0.00   7.360E-02  -63.05  0.000E+00    0.00      6.80742E-02                 0.0000     0.00   LINEAR
   42.00    0.00   7.317E-02  -70.89  0.000E+00    0.00      6.72798E-02                 0.0000     0.00   LINEAR
   44.00    0.00   7.149E-02  -79.03  0.000E+00    0.00      6.42291E-02                 0.0000     0.00   LINEAR
   46.00    0.00   6.841E-02  -87.45  0.000E+00    0.00      5.88020E-02                 0.0000     0.00   LINEAR
   48.00    0.00   6.376E-02  -96.12  0.000E+00    0.00      5.10837E-02                 0.0000     0.00   LINEAR
   50.00    0.00   5.742E-02 -104.98  0.000E+00    0.00      4.14280E-02                 0.0000     0.00   LINEAR
   52.00    0.00   4.928E-02 -113.93  0.000E+00    0.00      3.05126E-02                 0.0000     0.00   LINEAR
   54.00    0.00   3.926E-02 -122.78  0.000E+00    0.00      1.93737E-02                 0.0000     0.00   LINEAR
   56.00    0.00   2.737E-02 -130.88  0.000E+00    0.00      9.41203E-03                 0.0000     0.00   LINEAR
   58.00    0.00   1.369E-02 -134.80  0.000E+00    0.00      2.35626E-03                 0.0000     0.00   LINEAR
   60.00    0.00   3.776E-03  -30.45  0.000E+00    0.00      1.79178E-04                 0.0000     0.00   LINEAR
   62.00    0.00   1.987E-02    2.62  0.000E+00    0.00      4.96091E-03                 0.0000     0.00   LINEAR
   64.00    0.00   3.858E-02   -4.14  0.000E+00    0.00      1.87040E-02                 0.0000     0.00   LINEAR
   66.00    0.00   5.857E-02  -13.80  0.000E+00    0.00      4.31112E-02                 0.0000     0.00   LINEAR
   68.00    0.00   7.946E-02  -24.41  0.000E+00    0.00      7.93465E-02                 0.0000     0.00   LINEAR
   70.00    0.00   1.008E-01  -35.52  0.000E+00    0.00      1.27806E-01                 0.0000     0.00   LINEAR
   72.00    0.00   1.223E-01  -46.94  0.000E+00    0.00      1.87930E-01                 0.0000     0.00   LINEAR
   74.00    0.00   1.433E-01  -58.62  0.000E+00    0.00      2.58090E-01                 0.0000     0.00   LINEAR
   76.00    0.00   1.634E-01  -70.49  0.000E+00    0.00      3.35577E-01                 0.0000     0.00   LINEAR
   78.00    0.00   1.821E-01  -82.52  0.000E+00    0.00      4.16709E-01                 0.0000     0.00   LINEAR
   80.00    0.00   1.989E-01  -94.69  0.000E+00    0.00      4.97058E-01                 0.0000     0.00   LINEAR
   82.00    0.00   2.133E-01 -106.97  0.000E+00    0.00      5.71793E-01                 0.0000     0.00   LINEAR
   84.00    0.00   2.250E-01 -119.35  0.000E+00    0.00      6.36087E-01                 0.0000     0.00   LINEAR
   86.00    0.00   2.336E-01 -131.81  0.000E+00    0.00      6.85573E-01                 0.0000     0.00   LINEAR
   88.00    0.00   2.388E-01 -144.32  0.000E+00    0.00      7.16767E-01                 0.0000   180.00   LINEAR
   90.00    0.00   2.406E-01 -156.88  0.000E+00    0.00      7.27424E-01                 0.0000   180.00   LINEAR
   92.00    0.00   2.388E-01 -169.47  0.000E+00    0.00      7.16767E-01                 0.0000   180.00   LINEAR
   94.00    0.00   2.336E-01  177.93  0.000E+00    0.00      6.85573E-01                 0.0000   180.00   LINEAR
   96.00    0.00   2.250E-01  165.34  0.000E+00    0.00      6.36087E-01                 0.0000   180.00   LINEAR
   98.00    0.00   2.133E-01  152.75  0.000E+00    0.00      5.71793E-01                 0.0000   180.00   LINEAR
  100.00    0.00   1.989E-01  140.20  0.000E+00    0.00      4.97058E-01                 0.0000   180.00   LINEAR
  102.00    0.00   1.821E-01  127.68  0.000E+00    0.00      4.16709E-01                 0.0000   180.00   LINEAR
  104.00    0.00   1.634E-01  115.21  0.000E+00    0.00      3.35577E-01                 0.0000   180.00   LINEAR
  106.00    0.00   1.433E-01  102.79  0.000E+00    0.00      2.58090E-01                 0.0000   180.00   LINEAR
  108.00    0.00   1.223E-01   90.41  0.000E+00    0.00      1.87930E-01                 0.0000   180.00   LINEAR
  110.00    0.00   1.008E-01   78.06  0.000E+00    0.00      1.27806E-01                 0.0000   180.00   LINEAR
  112.00    0.00   7.946E-02   65.68  0.000E+00    0.00      7.93465E-02                 0.0000   180.00   LINEAR
  114.00    0.00   5.857E-02   53.14  0.000E+00    0.00      4.31112E-02                 0.0000   180.00   LINEAR
  116.00    0.00   3.858E-02   40.01  0.000E+00    0.00      1.87040E-02                 0.0000     0.00   LINEAR
  118.00    0.00   1.987E-02   24.36  0.000E+00    0.00      4.96091E-03                 0.0000     0.00   LINEAR
  120.00    0.00   3.776E-03  -30.70  0.000E+00    0.00      1.79176E-04                 0.0000     0.00   LINEAR
  122.00    0.00   1.369E-02 -156.61  0.000E+00    0.00      2.35627E-03                 0.0000   180.00   LINEAR
  124.00    0.00   2.737E-02 -173.78  0.000E+00    0.00      9.41204E-03                 0.0000   180.00   LINEAR
  126.00    0.00   3.926E-02  173.72  0.000E+00    0.00      1.93738E-02                 0.0000   180.00   LINEAR
  128.00    0.00   4.928E-02  162.48  0.000E+00    0.00      3.05126E-02                 0.0000   180.00   LINEAR
  130.00    0.00   5.742E-02  151.90  0.000E+00    0.00      4.14280E-02                 0.0000   180.00   LINEAR
  132.00    0.00   6.376E-02  141.77  0.000E+00    0.00      5.10837E-02                 0.0000   180.00   LINEAR
  134.00    0.00   6.841E-02  132.05  0.000E+00    0.00      5.88021E-02                 0.0000   180.00   LINEAR
  136.00    0.00   7.149E-02  122.68  0.000E+00    0.00      6.42292E-02                 0.0000   180.00   LINEAR
  138.00    0.00   7.317E-02  113.67  0.000E+00    0.00      6.72798E-02                 0.0000   180.00   LINEAR
  140.00    0.00   7.360E-02  105.02  0.000E+00    0.00      6.80742E-02                 0.0000   180.00   LINEAR
  142.00    0.00   7.295E-02   96.72  0.000E+00    0.00      6.68739E-02                 0.0000   180.00   LINEAR
  144.00    0.00   7.138E-02   88.78  0.000E+00    0.00      6.40236E-02                 0.0000   180.00   LINEAR
  146.00    0.00   6.904E-02   81.21  0.000E+00    0.00      5.99025E-02                 0.0000   180.00   LINEAR
  148.00    0.00   6.609E-02   74.02  0.000E+00    0.00      5.48863E-02                 0.0000   180.00   LINEAR
  150.00    0.00   6.265E-02   67.21  0.000E+00    0.00      4.93214E-02                 0.0000   180.00   LINEAR
  152.00    0.00   5.884E-02   60.79  0.000E+00    0.00      4.35081E-02                 0.0000   180.00   LINEAR
  154.00    0.00   5.477E-02   54.77  0.000E+00    0.00      3.76932E-02                 0.0000   180.00   LINEAR
  156.00    0.00   5.052E-02   49.16  0.000E+00    0.00      3.20690E-02                 0.0000   180.00   LINEAR
  158.00    0.00   4.616E-02   43.97  0.000E+00    0.00      2.67760E-02                 0.0000     0.00   LINEAR
  160.00    0.00   4.176E-02   39.20  0.000E+00    0.00      2.19096E-02                 0.0000     0.00   LINEAR
  162.00    0.00   3.735E-02   34.86  0.000E+00    0.00      1.75277E-02                 0.0000     0.00   LINEAR
  164.00    0.00   3.297E-02   30.96  0.000E+00    0.00      1.36583E-02                 0.0000     0.00   LINEAR
  166.00    0.00   2.864E-02   27.50  0.000E+00    0.00      1.03075E-02                 0.0000     0.00   LINEAR
  168.00    0.00   2.438E-02   24.50  0.000E+00    0.00      7.46657E-03                 0.0000     0.00   LINEAR
  170.00    0.00   2.018E-02   21.94  0.000E+00    0.00      5.11729E-03                 0.0000     0.00   LINEAR
  172.00    0.00   1.605E-02   19.85  0.000E+00    0.00      3.23729E-03                 0.0000     0.00   LINEAR
  174.00    0.00   1.198E-02   18.21  0.000E+00    0.00      1.80369E-03                 0.0000     0.00   LINEAR
  176.00    0.00   7.959E-03   17.04  0.000E+00    0.00      7.95976E-04                 0.0000     0.00   LINEAR
  178.00    0.00   3.971E-03   16.34  0.000E+00    0.00      1.98127E-04                 0.0000     0.00   LINEAR
  180.00    0.00   1.392E-17   16.11  0.000E+00    0.00      2.43507E-33                 0.0000     0.00   LINEAR
  182.00    0.00   3.971E-03 -163.66  0.000E+00    0.00      1.98127E-04                 0.0000   180.00   LINEAR
  184.00    0.00   7.959E-03 -162.96  0.000E+00    0.00      7.95976E-04                 0.0000   180.00   LINEAR
  186.00    0.00   1.198E-02 -161.79  0.000E+00    0.00      1.80369E-03                 0.0000   180.00   LINEAR
  188.00    0.00   1.605E-02 -160.15  0.000E+00    0.00      3.23729E-03                 0.0000   180.00   LINEAR
  190.00    0.00   2.018E-02 -158.06  0.000E+00    0.00      5.11729E-03                 0.0000   180.00   LINEAR
  192.00    0.00   2.438E-02 -155.50  0.000E+00    0.00      7.46657E-03                 0.0000   180.00   LINEAR
  194.00    0.00   2.864E-02 -152.50  0.000E+00    0.00      1.03075E-02                 0.0000   180.00   LINEAR
  196.00    0.00   3.297E-02 -149.04  0.000E+00    0.00      1.36583E-02                 0.0000   180.00   LINEAR
  198.00    0.00   3.735E-02 -145.14  0.000E+00    0.00      1.75277E-02                 0.0000   180.00   LINEAR
  200.00    0.00   4.176E-02 -140.80  0.000E+00    0.00      2.19096E-02                 0.0000   180.00   LINEAR
  202.00    0.00   4.616E-02 -136.03  0.000E+00    0.00      2.67760E-02                 0.0000   180.00   LINEAR
  204.00    0.00   5.052E-02 -130.84  0.000E+00    0.00      3.20690E-02                 0.0000     0.00   LINEAR
  206.00    0.00   5.477E-02 -125.23  0.000E+00    0.00      3.76932E-02                 0.0000     0.00   LINEAR
  208.00    0.00   5.884E-02 -119.21  0.000E+00    0.00      4.35081E-02                 0.0000     0.00   LINEAR
  210.00    0.00   6.265E-02 -112.79  0.000E+00    0.00      4.93214E-02                 0.0000     0.00   LINEAR
  212.00    0.00   6.609E-02 -105.98  0.000E+00    0.00      5.48863E-02                 0.0000     0.00   LINEAR
  214.00    0.00   6.904E-02  -98.79  0.000E+00    0.00      5.99025E-02                 0.0000     0.00   LINEAR
  216.00    0.00   7.138E-02  -91.22  0.000E+00    0.00      6.40236E-02                 0.0000     0.00   LINEAR
  218.00    0.00   7.295E-02  -83.28  0.000E+00    0.00      6.68739E-02                 0.0000     0.00   LINEAR
  220.00    0.00   7.360E-02  -74.98  0.000E+00    0.00      6.80742E-02                 0.0000     0.00   LINEAR
  222.00    0.00   7.317E-02  -66.33  0.000E+00    0.00      6.72798E-02                 0.0000     0.00   LINEAR
  224.00    0.00   7.149E-02  -57.32  0.000E+00    0.00      6.42292E-02                 0.0000     0.00   LINEAR
  226.00    0.00   6.841E-02  -47.95  0.000E+00    0.00      5.88021E-02                 0.0000     0.00   LINEAR
  228.00    0.00   6.376E-02  -38.23  0.000E+00    0.00      5.10837E-02                 0.0000     0.00   LINEAR
  230.00    0.00   5.742E-02  -28.10  0.000E+00    0.00      4.14280E-02                 0.0000     0.00   LINEAR
  232.00    0.00   4.928E-02  -17.52  0.000E+00    0.00      3.05126E-02                 0.0000     0.00   LINEAR
  234.00    0.00   3.926E-02   -6.28  0.000E+00    0.00      1.93738E-02                 0.0000     0.00   LINEAR
  236.00    0.00   2.737E-02    6.22  0.000E+00    0.00      9.41204E-03                 0.0000     0.00   LINEAR
  238.00    0.00   1.369E-02   23.39  0.000E+00    0.00      2.35627E-03                 0.0000     0.00   LINEAR
  240.00    0.00   3.776E-03  149.30  0.000E+00    0.00      1.79175E-04                 0.0000   180.00   LINEAR
  242.00    0.00   1.987E-02 -155.64  0.000E+00    0.00      4.96091E-03                 0.0000   180.00   LINEAR
  244.00    0.00   3.858E-02 -139.99  0.000E+00    0.00      1.87040E-02                 0.0000   180.00   LINEAR
  246.00    0.00   5.857E-02 -126.86  0.000E+00    0.00      4.31112E-02                 0.0000     0.00   LINEAR
  248.00    0.00   7.946E-02 -114.32  0.000E+00    0.00      7.93465E-02                 0.0000     0.00   LINEAR
  250.00    0.00   1.008E-01 -101.94  0.000E+00    0.00      1.27806E-01                 0.0000     0.00   LINEAR
  252.00    0.00   1.223E-01  -89.59  0.000E+00    0.00      1.87930E-01                 0.0000     0.00   LINEAR
  254.00    0.00   1.433E-01  -77.21  0.000E+00    0.00      2.58090E-01                 0.0000     0.00   LINEAR
  256.00    0.00   1.634E-01  -64.79  0.000E+00    0.00      3.35577E-01                 0.0000     0.00   LINEAR
  258.00    0.00   1.821E-01  -52.32  0.000E+00    0.00      4.16709E-01                 0.0000     0.00   LINEAR
  260.00    0.00   1.989E-01  -39.80  0.000E+00    0.00      4.97058E-01                 0.0000     0.00   LINEAR
  262.00    0.00   2.133E-01  -27.25  0.000E+00    0.00      5.71793E-01                 0.0000     0.00   LINEAR
  264.00    0.00   2.250E-01  -14.66  0.000E+00    0.00      6.36087E-01                 0.0000     0.00   LINEAR
  266.00    0.00   2.336E-01   -2.07  0.000E+00    0.00      6.85573E-01                 0.0000     0.00   LINEAR
  268.00    0.00   2.388E-01   10.53  0.000E+00    0.00      7.16767E-01                 0.0000     0.00   LINEAR
  270.00    0.00   2.406E-01   23.12  0.000E+00    0.00      7.27424E-01                 0.0000     0.00   LINEAR
  272.00    0.00   2.388E-01   35.68  0.000E+00    0.00      7.16767E-01                 0.0000     0.00   LINEAR
  274.00    0.00   2.336E-01   48.19  0.000E+00    0.00      6.85573E-01                 0.0000   180.00   LINEAR
  276.00    0.00   2.250E-01   60.65  0.000E+00    0.00      6.36087E-01                 0.0000   180.00   LINEAR
  278.00    0.00   2.133E-01   73.03  0.000E+00    0.00      5.71793E-01                 0.0000   180.00   LINEAR
  280.00    0.00   1.989E-01   85.31  0.000E+00    0.00      4.97058E-01                 0.0000   180.00   LINEAR
  282.00    0.00   1.821E-01   97.48  0.000E+00    0.00      4.16709E-01                 0.0000   180.00   LINEAR
  284.00    0.00   1.634E-01  109.51  0.000E+00    0.00      3.35577E-01                 0.0000   180.00   LINEAR
  286.00    0.00   1.433E-01  121.38  0.000E+00    0.00      2.58090E-01                 0.0000   180.00   LINEAR
  288.00    0.00   1.223E-01  133.06  0.000E+00    0.00      1.87930E-01                 0.0000   180.00   LINEAR
  290.00    0.00   1.008E-01  144.48  0.000E+00    0.00      1.27806E-01                 0.0000   180.00   LINEAR
  292.00    0.00   7.946E-02  155.59  0.000E+00    0.00      7.93465E-02                 0.0000   180.00   LINEAR
  294.00    0.00   5.857E-02  166.20  0.000E+00    0.00      4.31112E-02                 0.0000   180.00   LINEAR
  296.00    0.00   3.858E-02  175.86  0.000E+00    0.00      1.87040E-02                 0.0000   180.00   LINEAR
  298.00    0.00   1.987E-02 -177.38  0.000E+00    0.00      4.96091E-03                 0.0000   180.00   LINEAR
  300.00    0.00   3.776E-03  149.55  0.000E+00    0.00      1.79177E-04                 0.0000   180.00   LINEAR
  302.00    0.00   1.369E-02   45.20  0.000E+00    0.00      2.35626E-03                 0.0000   180.00   LINEAR
  304.00    0.00   2.737E-02   49.12  0.000E+00    0.00      9.41203E-03                 0.0000   180.00   LINEAR
  306.00    0.00   3.926E-02   57.22  0.000E+00    0.00      1.93737E-02                 0.0000   180.00   LINEAR
  308.00    0.00   4.928E-02   66.07  0.000E+00    0.00      3.05126E-02                 0.0000   180.00   LINEAR
  310.00    0.00   5.742E-02   75.02  0.000E+00    0.00      4.14280E-02                 0.0000   180.00   LINEAR
  312.00    0.00   6.376E-02   83.88  0.000E+00    0.00      5.10837E-02                 0.0000   180.00   LINEAR
  314.00    0.00   6.841E-02   92.55  0.000E+00    0.00      5.88020E-02                 0.0000   180.00   LINEAR
  316.00    0.00   7.149E-02  100.97  0.000E+00    0.00      6.42291E-02                 0.0000   180.00   LINEAR
  318.00    0.00   7.317E-02  109.11  0.000E+00    0.00      6.72798E-02                 0.0000   180.00   LINEAR
  320.00    0.00   7.360E-02  116.95  0.000E+00    0.00      6.80742E-02                 0.0000   180.00   LINEAR
  322.00    0.00   7.295E-02  124.48  0.000E+00    0.00      6.68738E-02                 0.0000   180.00   LINEAR
  324.00    0.00   7.138E-02  131.68  0.000E+00    0.00      6.40236E-02                 0.0000   180.00   LINEAR
  326.00    0.00   6.904E-02  138.53  0.000E+00    0.00      5.99024E-02                 0.0000   180.00   LINEAR
  328.00    0.00   6.609E-02  145.03  0.000E+00    0.00      5.48863E-02                 0.0000   180.00   LINEAR
  330.00    0.00   6.265E-02  151.18  0.000E+00    0.00      4.93213E-02                 0.0000   180.00   LINEAR
  332.00    0.00   5.884E-02  156.95  0.000E+00    0.00      4.35080E-02                 0.0000   180.00   LINEAR
  334.00    0.00   5.477E-02  162.35  0.000E+00    0.00      3.76932E-02                 0.0000   180.00   LINEAR
  336.00    0.00   5.052E-02  167.37  0.000E+00    0.00      3.20690E-02                 0.0000   180.00   LINEAR
  338.00    0.00   4.616E-02  172.00  0.000E+00    0.00      2.67760E-02                 0.0000   180.00   LINEAR
  340.00    0.00   4.176E-02  176.25  0.000E+00    0.00      2.19096E-02                 0.0000   180.00   LINEAR
  342.00    0.00   3.735E-02 -179.90  0.000E+00    0.00      1.75277E-02                 0.0000   180.00   LINEAR
  344.00    0.00   3.297E-02 -176.45  0.000E+00    0.00      1.36583E-02                 0.0000   180.00   LINEAR
  346.00    0.00   2.864E-02 -173.40  0.000E+00    0.00      1.03075E-02                 0.0000   180.00   LINEAR
  348.00    0.00   2.438E-02 -170.75  0.000E+00    0.00      7.46657E-03                 0.0000   180.00   LINEAR
  350.00    0.00   2.018E-02 -168.51  0.000E+00    0.00      5.11729E-03                 0.0000   180.00   LINEAR
  352.00    0.00   1.605E-02 -166.67  0.000E+00    0.00      3.23729E-03                 0.0000   180.00   LINEAR
  354.00    0.00   1.198E-02 -165.24  0.000E+00    0.00      1.80369E-03                 0.0000   180.00   LINEAR
  356.00    0.00   7.959E-03 -164.21  0.000E+00    0.00      7.95976E-04                 0.0000   180.00   LINEAR
  358.00    0.00   3.971E-03 -163.60  0.000E+00    0.00      1.98127E-04                 0.0000   180.00   LINEAR
  360.00    0.00   2.784E-17 -163.39  0.000E+00    0.00      9.74026E-33                 0.0000   180.00   LINEAR