   0.00    0.00   5.955E-01   64.06  0.000E+00    0.00      4.45561E+00                 0.0000   180.00   LINEAR
    2.00    0.00   5.911E-01   76.58  0.000E+00    0.00      4.39000E+00                 0.0000   180.00   LINEAR
    4.00    0.00   5.780E-01   88.98  0.000E+00    0.00      4.19807E+00                 0.0000   180.00   LINEAR
    6.00    0.00   5.567E-01  101.25  0.000E+00    0.00      3.89396E+00                 0.0000   180.00   LINEAR
    8.00    0.00   5.277E-01  113.36  0.000E+00    0.00      3.49953E+00                 0.0000   180.00   LINEAR
   10.00    0.00   4.920E-01  125.29  0.000E+00    0.00      3.04206E+00                 0.0000   180.00   LINEAR
   12.00    0.00   4.506E-01  137.03  0.000E+00    0.00      2.55143E+00                 0.0000   180.00   LINEAR
   14.00    0.00   4.046E-01  148.53  0.000E+00    0.00      2.05733E+00                 0.0000   180.00   LINEAR
   16.00    0.00   3.553E-01  159.77  0.000E+00    0.00      1.58660E+00                 0.0000   180.00   LINEAR
   18.00    0.00   3.040E-01  170.68  0.000E+00    0.00      1.16124E+00                 0.0000   180.00   LINEAR
   20.00    0.00   2.518E-01 -178.80  0.000E+00    0.00      7.97030E-01                 0.0000   180.00   LINEAR
   22.00    0.00   2.001E-01 -168.84  0.000E+00    0.00      5.03077E-01                 0.0000   180.00   LINEAR
   24.00    0.00   1.498E-01 -159.71  0.000E+00    0.00      2.82011E-01                 0.0000   180.00   LINEAR
   26.00    0.00   1.020E-01 -152.17  0.000E+00    0.00      1.30840E-01                 0.0000   180.00   LINEAR
   28.00    0.00   5.795E-02 -149.00  0.000E+00    0.00      4.21952E-02                 0.0000   180.00   LINEAR
   30.00    0.00   2.144E-02 -171.21  0.000E+00    0.00      5.77576E-03                 0.0000   180.00   LINEAR
   32.00    0.00   2.792E-02  101.26  0.000E+00    0.00      9.79304E-03                 0.0000   180.00   LINEAR
   34.00    0.00   5.799E-02   91.68  0.000E+00    0.00      4.22544E-02                 0.0000   180.00   LINEAR
   36.00    0.00   8.556E-02   95.44  0.000E+00    0.00      9.19841E-02                 0.0000   180.00   LINEAR
   38.00    0.00   1.090E-01  101.77  0.000E+00    0.00      1.49333E-01                 0.0000   180.00   LINEAR
   40.00    0.00   1.282E-01  108.85  0.000E+00    0.00      2.06579E-01                 0.0000   180.00   LINEAR
   42.00    0.00   1.433E-01  116.10  0.000E+00    0.00      2.58052E-01                 0.0000   180.00   LINEAR
   44.00    0.00   1.545E-01  123.30  0.000E+00    0.00      3.00042E-01                 0.0000   180.00   LINEAR
   46.00    0.00   1.622E-01  130.35  0.000E+00    0.00      3.30569E-01                 0.0000   180.00   LINEAR
   48.00    0.00   1.667E-01  137.17  0.000E+00    0.00      3.49056E-01                 0.0000   180.00   LINEAR
   50.00    0.00   1.683E-01  143.74  0.000E+00    0.00      3.55986E-01                 0.0000   180.00   LINEAR
   52.00    0.00   1.675E-01  150.03  0.000E+00    0.00      3.52563E-01                 0.0000   180.00   LINEAR
   54.00    0.00   1.646E-01  156.02  0.000E+00    0.00      3.40422E-01                 0.0000   180.00   LINEAR
   56.00    0.00   1.599E-01  161.70  0.000E+00    0.00      3.21381E-01                 0.0000   180.00   LINEAR
   58.00    0.00   1.538E-01  167.07  0.000E+00    0.00      2.97267E-01                 0.0000   180.00   LINEAR
   60.00    0.00   1.465E-01  172.12  0.000E+00    0.00      2.69786E-01                 0.0000   180.00   LINEAR
   62.00    0.00   1.383E-01  176.86  0.000E+00    0.00      2.40445E-01                 0.0000   180.00   LINEAR
   64.00    0.00   1.294E-01 -178.73  0.000E+00    0.00      2.10518E-01                 0.0000   180.00   LINEAR
   66.00    0.00   1.200E-01 -174.65  0.000E+00    0.00      1.81029E-01                 0.0000   180.00   LINEAR
   68.00    0.00   1.103E-01 -170.89  0.000E+00    0.00      1.52771E-01                 0.0000   180.00   LINEAR
   70.00    0.00   1.003E-01 -167.46  0.000E+00    0.00      1.26325E-01                 0.0000   180.00   LINEAR
   72.00    0.00   9.013E-02 -164.36  0.000E+00    0.00      1.02091E-01                 0.0000   180.00   LINEAR
   74.00    0.00   7.995E-02 -161.58  0.000E+00    0.00      8.03242E-02                 0.0000   180.00   LINEAR
   76.00    0.00   6.977E-02 -159.13  0.000E+00    0.00      6.11646E-02                 0.0000   180.00   LINEAR
   78.00    0.00   5.962E-02 -157.00  0.000E+00    0.00      4.46682E-02                 0.0000   180.00   LINEAR
   80.00    0.00   4.953E-02 -155.21  0.000E+00    0.00      3.08335E-02                 0.0000   180.00   LINEAR
   82.00    0.00   3.952E-02 -153.74  0.000E+00    0.00      1.96241E-02                 0.0000   180.00   LINEAR
   84.00    0.00   2.957E-02 -152.59  0.000E+00    0.00      1.09866E-02                 0.0000   180.00   LINEAR
   86.00    0.00   1.968E-02 -151.78  0.000E+00    0.00      4.86547E-03                 0.0000   180.00   LINEAR
   88.00    0.00   9.827E-03 -151.29  0.000E+00    0.00      1.21365E-03                 0.0000   180.00   LINEAR
   90.00    0.00   1.723E-17 -151.12  0.000E+00    0.00      3.73175E-33                 0.0000   180.00   LINEAR
   92.00    0.00   9.827E-03   28.71  0.000E+00    0.00      1.21365E-03                 0.0000     0.00   LINEAR
   94.00    0.00   1.968E-02   28.22  0.000E+00    0.00      4.86547E-03                 0.0000     0.00   LINEAR
   96.00    0.00   2.957E-02   27.41  0.000E+00    0.00      1.09866E-02                 0.0000     0.00   LINEAR
   98.00    0.00   3.952E-02   26.26  0.000E+00    0.00      1.96241E-02                 0.0000     0.00   LINEAR
  100.00    0.00   4.953E-02   24.79  0.000E+00    0.00      3.08335E-02                 0.0000     0.00   LINEAR
  102.00    0.00   5.962E-02   23.00  0.000E+00    0.00      4.46682E-02                 0.0000     0.00   LINEAR
  104.00    0.00   6.977E-02   20.87  0.000E+00    0.00      6.11646E-02                 0.0000     0.00   LINEAR
  106.00    0.00   7.995E-02   18.42  0.000E+00    0.00      8.03242E-02                 0.0000     0.00   LINEAR
  108.00    0.00   9.013E-02   15.64  0.000E+00    0.00      1.02091E-01                 0.0000     0.00   LINEAR
  110.00    0.00   1.003E-01   12.54  0.000E+00    0.00      1.26325E-01                 0.0000     0.00   LINEAR
  112.00    0.00   1.103E-01    9.11  0.000E+00    0.00      1.52771E-01                 0.0000     0.00   LINEAR
  114.00    0.00   1.200E-01    5.35  0.000E+00    0.00      1.81029E-01                 0.0000     0.00   LINEAR
  116.00    0.00   1.294E-01    1.27  0.000E+00    0.00      2.10518E-01                 0.0000     0.00   LINEAR
  118.00    0.00   1.383E-01   -3.14  0.000E+00    0.00      2.40445E-01                 0.0000     0.00   LINEAR
  120.00    0.00   1.465E-01   -7.88  0.000E+00    0.00      2.69786E-01                 0.0000     0.00   LINEAR
  122.00    0.00   1.538E-01  -12.93  0.000E+00    0.00      2.97267E-01                 0.0000     0.00   LINEAR
  124.00    0.00   1.599E-01  -18.30  0.000E+00    0.00      3.21381E-01                 0.0000     0.00   LINEAR
  126.00    0.00   1.646E-01  -23.98  0.000E+00    0.00      3.40422E-01                 0.0000     0.00   LINEAR
  128.00    0.00   1.675E-01  -29.97  0.000E+00    0.00      3.52564E-01                 0.0000     0.00   LINEAR
  130.00    0.00   1.683E-01  -36.26  0.000E+00    0.00      3.55986E-01                 0.0000     0.00   LINEAR
  132.00    0.00   1.667E-01  -42.83  0.000E+00    0.00      3.49056E-01                 0.0000     0.00   LINEAR
  134.00    0.00   1.622E-01  -49.65  0.000E+00    0.00      3.30569E-01                 0.0000     0.00   LINEAR
  136.00    0.00   1.545E-01  -56.70  0.000E+00    0.00      3.00042E-01                 0.0000     0.00   LINEAR
  138.00    0.00   1.433E-01  -63.90  0.000E+00    0.00      2.58052E-01                 0.0000     0.00   LINEAR
  140.00    0.00   1.282E-01  -71.15  0.000E+00    0.00      2.06579E-01                 0.0000     0.00   LINEAR
  142.00    0.00   1.090E-01  -78.23  0.000E+00    0.00      1.49333E-01                 0.0000     0.00   LINEAR
  144.00    0.00   8.556E-02  -84.56  0.000E+00    0.00      9.19841E-02                 0.0000     0.00   LINEAR
  146.00    0.00   5.799E-02  -88.32  0.000E+00    0.00      4.22544E-02                 0.0000     0.00   LINEAR
  148.00    0.00   2.792E-02  -78.74  0.000E+00    0.00      9.79304E-03                 0.0000     0.00   LINEAR
  150.00    0.00   2.144E-02    8.79  0.000E+00    0.00      5.77575E-03                 0.0000     0.00   LINEAR
  152.00    0.00   5.795E-02   31.00  0.000E+00    0.00      4.21952E-02                 0.0000     0.00   LINEAR
  154.00    0.00   1.020E-01   27.83  0.000E+00    0.00      1.30840E-01                 0.0000     0.00   LINEAR
  156.00    0.00   1.498E-01   20.29  0.000E+00    0.00      2.82011E-01                 0.0000     0.00   LINEAR
  158.00    0.00   2.001E-01   11.16  0.000E+00    0.00      5.03077E-01                 0.0000     0.00   LINEAR
  160.00    0.00   2.518E-01    1.20  0.000E+00    0.00      7.97030E-01                 0.0000     0.00   LINEAR
  162.00    0.00   3.040E-01   -9.32  0.000E+00    0.00      1.16124E+00                 0.0000     0.00   LINEAR
  164.00    0.00   3.553E-01  -20.23  0.000E+00    0.00      1.58660E+00                 0.0000     0.00   LINEAR
  166.00    0.00   4.046E-01  -31.47  0.000E+00    0.00      2.05733E+00                 0.0000     0.00   LINEAR
  168.00    0.00   4.506E-01  -42.97  0.000E+00    0.00      2.55143E+00                 0.0000     0.00   LINEAR
  170.00    0.00   4.920E-01  -54.71  0.000E+00    0.00      3.04206E+00                 0.0000     0.00   LINEAR
  172.00    0.00   5.277E-01  -66.64  0.000E+00    0.00      3.49953E+00                 0.0000     0.00   LINEAR
  174.00    0.00   5.567E-01  -78.75  0.000E+00    0.00      3.89396E+00                 0.0000     0.00   LINEAR
  176.00    0.00   5.780E-01  -91.02  0.000E+00    0.00      4.19807E+00                 0.0000     0.00   LINEAR
  178.00    0.00   5.911E-01 -103.42  0.000E+00    0.00      4.39000E+00                 0.0000     0.00   LINEAR
  180.00    0.00   5.955E-01 -115.94  0.000E+00    0.00      4.45561E+00                 0.0000     0.00   LINEAR
  182.00    0.00   5.911E-01 -128.57  0.000E+00    0.00      4.39000E+00                 0.0000     0.00   LINEAR
  184.00    0.00   5.780E-01 -141.28  0.000E+00    0.00      4.19807E+00                 0.0000   180.00   LINEAR
  186.00    0.00   5.567E-01 -154.07  0.000E+00    0.00      3.89396E+00                 0.0000   180.00   LINEAR
  188.00    0.00   5.277E-01 -166.92  0.000E+00    0.00      3.49954E+00                 0.0000   180.00   LINEAR
  190.00    0.00   4.920E-01 -179.82  0.000E+00    0.00      3.04206E+00                 0.0000   180.00   LINEAR
  192.00    0.00   4.506E-01  167.23  0.000E+00    0.00      2.55143E+00                 0.0000   180.00   LINEAR
  194.00    0.00   4.046E-01  154.23  0.000E+00    0.00      2.05733E+00                 0.0000   180.00   LINEAR
  196.00    0.00   3.553E-01  141.17  0.000E+00    0.00      1.58660E+00                 0.0000   180.00   LINEAR
  198.00    0.00   3.040E-01  128.04  0.000E+00    0.00      1.16124E+00                 0.0000   180.00   LINEAR
  200.00    0.00   2.518E-01  114.77  0.000E+00    0.00      7.97031E-01                 0.0000   180.00   LINEAR
  202.00    0.00   2.001E-01  101.26  0.000E+00    0.00      5.03077E-01                 0.0000   180.00   LINEAR
  204.00    0.00   1.498E-01   87.24  0.000E+00    0.00      2.82011E-01                 0.0000   180.00   LINEAR
  206.00    0.00   1.020E-01   71.98  0.000E+00    0.00      1.30840E-01                 0.0000   180.00   LINEAR
  208.00    0.00   5.795E-02   52.74  0.000E+00    0.00      4.21952E-02                 0.0000   180.00   LINEAR
  210.00    0.00   2.144E-02    8.54  0.000E+00    0.00      5.77575E-03                 0.0000     0.00   LINEAR
  212.00    0.00   2.792E-02 -100.54  0.000E+00    0.00      9.79302E-03                 0.0000     0.00   LINEAR
  214.00    0.00   5.799E-02 -131.22  0.000E+00    0.00      4.22544E-02                 0.0000     0.00   LINEAR
  216.00    0.00   8.556E-02 -148.06  0.000E+00    0.00      9.19841E-02                 0.0000   180.00   LINEAR
  218.00    0.00   1.090E-01 -161.81  0.000E+00    0.00      1.49333E-01                 0.0000   180.00   LINEAR
  220.00    0.00   1.282E-01 -174.28  0.000E+00    0.00      2.06579E-01                 0.0000   180.00   LINEAR
  222.00    0.00   1.433E-01  173.99  0.000E+00    0.00      2.58052E-01                 0.0000   180.00   LINEAR
  224.00    0.00   1.545E-01  162.80  0.000E+00    0.00      3.00042E-01                 0.0000   180.00   LINEAR
  226.00    0.00   1.622E-01  152.07  0.000E+00    0.00      3.30569E-01                 0.0000   180.00   LINEAR
  228.00    0.00   1.667E-01  141.74  0.000E+00    0.00      3.49056E-01                 0.0000   180.00   LINEAR
  230.00    0.00   1.683E-01  131.81  0.000E+00    0.00      3.55986E-01                 0.0000   180.00   LINEAR
  232.00    0.00   1.675E-01  122.26  0.000E+00    0.00      3.52564E-01                 0.0000   180.00   LINEAR
  234.00    0.00   1.646E-01  113.12  0.000E+00    0.00      3.40422E-01                 0.0000   180.00   LINEAR
  236.00    0.00   1.599E-01  104.38  0.000E+00    0.00      3.21381E-01                 0.0000   180.00   LINEAR
  238.00    0.00   1.538E-01   96.05  0.000E+00    0.00      2.97267E-01                 0.0000   180.00   LINEAR
  240.00    0.00   1.465E-01   88.15  0.000E+00    0.00      2.69786E-01                 0.0000   180.00   LINEAR
  242.00    0.00   1.383E-01   80.69  0.000E+00    0.00      2.40445E-01                 0.0000   180.00   LINEAR
  244.00    0.00   1.294E-01   73.69  0.000E+00    0.00      2.10518E-01                 0.0000   180.00   LINEAR
  246.00    0.00   1.200E-01   67.14  0.000E+00    0.00      1.81029E-01                 0.0000   180.00   LINEAR
  248.00    0.00   1.103E-01   61.07  0.000E+00    0.00      1.52771E-01                 0.0000   180.00   LINEAR
  250.00    0.00   1.003E-01   55.49  0.000E+00    0.00      1.26325E-01                 0.0000   180.00   LINEAR
  252.00    0.00   9.013E-02   50.41  0.000E+00    0.00      1.02091E-01                 0.0000   180.00   LINEAR
  254.00    0.00   7.995E-02   45.83  0.000E+00    0.00      8.03243E-02                 0.0000   180.00   LINEAR
  256.00    0.00   6.977E-02   41.78  0.000E+00    0.00      6.11646E-02                 0.0000     0.00   LINEAR
  258.00    0.00   5.962E-02   38.24  0.000E+00    0.00      4.46682E-02                 0.0000     0.00   LINEAR
  260.00    0.00   4.953E-02   35.24  0.000E+00    0.00      3.08335E-02                 0.0000     0.00   LINEAR
  262.00    0.00   3.952E-02   32.78  0.000E+00    0.00      1.96241E-02                 0.0000     0.00   LINEAR
  264.00    0.00   2.957E-02   30.86  0.000E+00    0.00      1.09866E-02                 0.0000     0.00   LINEAR
  266.00    0.00   1.968E-02   29.48  0.000E+00    0.00      4.86547E-03                 0.0000     0.00   LINEAR
  268.00    0.00   9.827E-03   28.65  0.000E+00    0.00      1.21365E-03                 0.0000     0.00   LINEAR
  270.00    0.00   5.170E-17   28.38  0.000E+00    0.00      3.35857E-32                 0.0000     0.00   LINEAR
  272.00    0.00   9.827E-03 -151.35  0.000E+00    0.00      1.21365E-03                 0.0000   180.00   LINEAR
  274.00    0.00   1.968E-02 -150.52  0.000E+00    0.00      4.86547E-03                 0.0000   180.00   LINEAR
  276.00    0.00   2.957E-02 -149.14  0.000E+00    0.00      1.09866E-02                 0.0000   180.00   LINEAR
  278.00    0.00   3.952E-02 -147.22  0.000E+00    0.00      1.96241E-02                 0.0000   180.00   LINEAR
  280.00    0.00   4.953E-02 -144.76  0.000E+00    0.00      3.08335E-02                 0.0000   180.00   LINEAR
  282.00    0.00   5.962E-02 -141.76  0.000E+00    0.00      4.46682E-02                 0.0000   180.00   LINEAR
  284.00    0.00   6.977E-02 -138.22  0.000E+00    0.00      6.11646E-02                 0.0000   180.00   LINEAR
  286.00    0.00   7.995E-02 -134.17  0.000E+00    0.00      8.03243E-02                 0.0000     0.00   LINEAR
  288.00    0.00   9.013E-02 -129.59  0.000E+00    0.00      1.02091E-01                 0.0000     0.00   LINEAR
  290.00    0.00   1.003E-01 -124.51  0.000E+00    0.00      1.26325E-01                 0.0000     0.00   LINEAR
  292.00    0.00   1.103E-01 -118.93  0.000E+00    0.00      1.52771E-01                 0.0000     0.00   LINEAR
  294.00    0.00   1.200E-01 -112.86  0.000E+00    0.00      1.81029E-01                 0.0000     0.00   LINEAR
  296.00    0.00   1.294E-01 -106.31  0.000E+00    0.00      2.10518E-01                 0.0000     0.00   LINEAR
  298.00    0.00   1.383E-01  -99.31  0.000E+00    0.00      2.40445E-01                 0.0000     0.00   LINEAR
  300.00    0.00   1.465E-01  -91.85  0.000E+00    0.00      2.69786E-01                 0.0000     0.00   LINEAR
  302.00    0.00   1.538E-01  -83.95  0.000E+00    0.00      2.97267E-01                 0.0000     0.00   LINEAR
  304.00    0.00   1.599E-01  -75.62  0.000E+00    0.00      3.21381E-01                 0.0000     0.00   LINEAR
  306.00    0.00   1.646E-01  -66.88  0.000E+00    0.00      3.40422E-01                 0.0000     0.00   LINEAR
  308.00    0.00   1.675E-01  -57.74  0.000E+00    0.00      3.52564E-01                 0.0000     0.00   LINEAR
  310.00    0.00   1.683E-01  -48.19  0.000E+00    0.00      3.55986E-01                 0.0000     0.00   LINEAR
  312.00    0.00   1.667E-01  -38.26  0.000E+00    0.00      3.49056E-01                 0.0000     0.00   LINEAR
  314.00    0.00   1.622E-01  -27.93  0.000E+00    0.00      3.30569E-01                 0.0000     0.00   LINEAR
  316.00    0.00   1.545E-01  -17.20  0.000E+00    0.00      3.00042E-01                 0.0000     0.00   LINEAR
  318.00    0.00   1.433E-01   -6.01  0.000E+00    0.00      2.58052E-01                 0.0000     0.00   LINEAR
  320.00    0.00   1.282E-01    5.72  0.000E+00    0.00      2.06579E-01                 0.0000     0.00   LINEAR
  322.00    0.00   1.090E-01   18.19  0.000E+00    0.00      1.49333E-01                 0.0000     0.00   LINEAR
  324.00    0.00   8.556E-02   31.94  0.000E+00    0.00      9.19840E-02                 0.0000     0.00   LINEAR
  326.00    0.00   5.799E-02   48.78  0.000E+00    0.00      4.22543E-02                 0.0000   180.00   LINEAR
  328.00    0.00   2.792E-02   79.46  0.000E+00    0.00      9.79302E-03                 0.0000   180.00   LINEAR
  330.00    0.00   2.144E-02 -171.46  0.000E+00    0.00      5.77576E-03                 0.0000   180.00   LINEAR
  332.00    0.00   5.795E-02 -127.26  0.000E+00    0.00      4.21952E-02                 0.0000     0.00   LINEAR
  334.00    0.00   1.020E-01 -108.02  0.000E+00    0.00      1.30840E-01                 0.0000     0.00   LINEAR
  336.00    0.00   1.498E-01  -92.76  0.000E+00    0.00      2.82011E-01                 0.0000     0.00   LINEAR
  338.00    0.00   2.001E-01  -78.74  0.000E+00    0.00      5.03077E-01                 0.0000     0.00   LINEAR
  340.00    0.00   2.518E-01  -65.23  0.000E+00    0.00      7.97031E-01                 0.0000     0.00   LINEAR
  342.00    0.00   3.040E-01  -51.96  0.000E+00    0.00      1.16124E+00                 0.0000     0.00   LINEAR
  344.00    0.00   3.553E-01  -38.83  0.000E+00    0.00      1.58660E+00                 0.0000     0.00   LINEAR
  346.00    0.00   4.046E-01  -25.77  0.000E+00    0.00      2.05733E+00                 0.0000     0.00   LINEAR
  348.00    0.00   4.506E-01  -12.77  0.000E+00    0.00      2.55143E+00                 0.0000     0.00   LINEAR
  350.00    0.00   4.920E-01    0.18  0.000E+00    0.00      3.04206E+00                 0.0000     0.00   LINEAR
  352.00    0.00   5.277E-01   13.08  0.000E+00    0.00      3.49953E+00                 0.0000     0.00   LINEAR
  354.00    0.00   5.567E-01   25.93  0.000E+00    0.00      3.89396E+00                 0.0000     0.00   LINEAR
  356.00    0.00   5.780E-01   38.72  0.000E+00    0.00      4.19807E+00                 0.0000     0.00   LINEAR
  358.00    0.00   5.911E-01   51.43  0.000E+00    0.00      4.39000E+00                 0.0000   180.00   LINEAR
  360.00    0.00   5.955E-01   64.06  0.000E+00    0.00      4.45561E+00                 0.0000   180.00   LINEAR
