  0.00    0.00   4.852E-01   86.37  7.350E-06  -23.54      2.95786E+00                 0.0000   180.00   LINEAR
    2.00    0.00   4.814E-01   98.87  7.498E-06  -60.97      2.91255E+00                 0.0000   180.00   LINEAR
    4.00    0.00   4.704E-01  111.21  1.128E-05  -78.79      2.78034E+00                 0.0000   180.00   LINEAR
    6.00    0.00   4.524E-01  123.38  1.606E-05  -81.21      2.57143E+00                 0.0000   180.00   LINEAR
    8.00    0.00   4.280E-01  135.34  2.094E-05  -78.11      2.30153E+00                 0.0000   180.00   LINEAR
   10.00    0.00   3.980E-01  147.08  2.568E-05  -72.87      1.99010E+00                 0.0000   180.00   LINEAR
   12.00    0.00   3.633E-01  158.55  3.020E-05  -66.68      1.65824E+00                 0.0001   180.00   LINEAR
   14.00    0.00   3.249E-01  169.74  3.449E-05  -60.04      1.32662E+00                 0.0001   180.00   LINEAR
   16.00    0.00   2.840E-01 -179.43  3.853E-05  -53.17      1.01360E+00                 0.0001   180.00   LINEAR
   18.00    0.00   2.416E-01 -169.02  4.233E-05  -46.15      7.33765E-01                 0.0001   179.99   LINEAR
   20.00    0.00   1.989E-01 -159.16  4.585E-05  -39.02      4.97148E-01                 0.0002   179.99   LINEAR
   22.00    0.00   1.568E-01 -150.07  4.907E-05  -31.80      3.08966E-01                 0.0003   179.99   LINEAR
   24.00    0.00   1.163E-01 -142.20  5.194E-05  -24.50      1.69948E-01                 0.0004   179.99   LINEAR
   26.00    0.00   7.832E-02 -136.76  5.438E-05  -17.14      7.70754E-02                 0.0006   179.98   LINEAR
   28.00    0.00   4.422E-02 -138.20  5.636E-05   -9.75      2.45735E-02                 0.0010   179.95   LINEAR
   30.00    0.00   1.993E-02 -172.20  5.781E-05   -2.37      4.99185E-03                 0.0005   179.84   LINEAR
   32.00    0.00   2.852E-02  125.12  5.869E-05    4.97      1.02222E-02                 0.0018   179.94   LINEAR
   34.00    0.00   5.074E-02  114.69  5.899E-05   12.22      3.23501E-02                 0.0011   179.99   LINEAR
   36.00    0.00   7.152E-02  116.53  5.870E-05   19.33      6.42800E-02                 0.0008   179.99   LINEAR
   38.00    0.00   8.926E-02  121.37  5.784E-05   26.24      1.00119E-01                 0.0006   180.00   LINEAR
   40.00    0.00   1.038E-01  127.16  5.644E-05   32.91      1.35339E-01                 0.0005   180.00   LINEAR
   42.00    0.00   1.152E-01  133.25  5.458E-05   39.26      1.66762E-01                 0.0005   180.00   LINEAR
   44.00    0.00   1.237E-01  139.34  5.231E-05   45.25      1.92421E-01                 0.0004   180.00   LINEAR
   46.00    0.00   1.297E-01  145.31  4.971E-05   50.82      2.11347E-01                 0.0004   180.00   LINEAR
   48.00    0.00   1.333E-01  151.08  4.689E-05   55.89      2.23340E-01                 0.0004   180.00   LINEAR
   50.00    0.00   1.349E-01  156.62  4.393E-05   60.41      2.28734E-01                 0.0003   180.00   LINEAR
   52.00    0.00   1.348E-01  161.90  4.092E-05   64.32      2.28205E-01                 0.0003   180.00   LINEAR
   54.00    0.00   1.331E-01  166.92  3.795E-05   67.55      2.22614E-01                 0.0003   180.00   LINEAR
   56.00    0.00   1.302E-01  171.67  3.510E-05   70.06      2.12885E-01                 0.0003   180.00   LINEAR
   58.00    0.00   1.261E-01  176.16  3.245E-05   71.82      1.99930E-01                 0.0002   180.00   LINEAR
   60.00    0.00   1.212E-01 -179.62  3.004E-05   72.82      1.84603E-01                 0.0002   180.00   LINEAR
   62.00    0.00   1.155E-01 -175.65  2.794E-05   73.09      1.67665E-01                 0.0002   179.99   LINEAR
   64.00    0.00   1.092E-01 -171.94  2.615E-05   72.71      1.49785E-01                 0.0002   179.99   LINEAR
   66.00    0.00   1.023E-01 -168.48  2.468E-05   71.80      1.31533E-01                 0.0002   179.99   LINEAR
   68.00    0.00   9.499E-02 -165.25  2.353E-05   70.52      1.13390E-01                 0.0002   179.99   LINEAR
   70.00    0.00   8.729E-02 -162.25  2.266E-05   69.04      9.57572E-02                 0.0002   179.99   LINEAR
   72.00    0.00   7.927E-02 -159.47  2.202E-05   67.51      7.89647E-02                 0.0002   179.99   LINEAR
   74.00    0.00   7.097E-02 -156.88  2.156E-05   66.06      6.32868E-02                 0.0002   179.99   LINEAR
   76.00    0.00   6.241E-02 -154.46  2.125E-05   64.77      4.89510E-02                 0.0002   179.98   LINEAR
   78.00    0.00   5.363E-02 -152.13  2.103E-05   63.68      3.61497E-02                 0.0002   179.98   LINEAR
   80.00    0.00   4.465E-02 -149.79  2.087E-05   62.83      2.50512E-02                 0.0003   179.98   LINEAR
   82.00    0.00   3.547E-02 -147.19  2.075E-05   62.19      1.58093E-02                 0.0003   179.97   LINEAR
   84.00    0.00   2.612E-02 -143.72  2.063E-05   61.77      8.57313E-03                 0.0003   179.96   LINEAR
   86.00    0.00   1.668E-02 -137.32  2.052E-05   61.55      3.49546E-03                 0.0004   179.93   LINEAR
   88.00    0.00   7.673E-03 -115.91  2.041E-05   61.52      7.39792E-04                 0.0001    -0.15   LINEAR
   90.00    0.00   6.219E-03  -22.45  2.029E-05   61.67      4.85992E-04                 0.0032     0.02   LINEAR
   92.00    0.00   1.528E-02    8.01  2.018E-05   62.00      2.93370E-03                 0.0011     0.04   LINEAR
   94.00    0.00   2.570E-02   14.53  2.009E-05   62.51      8.30305E-03                 0.0006     0.03   LINEAR
   96.00    0.00   3.660E-02   16.53  2.003E-05   63.19      1.68319E-02                 0.0004     0.02   LINEAR
   98.00    0.00   4.785E-02   16.80  2.003E-05   64.04      2.87693E-02                 0.0003     0.02   LINEAR
  100.00    0.00   5.942E-02   16.11  2.012E-05   65.03      4.43629E-02                 0.0003     0.01   LINEAR
  102.00    0.00   7.128E-02   14.74  2.032E-05   66.12      6.38419E-02                 0.0002     0.01   LINEAR
  104.00    0.00   8.339E-02   12.85  2.067E-05   67.24      8.73921E-02                 0.0002     0.01   LINEAR
  106.00    0.00   9.571E-02   10.49  2.119E-05   68.30      1.15124E-01                 0.0002     0.01   LINEAR
  108.00    0.00   1.082E-01    7.71  2.192E-05   69.18      1.47035E-01                 0.0002     0.01   LINEAR
  110.00    0.00   1.207E-01    4.54  2.287E-05   69.75      1.82960E-01                 0.0002     0.00   LINEAR
  112.00    0.00   1.331E-01    1.00  2.407E-05   69.89      2.22525E-01                 0.0002     0.00   LINEAR
  114.00    0.00   1.452E-01   -2.91  2.550E-05   69.48      2.65089E-01                 0.0002     0.00   LINEAR
  116.00    0.00   1.570E-01   -7.17  2.716E-05   68.45      3.09694E-01                 0.0002     0.00   LINEAR
  118.00    0.00   1.681E-01  -11.78  2.904E-05   66.73      3.55023E-01                 0.0002     0.00   LINEAR
  120.00    0.00   1.783E-01  -16.72  3.109E-05   64.30      3.99369E-01                 0.0002     0.00   LINEAR
  122.00    0.00   1.873E-01  -21.99  3.329E-05   61.16      4.40638E-01                 0.0002     0.00   LINEAR
  124.00    0.00   1.947E-01  -27.57  3.558E-05   57.32      4.76386E-01                 0.0002     0.00   LINEAR
  126.00    0.00   2.002E-01  -33.46  3.791E-05   52.80      5.03911E-01                 0.0002     0.00   LINEAR
  128.00    0.00   2.035E-01  -39.64  4.022E-05   47.64      5.20402E-01                 0.0002     0.00   LINEAR
  130.00    0.00   2.040E-01  -46.11  4.246E-05   41.86      5.23168E-01                 0.0002     0.00   LINEAR
  132.00    0.00   2.014E-01  -52.83  4.454E-05   35.50      5.09937E-01                 0.0002     0.00   LINEAR
  134.00    0.00   1.953E-01  -59.77  4.642E-05   28.59      4.79229E-01                 0.0002     0.00   LINEAR
  136.00    0.00   1.852E-01  -66.90  4.801E-05   21.16      4.30790E-01                 0.0003     0.00   LINEAR
  138.00    0.00   1.707E-01  -74.13  4.927E-05   13.23      3.66047E-01                 0.0003     0.00   LINEAR
  140.00    0.00   1.515E-01  -81.32  5.013E-05    4.84      2.88548E-01                 0.0003     0.00   LINEAR
  142.00    0.00   1.275E-01  -88.18  5.055E-05   -4.00      2.04328E-01                 0.0004     0.00   LINEAR
  144.00    0.00   9.858E-02  -93.97  5.049E-05  -13.26      1.22124E-01                 0.0005     0.00   LINEAR
  146.00    0.00   6.516E-02  -96.20  4.992E-05  -22.93      5.33575E-02                 0.0007     0.01   LINEAR
  148.00    0.00   3.067E-02  -79.51  4.885E-05  -32.99      1.18196E-02                 0.0012     0.06   LINEAR
  150.00    0.00   3.215E-02    2.09  4.726E-05  -43.43      1.29927E-02                 0.0010     0.06   LINEAR
  152.00    0.00   7.621E-02   18.52  4.520E-05  -54.23      7.29883E-02                 0.0006     0.01   LINEAR
  154.00    0.00   1.284E-01   15.27  4.268E-05  -65.39      2.07124E-01                 0.0003     0.00   LINEAR
  156.00    0.00   1.846E-01    7.87  3.977E-05  -76.90      4.28219E-01                 0.0002     0.00   LINEAR
  158.00    0.00   2.434E-01   -1.12  3.652E-05  -88.77      7.44758E-01                 0.0001     0.00   LINEAR
  160.00    0.00   3.037E-01  -10.98  3.300E-05 -101.01      1.15913E+00                 0.0001    -0.00   LINEAR
  162.00    0.00   3.641E-01  -21.39  2.929E-05 -113.65      1.66616E+00                 0.0001    -0.00   LINEAR
  164.00    0.00   4.234E-01  -32.23  2.545E-05 -126.75      2.25225E+00                 0.0001    -0.00   LINEAR
  166.00    0.00   4.800E-01  -43.39  2.157E-05 -140.44      2.89524E+00                 0.0000    -0.00   LINEAR
  168.00    0.00   5.326E-01  -54.83  1.772E-05 -154.94      3.56527E+00                 0.0000    -0.00   LINEAR
  170.00    0.00   5.799E-01  -66.51  1.396E-05 -170.74      4.22658E+00                 0.0000    -0.00   LINEAR
  172.00    0.00   6.206E-01  -78.40  1.038E-05  171.06      4.84019E+00                 0.0000    -0.00   LINEAR
  174.00    0.00   6.535E-01  -90.48  7.118E-06  147.51      5.36719E+00                 0.0000    -0.00   LINEAR
  176.00    0.00   6.778E-01 -102.72  4.599E-06  110.17      5.77236E+00                 0.0000    -0.00   LINEAR
  178.00    0.00   6.926E-01 -115.11  4.038E-06   52.14      6.02761E+00                 0.0000    -0.00   LINEAR
  180.00    0.00   6.976E-01 -127.63  5.779E-06    6.66      6.11482E+00                 0.0000    -0.00   LINEAR
  182.00    0.00   6.926E-01 -140.26  8.373E-06  -20.29      6.02771E+00                 0.0000   180.00   LINEAR
  184.00    0.00   6.778E-01 -152.98  1.117E-05  -39.73      5.77255E+00                 0.0000   180.00   LINEAR
  186.00    0.00   6.536E-01 -165.80  1.400E-05  -56.02      5.36745E+00                 0.0000   180.00   LINEAR
  188.00    0.00   6.206E-01 -178.68  1.684E-05  -70.73      4.84050E+00                 0.0000   180.00   LINEAR
  190.00    0.00   5.800E-01  168.37  1.967E-05  -84.53      4.22692E+00                 0.0000   180.00   LINEAR
  192.00    0.00   5.327E-01  155.37  2.249E-05  -97.75      3.56561E+00                 0.0000   180.00   LINEAR
  194.00    0.00   4.800E-01  142.30  2.529E-05 -110.58      2.89556E+00                 0.0001   180.00   LINEAR
  196.00    0.00   4.234E-01  129.17  2.806E-05 -123.13      2.25253E+00                 0.0001   180.00   LINEAR
  198.00    0.00   3.642E-01  115.96  3.077E-05 -135.46      1.66639E+00                 0.0001   180.00   LINEAR
  200.00    0.00   3.037E-01  102.59  3.339E-05 -147.62      1.15931E+00                 0.0001   180.00   LINEAR
  202.00    0.00   2.435E-01   88.97  3.589E-05 -159.64      7.44886E-01                 0.0001   180.00   LINEAR
  204.00    0.00   1.846E-01   74.81  3.822E-05 -171.52      4.28301E-01                 0.0002   180.00   LINEAR
  206.00    0.00   1.284E-01   59.41  4.035E-05  176.71      2.07171E-01                 0.0003   179.99   LINEAR
  208.00    0.00   7.622E-02   40.25  4.222E-05  165.05      7.30124E-02                 0.0005    -0.02   LINEAR
  210.00    0.00   3.217E-02    1.81  4.381E-05  153.51      1.30063E-02                 0.0006    -0.07   LINEAR
  212.00    0.00   3.069E-02 -101.29  4.508E-05  142.09      1.18343E-02                 0.0013    -0.04   LINEAR
  214.00    0.00   6.518E-02 -139.08  4.601E-05  130.79      5.33822E-02                 0.0007   180.00   LINEAR
  216.00    0.00   9.860E-02 -157.46  4.659E-05  119.60      1.22165E-01                 0.0005  -180.00   LINEAR
  218.00    0.00   1.275E-01 -171.75  4.681E-05  108.55      2.04388E-01                 0.0004  -180.00   LINEAR
  220.00    0.00   1.516E-01  175.56  4.669E-05   97.61      2.88628E-01                 0.0003  -180.00   LINEAR
  222.00    0.00   1.707E-01  163.77  4.625E-05   86.81      3.66144E-01                 0.0003  -180.00   LINEAR
  224.00    0.00   1.852E-01  152.61  4.550E-05   76.12      4.30901E-01                 0.0002  -180.00   LINEAR
  226.00    0.00   1.953E-01  141.95  4.449E-05   65.56      4.79348E-01                 0.0002  -180.00   LINEAR
  228.00    0.00   2.015E-01  131.74  4.327E-05   55.12      5.10059E-01                 0.0002  -180.00   LINEAR
  230.00    0.00   2.041E-01  121.96  4.186E-05   44.80      5.23288E-01                 0.0002  -180.00   LINEAR
  232.00    0.00   2.035E-01  112.60  4.034E-05   34.59      5.20516E-01                 0.0002  -180.00   LINEAR
  234.00    0.00   2.003E-01  103.65  3.874E-05   24.48      5.04015E-01                 0.0002  -180.00   LINEAR
  236.00    0.00   1.947E-01   95.11  3.712E-05   14.50      4.76477E-01                 0.0002  -180.00   LINEAR
  238.00    0.00   1.873E-01   87.00  3.553E-05    4.63      4.40715E-01                 0.0002  -180.00   LINEAR
  240.00    0.00   1.783E-01   79.31  3.400E-05   -5.10      3.99431E-01                 0.0002  -180.00   LINEAR
  242.00    0.00   1.681E-01   72.06  3.259E-05  -14.65      3.55071E-01                 0.0002  -180.00   LINEAR
  244.00    0.00   1.570E-01   65.25  3.131E-05  -24.00      3.09729E-01                 0.0002  -180.00   LINEAR
  246.00    0.00   1.452E-01   58.88  3.019E-05  -33.06      2.65112E-01                 0.0002   180.00   LINEAR
  248.00    0.00   1.331E-01   52.96  2.924E-05  -41.78      2.22538E-01                 0.0002   180.00   LINEAR
  250.00    0.00   1.207E-01   47.50  2.848E-05  -50.06      1.82966E-01                 0.0002   180.00   LINEAR
  252.00    0.00   1.082E-01   42.48  2.789E-05  -57.83      1.47034E-01                 0.0003    -0.00   LINEAR
  254.00    0.00   9.571E-02   37.90  2.747E-05  -64.98      1.15119E-01                 0.0003    -0.00   LINEAR
  256.00    0.00   8.339E-02   33.75  2.719E-05  -71.44      8.73844E-02                 0.0003    -0.00   LINEAR
  258.00    0.00   7.127E-02   29.99  2.704E-05  -77.15      6.38328E-02                 0.0004    -0.01   LINEAR
  260.00    0.00   5.941E-02   26.55  2.699E-05  -82.06      4.43535E-02                 0.0004    -0.01   LINEAR
  262.00    0.00   4.784E-02   23.31  2.703E-05  -86.13      2.87606E-02                 0.0005    -0.01   LINEAR
  264.00    0.00   3.659E-02   19.97  2.712E-05  -89.33      1.68247E-02                 0.0007    -0.01   LINEAR
  266.00    0.00   2.570E-02   15.76  2.726E-05  -91.66      8.29781E-03                 0.0010    -0.02   LINEAR
  268.00    0.00   1.527E-02    7.90  2.743E-05  -93.10      2.93094E-03                 0.0018    -0.02   LINEAR
  270.00    0.00   6.219E-03  -23.08  2.761E-05  -93.67      4.86013E-04                 0.0042     0.08   LINEAR
  272.00    0.00   7.688E-03 -115.97  2.780E-05  -93.35      7.42810E-04                 0.0014     0.19   LINEAR
  274.00    0.00   1.669E-02 -136.03  2.799E-05  -92.16      3.50160E-03                 0.0012  -179.93   LINEAR
  276.00    0.00   2.613E-02 -140.25  2.818E-05  -90.08      8.58245E-03                 0.0008  -179.96   LINEAR
  278.00    0.00   3.548E-02 -140.66  2.837E-05  -87.14      1.58218E-02                 0.0006  -179.97   LINEAR
  280.00    0.00   4.466E-02 -139.33  2.857E-05  -83.32      2.50668E-02                 0.0005  -179.98   LINEAR
  282.00    0.00   5.365E-02 -136.87  2.878E-05  -78.64      3.61683E-02                 0.0005  -179.98   LINEAR
  284.00    0.00   6.243E-02 -133.54  2.902E-05  -73.09      4.89723E-02                 0.0004     0.01   LINEAR
  286.00    0.00   7.098E-02 -129.46  2.930E-05  -66.70      6.33106E-02                 0.0004     0.01   LINEAR
  288.00    0.00   7.928E-02 -124.70  2.963E-05  -59.48      7.89904E-02                 0.0003     0.01   LINEAR
  290.00    0.00   8.731E-02 -119.29  3.005E-05  -51.46      9.57842E-02                 0.0003     0.01   LINEAR
  292.00    0.00   9.500E-02 -113.28  3.056E-05  -42.68      1.13418E-01                 0.0003     0.01   LINEAR
  294.00    0.00   1.023E-01 -106.68  3.119E-05  -33.18      1.31560E-01                 0.0003     0.00   LINEAR
  296.00    0.00   1.092E-01  -99.52  3.195E-05  -23.03      1.49810E-01                 0.0003     0.00   LINEAR
  298.00    0.00   1.155E-01  -91.82  3.285E-05  -12.28      1.67686E-01                 0.0003     0.00   LINEAR
  300.00    0.00   1.212E-01  -83.59  3.390E-05   -1.00      1.84617E-01                 0.0003     0.00   LINEAR
  302.00    0.00   1.261E-01  -74.86  3.511E-05   10.74      1.99937E-01                 0.0003     0.00   LINEAR
  304.00    0.00   1.302E-01  -65.65  3.645E-05   22.89      2.12880E-01                 0.0003     0.00   LINEAR
  306.00    0.00   1.331E-01  -55.98  3.793E-05   35.39      2.22596E-01                 0.0003    -0.00   LINEAR
  308.00    0.00   1.347E-01  -45.86  3.951E-05   48.22      2.28172E-01                 0.0003    -0.00   LINEAR
  310.00    0.00   1.349E-01  -35.32  4.118E-05   61.32      2.28682E-01                 0.0003    -0.00   LINEAR
  312.00    0.00   1.333E-01  -24.35  4.290E-05   74.69      2.23270E-01                 0.0003    -0.00   LINEAR
  314.00    0.00   1.297E-01  -12.97  4.466E-05   88.30      2.11259E-01                 0.0003    -0.00   LINEAR
  316.00    0.00   1.237E-01   -1.16  4.642E-05  102.12      1.92315E-01                 0.0004    -0.00   LINEAR
  318.00    0.00   1.152E-01   11.14  4.816E-05  116.14      1.66644E-01                 0.0004    -0.01   LINEAR
  320.00    0.00   1.037E-01   24.04  4.983E-05  130.32      1.35214E-01                 0.0005    -0.01   LINEAR
  322.00    0.00   8.920E-02   37.79  5.140E-05  144.64      9.99965E-02                 0.0006    -0.01   LINEAR
  324.00    0.00   7.146E-02   53.05  5.283E-05  159.05      6.41718E-02                 0.0007   179.99   LINEAR
  326.00    0.00   5.068E-02   71.83  5.408E-05  173.52      3.22700E-02                 0.0010   179.99   LINEAR
  328.00    0.00   2.847E-02  103.43  5.508E-05 -171.99      1.01857E-02                 0.0019  -179.99   LINEAR
  330.00    0.00   1.998E-02 -172.25  5.578E-05 -157.54      5.01504E-03                 0.0007  -179.85   LINEAR
  332.00    0.00   4.431E-02 -116.43  5.610E-05 -143.16      2.46718E-02                 0.0006     0.06   LINEAR
  334.00    0.00   7.841E-02  -92.61  5.597E-05 -128.91      7.72621E-02                 0.0004     0.03   LINEAR
  336.00    0.00   1.164E-01  -75.26  5.533E-05 -114.83      1.70232E-01                 0.0003     0.02   LINEAR
  338.00    0.00   1.569E-01  -59.98  5.411E-05 -100.97      3.09351E-01                 0.0002     0.01   LINEAR
  340.00    0.00   1.990E-01  -45.59  5.225E-05  -87.37      4.97630E-01                 0.0002     0.01   LINEAR
  342.00    0.00   2.417E-01  -31.68  4.974E-05  -74.10      7.34332E-01                 0.0001     0.01   LINEAR
  344.00    0.00   2.841E-01  -18.03  4.655E-05  -61.20      1.01423E+00                 0.0001     0.01   LINEAR
  346.00    0.00   3.250E-01   -4.57  4.271E-05  -48.77      1.32730E+00                 0.0001     0.01   LINEAR
  348.00    0.00   3.633E-01    8.75  3.826E-05  -36.93      1.65891E+00                 0.0001     0.00   LINEAR
  350.00    0.00   3.980E-01   21.96  3.330E-05  -25.85      1.99074E+00                 0.0001     0.00   LINEAR
  352.00    0.00   4.280E-01   35.06  2.792E-05  -15.84      2.30211E+00                 0.0001     0.00   LINEAR
  354.00    0.00   4.524E-01   48.06  2.229E-05   -7.54      2.57190E+00                 0.0000  -180.00   LINEAR
  356.00    0.00   4.704E-01   60.95  1.660E-05   -2.33      2.78067E+00                 0.0000  -180.00   LINEAR
  358.00    0.00   4.814E-01   73.73  1.125E-05   -4.07      2.91272E+00                 0.0000  -180.00   LINEAR
  360.00    0.00   4.852E-01   86.37  7.350E-06  -23.54      2.95786E+00                 0.0000   180.00   LINEAR
