 0.00    0.00   5.845E-01  134.29  7.672E-06   -8.13      4.29270E+00                 0.0000   180.00   LINEAR
    2.00    0.00   5.799E-01  146.81  2.652E-05   58.13      4.22651E+00                 0.0000  -180.00   LINEAR
    4.00    0.00   5.665E-01  159.22  4.805E-05   78.95      4.03324E+00                 0.0001  -180.00   LINEAR
    6.00    0.00   5.447E-01  171.48  6.802E-05   95.55      3.72778E+00                 0.0001  -180.00   LINEAR
    8.00    0.00   5.150E-01 -176.41  8.525E-05  111.22      3.33305E+00                 0.0002  -180.00   LINEAR
   10.00    0.00   4.785E-01 -164.48  9.894E-05  126.81      2.87753E+00                 0.0002  -180.00   LINEAR
   12.00    0.00   4.363E-01 -152.76  1.085E-04  142.68      2.39223E+00                 0.0002  -179.99   LINEAR
   14.00    0.00   3.896E-01 -141.28  1.139E-04  159.15      1.90765E+00                 0.0003  -179.99   LINEAR
   16.00    0.00   3.398E-01 -130.08  1.152E-04  176.54      1.45092E+00                 0.0003     0.01   LINEAR
   18.00    0.00   2.882E-01 -119.21  1.130E-04 -164.74      1.04372E+00                 0.0003     0.02   LINEAR
   20.00    0.00   2.362E-01 -108.76  1.088E-04 -144.18      7.00866E-01                 0.0003     0.02   LINEAR
   22.00    0.00   1.850E-01  -98.89  1.043E-04 -121.35      4.29949E-01                 0.0002     0.03   LINEAR
   24.00    0.00   1.358E-01  -89.91  1.021E-04  -96.23      2.31694E-01                 0.0001     0.04   LINEAR
   26.00    0.00   8.968E-02  -82.64  1.046E-04  -69.83      1.01059E-01                 0.0003     0.07   LINEAR
   28.00    0.00   4.784E-02  -80.42  1.131E-04  -44.02      2.87552E-02                 0.0014     0.11   LINEAR
   30.00    0.00   1.530E-02 -115.37  1.273E-04  -20.42      2.94343E-03                 0.0083    -0.04   LINEAR
   32.00    0.00   2.943E-02  161.37  1.456E-04    0.41      1.08835E-02                 0.0016   179.73   LINEAR
   34.00    0.00   5.666E-02  156.76  1.661E-04   18.70      4.03361E-02                 0.0020   179.88   LINEAR
   36.00    0.00   8.009E-02  161.04  1.871E-04   34.96      8.06034E-02                 0.0019   179.92   LINEAR
   38.00    0.00   9.900E-02  167.05  2.074E-04   49.62      1.23163E-01                 0.0019   179.94   LINEAR
   40.00    0.00   1.135E-01  173.42  2.261E-04   63.04      1.61911E-01                 0.0019   179.96   LINEAR
   42.00    0.00   1.240E-01  179.72  2.425E-04   75.45      1.93080E-01                 0.0019   179.97   LINEAR
   44.00    0.00   1.308E-01 -174.25  2.562E-04   87.03      2.14921E-01                 0.0019   179.98   LINEAR
   46.00    0.00   1.345E-01 -168.61  2.670E-04   97.89      2.27260E-01                 0.0020   179.99   LINEAR
   48.00    0.00   1.356E-01 -163.42  2.747E-04  108.13      2.31002E-01                 0.0020  -180.00   LINEAR
   50.00    0.00   1.346E-01 -158.69  2.795E-04  117.79      2.27671E-01                 0.0021  -179.99   LINEAR
   52.00    0.00   1.320E-01 -154.46  2.814E-04  126.92      2.19023E-01                 0.0021  -179.98   LINEAR
   54.00    0.00   1.283E-01 -150.70  2.807E-04  135.55      2.06760E-01                 0.0021  -179.96   LINEAR
   56.00    0.00   1.237E-01 -147.39  2.777E-04  143.70      1.92349E-01                 0.0021  -179.95   LINEAR
   58.00    0.00   1.187E-01 -144.51  2.728E-04  151.38      1.76932E-01                 0.0021  -179.94   LINEAR
   60.00    0.00   1.133E-01 -141.98  2.662E-04  158.59      1.61307E-01                 0.0020  -179.93   LINEAR
   62.00    0.00   1.078E-01 -139.74  2.583E-04  165.36      1.45968E-01                 0.0020  -179.92   LINEAR
   64.00    0.00   1.022E-01 -137.73  2.495E-04  171.68      1.31162E-01                 0.0019  -179.91   LINEAR
   66.00    0.00   9.648E-02 -135.85  2.401E-04  177.54      1.16966E-01                 0.0018  -179.90   LINEAR
   68.00    0.00   9.069E-02 -134.02  2.304E-04 -177.05      1.03359E-01                 0.0017     0.11   LINEAR
   70.00    0.00   8.476E-02 -132.17  2.207E-04 -172.11      9.02808E-02                 0.0017     0.11   LINEAR
   72.00    0.00   7.863E-02 -130.19  2.111E-04 -167.64      7.76849E-02                 0.0016     0.12   LINEAR
   74.00    0.00   7.223E-02 -127.96  2.020E-04 -163.66      6.55685E-02                 0.0016     0.13   LINEAR
   76.00    0.00   6.555E-02 -125.33  1.935E-04 -160.18      5.39953E-02                 0.0017     0.14   LINEAR
   78.00    0.00   5.857E-02 -122.06  1.858E-04 -157.22      4.31055E-02                 0.0018     0.15   LINEAR
   80.00    0.00   5.134E-02 -117.76  1.789E-04 -154.81      3.31201E-02                 0.0021     0.16   LINEAR
   82.00    0.00   4.401E-02 -111.77  1.730E-04 -152.96      2.43401E-02                 0.0026     0.17   LINEAR
   84.00    0.00   3.693E-02 -102.91  1.681E-04 -151.70      1.71430E-02                 0.0034     0.17   LINEAR
   86.00    0.00   3.087E-02  -89.34  1.643E-04 -151.04      1.19792E-02                 0.0047     0.14   LINEAR
   88.00    0.00   2.730E-02  -69.47  1.616E-04 -151.01      9.36703E-03                 0.0059     0.05   LINEAR
   90.00    0.00   2.805E-02  -46.06  1.600E-04 -151.62      9.88718E-03                 0.0055    -0.09   LINEAR
   92.00    0.00   3.359E-02  -26.33  1.596E-04 -152.86      1.41757E-02                 0.0038    -0.16   LINEAR
   94.00    0.00   4.270E-02  -13.32  1.604E-04 -154.74      2.29136E-02                 0.0023    -0.17   LINEAR
   96.00    0.00   5.412E-02   -5.53  1.622E-04 -157.23      3.68123E-02                 0.0014    -0.15   LINEAR
   98.00    0.00   6.711E-02   -1.09  1.652E-04 -160.34      5.65915E-02                 0.0009    -0.13   LINEAR
  100.00    0.00   8.125E-02    1.22  1.692E-04 -164.02      8.29486E-02                 0.0005    -0.12   LINEAR
  102.00    0.00   9.629E-02    2.07  1.742E-04 -168.26      1.16518E-01                 0.0003    -0.10   LINEAR
  104.00    0.00   1.121E-01    1.88  1.801E-04 -173.04      1.57817E-01                 0.0001    -0.09   LINEAR
  106.00    0.00   1.284E-01    0.88  1.867E-04 -178.33      2.07180E-01                 0.0000    -0.08   LINEAR
  108.00    0.00   1.451E-01   -0.77  1.941E-04  175.88      2.64681E-01                 0.0001    -0.08   LINEAR
  110.00    0.00   1.621E-01   -2.98  2.020E-04  169.61      3.30045E-01                 0.0002    -0.07   LINEAR
  112.00    0.00   1.790E-01   -5.67  2.103E-04  162.86      4.02556E-01                 0.0002    -0.07   LINEAR
  114.00    0.00   1.956E-01   -8.79  2.187E-04  155.66      4.80958E-01                 0.0003    -0.06   LINEAR
  116.00    0.00   2.117E-01  -12.31  2.271E-04  147.99      5.63381E-01                 0.0004    -0.06   LINEAR
  118.00    0.00   2.270E-01  -16.21  2.353E-04  139.85      6.47269E-01                 0.0004    -0.05   LINEAR
  120.00    0.00   2.409E-01  -20.44  2.431E-04  131.26      7.29359E-01                 0.0005    -0.05   LINEAR
  122.00    0.00   2.532E-01  -25.00  2.502E-04  122.19      8.05704E-01                 0.0005    -0.05   LINEAR
  124.00    0.00   2.634E-01  -29.87  2.564E-04  112.65      8.71770E-01                 0.0006    -0.04   LINEAR
  126.00    0.00   2.710E-01  -35.02  2.615E-04  102.62      9.22612E-01                 0.0007    -0.04   LINEAR
  128.00    0.00   2.754E-01  -40.43  2.653E-04   92.09      9.53165E-01                 0.0007    -0.04   LINEAR
  130.00    0.00   2.762E-01  -46.09  2.677E-04   81.05      9.58638E-01                 0.0008    -0.03   LINEAR
  132.00    0.00   2.728E-01  -51.96  2.686E-04   69.49      9.35040E-01                 0.0008    -0.03   LINEAR
  134.00    0.00   2.646E-01  -57.99  2.678E-04   57.39      8.79817E-01                 0.0009    -0.02   LINEAR
  136.00    0.00   2.511E-01  -64.11  2.655E-04   44.73      7.92589E-01                 0.0010    -0.02   LINEAR
  138.00    0.00   2.319E-01  -70.22  2.617E-04   31.50      6.75951E-01                 0.0011    -0.01   LINEAR
  140.00    0.00   2.066E-01  -76.11  2.564E-04   17.70      5.36260E-01                 0.0012    -0.00   LINEAR
  142.00    0.00   1.749E-01  -81.33  2.499E-04    3.30      3.84337E-01                 0.0014     0.01   LINEAR
  144.00    0.00   1.370E-01  -84.81  2.424E-04  -11.68      2.35946E-01                 0.0017     0.03   LINEAR
  146.00    0.00   9.437E-02  -83.21  2.342E-04  -27.24      1.11917E-01                 0.0021     0.08   LINEAR
  148.00    0.00   5.481E-02  -62.04  2.254E-04  -43.34      3.77568E-02                 0.0013     0.22   LINEAR
  150.00    0.00   5.823E-02   -5.60  2.163E-04  -59.95      4.26058E-02                 0.0030     0.12   LINEAR
  152.00    0.00   1.119E-01   14.66  2.071E-04  -76.98      1.57449E-01                 0.0018    -0.00   LINEAR
  154.00    0.00   1.812E-01   15.02  1.978E-04  -94.36      4.12557E-01                 0.0010    -0.02   LINEAR
  156.00    0.00   2.577E-01    9.75  1.884E-04 -111.98      8.34250E-01                 0.0006    -0.02   LINEAR
  158.00    0.00   3.387E-01    2.18  1.789E-04 -129.73      1.44124E+00                 0.0004    -0.02   LINEAR
  160.00    0.00   4.223E-01   -6.61  1.688E-04 -147.52      2.24089E+00                 0.0003    -0.02   LINEAR
  162.00    0.00   5.067E-01  -16.20  1.581E-04 -165.27      3.22594E+00                 0.0002    -0.02   LINEAR
  164.00    0.00   5.899E-01  -26.36  1.463E-04  177.07      4.37223E+00                 0.0001    -0.01   LINEAR
  166.00    0.00   6.698E-01  -36.98  1.333E-04  159.49      5.63794E+00                 0.0001    -0.01   LINEAR
  168.00    0.00   7.445E-01  -47.97  1.190E-04  141.96      6.96481E+00                 0.0000    -0.01   LINEAR
  170.00    0.00   8.118E-01  -59.28  1.033E-04  124.31      8.28151E+00                 0.0000    -0.01   LINEAR
  172.00    0.00   8.699E-01  -70.88  8.634E-05  106.25      9.50895E+00                 0.0000    -0.01   LINEAR
  174.00    0.00   9.170E-01  -82.73  6.845E-05   87.08      1.05672E+01                 0.0000    -0.00   LINEAR
  176.00    0.00   9.518E-01  -94.82  5.031E-05   65.13      1.13833E+01                 0.0000    -0.00   LINEAR
  178.00    0.00   9.731E-01 -107.11  3.346E-05   35.49      1.18985E+01                 0.0000    -0.00   LINEAR
  180.00    0.00   9.802E-01 -119.60  2.277E-05  -14.35      1.20748E+01                 0.0000    -0.00   LINEAR
  182.00    0.00   9.731E-01 -132.26  2.681E-05  -73.52      1.18989E+01                 0.0000     0.00   LINEAR
  184.00    0.00   9.518E-01 -145.08  4.041E-05 -108.77      1.13841E+01                 0.0000  -180.00   LINEAR
  186.00    0.00   9.171E-01 -158.05  5.576E-05 -130.59      1.05684E+01                 0.0000  -180.00   LINEAR
  188.00    0.00   8.699E-01 -171.15  7.039E-05 -146.89      9.51030E+00                 0.0000  -180.00   LINEAR
  190.00    0.00   8.119E-01  175.61  8.350E-05 -160.30      8.28294E+00                 0.0000  -179.99   LINEAR
  192.00    0.00   7.445E-01  162.24  9.484E-05 -171.76      6.96622E+00                 0.0001  -179.99   LINEAR
  194.00    0.00   6.699E-01  148.72  1.045E-04  178.34      5.63921E+00                 0.0001  -179.99   LINEAR
  196.00    0.00   5.899E-01  135.05  1.127E-04  169.80      4.37330E+00                 0.0001  -179.99   LINEAR
  198.00    0.00   5.067E-01  121.16  1.201E-04  162.47      3.22677E+00                 0.0002  -179.99   LINEAR
  200.00    0.00   4.223E-01  106.97  1.273E-04  156.18      2.24146E+00                 0.0002  -179.99   LINEAR
  202.00    0.00   3.387E-01   92.29  1.349E-04  150.70      1.44157E+00                 0.0003  -179.99   LINEAR
  204.00    0.00   2.577E-01   76.71  1.436E-04  145.72      8.34397E-01                 0.0005  -179.99   LINEAR
  206.00    0.00   1.812E-01   59.19  1.536E-04  140.93      4.12573E-01                 0.0008  -179.99   LINEAR
  208.00    0.00   1.119E-01   36.43  1.650E-04  136.06      1.57400E-01                 0.0015    -0.01   LINEAR
  210.00    0.00   5.819E-02   -5.85  1.776E-04  130.92      4.25527E-02                 0.0021    -0.13   LINEAR
  212.00    0.00   5.481E-02  -83.89  1.910E-04  125.43      3.77522E-02                 0.0017    -0.17   LINEAR
  214.00    0.00   9.441E-02 -126.12  2.046E-04  119.56      1.12000E-01                 0.0020    -0.05   LINEAR
  216.00    0.00   1.371E-01 -148.32  2.179E-04  113.38      2.36137E-01                 0.0016   179.99   LINEAR
  218.00    0.00   1.750E-01 -164.91  2.303E-04  106.93      3.84644E-01                 0.0013  -180.00   LINEAR
  220.00    0.00   2.067E-01 -179.23  2.414E-04  100.32      5.36675E-01                 0.0012  -179.99   LINEAR
  222.00    0.00   2.320E-01  167.67  2.507E-04   93.61      6.76457E-01                 0.0010  -179.98   LINEAR
  224.00    0.00   2.512E-01  155.39  2.581E-04   86.87      7.93163E-01                 0.0010  -179.98   LINEAR
  226.00    0.00   2.647E-01  143.74  2.633E-04   80.18      8.80431E-01                 0.0009  -179.97   LINEAR
  228.00    0.00   2.729E-01  132.62  2.664E-04   73.59      9.35670E-01                 0.0008  -179.97   LINEAR
  230.00    0.00   2.763E-01  121.99  2.673E-04   67.14      9.59259E-01                 0.0008  -179.97   LINEAR
  232.00    0.00   2.755E-01  111.82  2.661E-04   60.89      9.53758E-01                 0.0007  -179.97   LINEAR
  234.00    0.00   2.710E-01  102.10  2.630E-04   54.86      9.23162E-01                 0.0007  -179.96   LINEAR
  236.00    0.00   2.635E-01   92.82  2.583E-04   49.10      8.72267E-01                 0.0007  -179.96   LINEAR
  238.00    0.00   2.533E-01   83.99  2.521E-04   43.62      8.06143E-01                 0.0006  -179.96   LINEAR
  240.00    0.00   2.410E-01   75.60  2.447E-04   38.45      7.29739E-01                 0.0006  -179.95   LINEAR
  242.00    0.00   2.270E-01   67.64  2.365E-04   33.62      6.47591E-01                 0.0006  -179.95   LINEAR
  244.00    0.00   2.118E-01   60.11  2.276E-04   29.15      5.63649E-01                 0.0006  -179.95   LINEAR
  246.00    0.00   1.957E-01   53.01  2.183E-04   25.05      4.81178E-01                 0.0005  -179.94   LINEAR
  248.00    0.00   1.790E-01   46.30  2.089E-04   21.34      4.02732E-01                 0.0005  -179.94   LINEAR
  250.00    0.00   1.621E-01   39.98  1.996E-04   18.03      3.30184E-01                 0.0005     0.07   LINEAR
  252.00    0.00   1.452E-01   33.99  1.907E-04   15.14      2.64790E-01                 0.0004     0.07   LINEAR
  254.00    0.00   1.284E-01   28.29  1.822E-04   12.68      2.07264E-01                 0.0004     0.08   LINEAR
  256.00    0.00   1.121E-01   22.77  1.743E-04   10.65      1.57882E-01                 0.0003     0.09   LINEAR
  258.00    0.00   9.631E-02   17.30  1.673E-04    9.06      1.16569E-01                 0.0002     0.10   LINEAR
  260.00    0.00   8.127E-02   11.63  1.611E-04    7.92      8.29911E-02                 0.0001     0.11   LINEAR
  262.00    0.00   6.713E-02    5.38  1.559E-04    7.21      5.66291E-02                 0.0001     0.13   LINEAR
  264.00    0.00   5.415E-02   -2.14  1.518E-04    6.94      3.68492E-02                 0.0004     0.16   LINEAR
  266.00    0.00   4.274E-02  -12.15  1.488E-04    7.10      2.29534E-02                 0.0011     0.19   LINEAR
  268.00    0.00   3.364E-02  -26.50  1.469E-04    7.68      1.42220E-02                 0.0025     0.21   LINEAR
  270.00    0.00   2.813E-02  -46.66  1.462E-04    8.67      9.94374E-03                 0.0043     0.17   LINEAR
  272.00    0.00   2.740E-02  -69.57  1.466E-04   10.06      9.43737E-03                 0.0053     0.06   LINEAR
  274.00    0.00   3.099E-02  -88.05  1.483E-04   11.84      1.20670E-02                 0.0047    -0.05   LINEAR
  276.00    0.00   3.705E-02  -99.40  1.511E-04   14.00      1.72521E-02                 0.0037    -0.09   LINEAR
  278.00    0.00   4.413E-02 -105.18  1.550E-04   16.53      2.44747E-02                 0.0030    -0.11   LINEAR
  280.00    0.00   5.147E-02 -107.23  1.599E-04   19.44      3.32845E-02                 0.0025    -0.11   LINEAR
  282.00    0.00   5.870E-02 -106.73  1.659E-04   22.71      4.33042E-02                 0.0022    -0.10   LINEAR
  284.00    0.00   6.569E-02 -104.35  1.728E-04   26.35      5.42333E-02                 0.0020    -0.10   LINEAR
  286.00    0.00   7.239E-02 -100.47  1.805E-04   30.35      6.58508E-02                 0.0019    -0.09   LINEAR
  288.00    0.00   7.879E-02  -95.35  1.889E-04   34.71      7.80166E-02                 0.0018    -0.09   LINEAR
  290.00    0.00   8.494E-02  -89.15  1.978E-04   39.43      9.06671E-02                 0.0018    -0.08   LINEAR
  292.00    0.00   9.089E-02  -82.00  2.070E-04   44.52      1.03804E-01                 0.0018    -0.08   LINEAR
  294.00    0.00   9.669E-02  -74.01  2.163E-04   49.96      1.17475E-01                 0.0019    -0.07   LINEAR
  296.00    0.00   1.024E-01  -65.26  2.255E-04   55.74      1.31737E-01                 0.0019    -0.07   LINEAR
  298.00    0.00   1.080E-01  -55.87  2.343E-04   61.87      1.46611E-01                 0.0019    -0.06   LINEAR
  300.00    0.00   1.135E-01  -45.92  2.423E-04   68.34      1.62017E-01                 0.0019    -0.05   LINEAR
  302.00    0.00   1.189E-01  -35.50  2.493E-04   75.12      1.77705E-01                 0.0020    -0.04   LINEAR
  304.00    0.00   1.240E-01  -24.70  2.549E-04   82.21      1.93179E-01                 0.0020    -0.03   LINEAR
  306.00    0.00   1.285E-01  -13.59  2.588E-04   89.60      2.07637E-01                 0.0020    -0.03   LINEAR
  308.00    0.00   1.323E-01   -2.22  2.605E-04   97.25      2.19931E-01                 0.0019    -0.02   LINEAR
  310.00    0.00   1.349E-01    9.37  2.598E-04  105.16      2.28592E-01                 0.0019    -0.01   LINEAR
  312.00    0.00   1.358E-01   21.14  2.564E-04  113.27      2.31914E-01                 0.0019    -0.00   LINEAR
  314.00    0.00   1.347E-01   33.08  2.501E-04  121.57      2.28137E-01                 0.0019     0.00   LINEAR
  316.00    0.00   1.310E-01   45.22  2.406E-04  130.00      2.15737E-01                 0.0018  -179.99   LINEAR
  318.00    0.00   1.242E-01   57.59  2.280E-04  138.48      1.93808E-01                 0.0018  -179.98   LINEAR
  320.00    0.00   1.137E-01   70.26  2.123E-04  146.93      1.62529E-01                 0.0018  -179.98   LINEAR
  322.00    0.00   9.920E-02   83.42  1.938E-04  155.22      1.23652E-01                 0.0019  -179.97   LINEAR
  324.00    0.00   8.026E-02   97.49  1.728E-04  163.13      8.09525E-02                 0.0020  -179.95   LINEAR
  326.00    0.00   5.680E-02  113.78  1.499E-04  170.33      4.05442E-02                 0.0022  -179.92   LINEAR
  328.00    0.00   2.953E-02  139.37  1.260E-04  176.26      1.09606E-02                 0.0026  -179.80   LINEAR
  330.00    0.00   1.522E-02 -115.92  1.025E-04  179.97      2.91047E-03                 0.0061     0.17   LINEAR
  332.00    0.00   4.774E-02  -58.67  8.115E-05  179.78      2.86434E-02                 0.0014    -0.05   LINEAR
  334.00    0.00   8.961E-02  -38.48  6.509E-05  173.59      1.00907E-01                 0.0004    -0.04   LINEAR
  336.00    0.00   1.357E-01  -22.95  5.801E-05  161.74      2.31544E-01                 0.0000    -0.02   LINEAR
  338.00    0.00   1.849E-01   -8.79  6.078E-05  150.76      4.29843E-01                 0.0001    -0.02   LINEAR
  340.00    0.00   2.362E-01    4.81  6.935E-05  146.34      7.00840E-01                 0.0002    -0.01   LINEAR
  342.00    0.00   2.882E-01   18.14  7.886E-05  148.06      1.04379E+00                 0.0002    -0.01   LINEAR
  344.00    0.00   3.398E-01   31.33  8.627E-05  153.79      1.45111E+00                 0.0002    -0.01   LINEAR
  346.00    0.00   3.897E-01   44.41  8.996E-05  162.05      1.90794E+00                 0.0002    -0.01   LINEAR
  348.00    0.00   4.363E-01   57.43  8.913E-05  171.97      2.39261E+00                 0.0002   180.00   LINEAR
  350.00    0.00   4.786E-01   70.40  8.352E-05 -176.87      2.87795E+00                 0.0002   180.00   LINEAR
  352.00    0.00   5.150E-01   83.31  7.324E-05 -164.64      3.33347E+00                 0.0001   180.00   LINEAR
  354.00    0.00   5.447E-01   96.17  5.876E-05 -151.20      3.72815E+00                 0.0001   180.00   LINEAR
  356.00    0.00   5.665E-01  108.96  4.085E-05 -135.63      4.03352E+00                 0.0001   180.00   LINEAR
  358.00    0.00   5.800E-01  121.67  2.075E-05 -112.74      4.22666E+00                 0.0000   180.00   LINEAR
  360.00    0.00   5.845E-01  134.29  7.672E-06   -8.13      4.29270E+00                 0.0000   180.00   LINEAR