  0.00    0.00   2.953E-01   29.85  6.474E-08 -114.47      1.09581E+00                 0.0000    -0.00   LINEAR
    2.00    0.00   2.932E-01   42.40  9.232E-08 -125.47      1.08009E+00                 0.0000    -0.00   LINEAR
    4.00    0.00   2.869E-01   54.89  1.249E-07 -123.80      1.03406E+00                 0.0000   180.00   LINEAR
    6.00    0.00   2.765E-01   67.31  1.553E-07 -116.80      9.60954E-01                 0.0000   180.00   LINEAR
    8.00    0.00   2.625E-01   79.62  1.802E-07 -107.34      8.65824E-01                 0.0000   180.00   LINEAR
   10.00    0.00   2.451E-01   91.83  1.979E-07  -96.57      7.55002E-01                 0.0000   180.00   LINEAR
   12.00    0.00   2.249E-01  103.90  2.073E-07  -84.95      6.35511E-01                 0.0000   180.00   LINEAR
   14.00    0.00   2.023E-01  115.82  2.082E-07  -72.69      5.14421E-01                 0.0000   180.00   LINEAR
   16.00    0.00   1.780E-01  127.55  2.005E-07  -59.81      3.98252E-01                 0.0000   180.00   LINEAR
   18.00    0.00   1.526E-01  139.05  1.850E-07  -46.16      2.92482E-01                 0.0000   180.00   LINEAR
   20.00    0.00   1.265E-01  150.29  1.628E-07  -31.36      2.01204E-01                 0.0000   180.00   LINEAR
   22.00    0.00   1.005E-01  161.15  1.357E-07  -14.57      1.26964E-01                 0.0000   180.00   LINEAR
   24.00    0.00   7.503E-02  171.45  1.064E-07    6.05      7.07500E-02                 0.0000   180.00   LINEAR
   26.00    0.00   5.058E-02 -179.31  7.982E-08   34.57      3.21505E-02                 0.0000   180.00   LINEAR
   28.00    0.00   2.764E-02 -173.07  6.599E-08   75.59      9.60269E-03                 0.0000   180.00   LINEAR
   30.00    0.00   7.554E-03  167.92  7.449E-08  118.85      7.17034E-04                 0.0000  -180.00   LINEAR
   32.00    0.00   1.443E-02   57.40  9.879E-08  149.69      2.61770E-03                 0.0000   180.00   LINEAR
   34.00    0.00   3.124E-02   56.86  1.280E-07  170.84      1.22652E-02                 0.0000   180.00   LINEAR
   36.00    0.00   4.612E-02   63.80  1.567E-07 -172.98      2.67309E-02                 0.0000   180.00   LINEAR
   38.00    0.00   5.877E-02   72.05  1.824E-07 -159.48      4.34045E-02                 0.0000   180.00   LINEAR
   40.00    0.00   6.917E-02   80.59  2.038E-07 -147.61      6.01299E-02                 0.0000   180.00   LINEAR
   42.00    0.00   7.739E-02   89.12  2.204E-07 -136.87      7.52697E-02                 0.0000   180.00   LINEAR
   44.00    0.00   8.354E-02   97.50  2.319E-07 -127.00      8.77103E-02                 0.0000   180.00   LINEAR
   46.00    0.00   8.778E-02  105.66  2.382E-07 -117.84      9.68204E-02                 0.0000   180.00   LINEAR
   48.00    0.00   9.026E-02  113.56  2.398E-07 -109.33      1.02379E-01                 0.0000   180.00   LINEAR
   50.00    0.00   9.119E-02  121.18  2.370E-07 -101.43      1.04488E-01                 0.0000   180.00   LINEAR
   52.00    0.00   9.075E-02  128.49  2.303E-07  -94.13      1.03480E-01                 0.0000   180.00   LINEAR
   54.00    0.00   8.913E-02  135.49  2.204E-07  -87.43      9.98308E-02                 0.0000   180.00   LINEAR
   56.00    0.00   8.653E-02  142.14  2.079E-07  -81.36      9.40890E-02                 0.0000   180.00   LINEAR
   58.00    0.00   8.312E-02  148.46  1.934E-07  -75.95      8.68147E-02                 0.0000   180.00   LINEAR
   60.00    0.00   7.906E-02  154.43  1.777E-07  -71.27      7.85370E-02                 0.0000   180.00   LINEAR
   62.00    0.00   7.449E-02  160.03  1.613E-07  -67.39      6.97265E-02                 0.0000   180.00   LINEAR
   64.00    0.00   6.955E-02  165.27  1.449E-07  -64.41      6.07799E-02                 0.0000   180.00   LINEAR
   66.00    0.00   6.434E-02  170.14  1.288E-07  -62.45      5.20146E-02                 0.0000   180.00   LINEAR
   68.00    0.00   5.895E-02  174.64  1.138E-07  -61.65      4.36714E-02                 0.0000   180.00   LINEAR
   70.00    0.00   5.347E-02  178.75  1.001E-07  -62.15      3.59220E-02                 0.0000   180.00   LINEAR
   72.00    0.00   4.794E-02 -177.52  8.825E-08  -64.07      2.88785E-02                 0.0000   180.00   LINEAR
   74.00    0.00   4.241E-02 -174.17  7.849E-08  -67.41      2.26054E-02                 0.0000   180.00   LINEAR
   76.00    0.00   3.692E-02 -171.21  7.103E-08  -71.98      1.71305E-02                 0.0000   180.00   LINEAR
   78.00    0.00   3.148E-02 -168.65  6.588E-08  -77.32      1.24552E-02                 0.0000   180.00   LINEAR
   80.00    0.00   2.611E-02 -166.48  6.281E-08  -82.77      8.56426E-03                 0.0000  -180.00   LINEAR
   82.00    0.00   2.079E-02 -164.70  6.139E-08  -87.68      5.43296E-03                 0.0000  -180.00   LINEAR
   84.00    0.00   1.554E-02 -163.31  6.114E-08  -91.57      3.03369E-03                 0.0000  -180.00   LINEAR
   86.00    0.00   1.033E-02 -162.32  6.157E-08  -94.22      1.34068E-03                 0.0000  -180.00   LINEAR
   88.00    0.00   5.152E-03 -161.71  6.235E-08  -95.56      3.33598E-04                 0.0000  -180.00   LINEAR
   90.00    0.00   1.072E-05   -4.10  6.329E-08  -95.63      1.44488E-09                 0.0059    -0.01   LINEAR
   92.00    0.00   5.177E-03   18.18  6.439E-08  -94.52      3.36755E-04                 0.0000    -0.00   LINEAR
   94.00    0.00   1.037E-02   17.60  6.575E-08  -92.32      1.35053E-03                 0.0000    -0.00   LINEAR
   96.00    0.00   1.560E-02   16.61  6.764E-08  -89.19      3.05737E-03                 0.0000    -0.00   LINEAR
   98.00    0.00   2.089E-02   15.21  7.041E-08  -85.36      5.48133E-03                 0.0000    -0.00   LINEAR
  100.00    0.00   2.624E-02   13.42  7.443E-08  -81.17      8.65203E-03                 0.0000    -0.00   LINEAR
  102.00    0.00   3.167E-02   11.23  8.004E-08  -77.04      1.26011E-02                 0.0000     0.00   LINEAR
  104.00    0.00   3.717E-02    8.65  8.749E-08  -73.39      1.73572E-02                 0.0000     0.00   LINEAR
  106.00    0.00   4.273E-02    5.68  9.686E-08  -70.56      2.29397E-02                 0.0000     0.00   LINEAR
  108.00    0.00   4.833E-02    2.32  1.081E-07  -68.75      2.93507E-02                 0.0000     0.00   LINEAR
  110.00    0.00   5.394E-02   -1.44  1.210E-07  -68.05      3.65654E-02                 0.0000     0.00   LINEAR
  112.00    0.00   5.952E-02   -5.57  1.353E-07  -68.44      4.45216E-02                 0.0000     0.00   LINEAR
  114.00    0.00   6.501E-02  -10.09  1.507E-07  -69.87      5.31072E-02                 0.0000     0.00   LINEAR
  116.00    0.00   7.033E-02  -14.98  1.667E-07  -72.25      6.21489E-02                 0.0000     0.00   LINEAR
  118.00    0.00   7.538E-02  -20.24  1.829E-07  -75.49      7.14013E-02                 0.0000     0.00   LINEAR
  120.00    0.00   8.006E-02  -25.87  1.986E-07  -79.53      8.05384E-02                 0.0000     0.00   LINEAR
  122.00    0.00   8.423E-02  -31.86  2.134E-07  -84.29      8.91515E-02                 0.0000     0.00   LINEAR
  124.00    0.00   8.775E-02  -38.20  2.266E-07  -89.72      9.67534E-02                 0.0000     0.00   LINEAR
  126.00    0.00   9.044E-02  -44.88  2.375E-07  -95.78      1.02794E-01                 0.0000     0.00   LINEAR
  128.00    0.00   9.214E-02  -51.90  2.454E-07 -102.44      1.06689E-01                 0.0000     0.00   LINEAR
  130.00    0.00   9.265E-02  -59.24  2.498E-07 -109.67      1.07863E-01                 0.0000     0.00   LINEAR
  132.00    0.00   9.176E-02  -66.89  2.499E-07 -117.47      1.05814E-01                 0.0000     0.00   LINEAR
  134.00    0.00   8.929E-02  -74.82  2.452E-07 -125.84      1.00186E-01                 0.0000     0.00   LINEAR
  136.00    0.00   8.503E-02  -83.01  2.353E-07 -134.82      9.08625E-02                 0.0000     0.00   LINEAR
  138.00    0.00   7.882E-02  -91.43  2.200E-07 -144.47      7.80615E-02                 0.0000     0.00   LINEAR
  140.00    0.00   7.048E-02  -99.99  1.991E-07 -154.92      6.24283E-02                 0.0000     0.00   LINEAR
  142.00    0.00   5.992E-02 -108.58  1.729E-07 -166.44      4.51128E-02                 0.0000     0.00   LINEAR
  144.00    0.00   4.705E-02 -116.90  1.420E-07 -179.61      2.78139E-02                 0.0000     0.00   LINEAR
  146.00    0.00   3.189E-02 -123.96  1.076E-07  164.13      1.27764E-02                 0.0000     0.00   LINEAR
  148.00    0.00   1.472E-02 -123.77  7.244E-08  140.38      2.72432E-03                 0.0000    -0.00   LINEAR
  150.00    0.00   7.574E-03  -12.06  4.631E-08   94.97      7.20783E-04                 0.0000    -0.00   LINEAR
  152.00    0.00   2.814E-02    6.61  5.355E-08   31.49      9.95100E-03                 0.0000     0.00   LINEAR
  154.00    0.00   5.158E-02    0.23  8.684E-08   -4.72      3.34350E-02                 0.0000     0.00   LINEAR
  156.00    0.00   7.658E-02   -9.09  1.254E-07  -26.23      7.36893E-02                 0.0000     0.00   LINEAR
  158.00    0.00   1.026E-01  -19.43  1.626E-07  -42.96      1.32368E-01                 0.0000     0.00   LINEAR
  160.00    0.00   1.292E-01  -30.32  1.955E-07  -57.83      2.09923E-01                 0.0000     0.00   LINEAR
  162.00    0.00   1.559E-01  -41.58  2.223E-07  -71.91      3.05335E-01                 0.0000     0.00   LINEAR
  164.00    0.00   1.819E-01  -53.11  2.415E-07  -85.66      4.15958E-01                 0.0000     0.00   LINEAR
  166.00    0.00   2.068E-01  -64.86  2.522E-07  -99.34      5.37512E-01                 0.0000     0.00   LINEAR
  168.00    0.00   2.299E-01  -76.79  2.536E-07 -113.11      6.64264E-01                 0.0000     0.00   LINEAR
  170.00    0.00   2.506E-01  -88.87  2.457E-07 -127.12      7.89384E-01                 0.0000     0.00   LINEAR
  172.00    0.00   2.684E-01 -101.09  2.289E-07 -141.54      9.05458E-01                 0.0000     0.00   LINEAR
  174.00    0.00   2.828E-01 -113.41  2.039E-07 -156.64      1.00512E+00                 0.0000     0.00   LINEAR
  176.00    0.00   2.934E-01 -125.83  1.722E-07 -172.89      1.08171E+00                 0.0000     0.00   LINEAR
  178.00    0.00   2.999E-01 -138.32  1.357E-07  168.64      1.12995E+00                 0.0000  -180.00   LINEAR
  180.00    0.00   3.020E-01 -150.87  9.777E-08  145.35      1.14642E+00                 0.0000  -180.00   LINEAR
  182.00    0.00   2.999E-01 -163.47  6.489E-08  109.81      1.12995E+00                 0.0000  -180.00   LINEAR
  184.00    0.00   2.934E-01 -176.09  5.368E-08   53.14      1.08172E+00                 0.0000   180.00   LINEAR
  186.00    0.00   2.828E-01  171.28  7.320E-08    4.14      1.00513E+00                 0.0000   180.00   LINEAR
  188.00    0.00   2.684E-01  158.64  1.039E-07  -25.42      9.05472E-01                 0.0000   180.00   LINEAR
  190.00    0.00   2.506E-01  146.02  1.338E-07  -46.75      7.89399E-01                 0.0000   180.00   LINEAR
  192.00    0.00   2.299E-01  133.41  1.588E-07  -64.80      6.64280E-01                 0.0000   180.00   LINEAR
  194.00    0.00   2.068E-01  120.84  1.771E-07  -81.43      5.37527E-01                 0.0000   180.00   LINEAR
  196.00    0.00   1.819E-01  108.29  1.882E-07  -97.45      4.15971E-01                 0.0000   180.00   LINEAR
  198.00    0.00   1.559E-01   95.77  1.918E-07 -113.37      3.05347E-01                 0.0000   180.00   LINEAR
  200.00    0.00   1.293E-01   83.25  1.884E-07 -129.54      2.09932E-01                 0.0000   180.00   LINEAR
  202.00    0.00   1.026E-01   70.66  1.791E-07 -146.37      1.32375E-01                 0.0000   180.00   LINEAR
  204.00    0.00   7.658E-02   57.86  1.654E-07 -164.33      7.36944E-02                 0.0000   180.00   LINEAR
  206.00    0.00   5.158E-02   44.38  1.494E-07  175.96      3.34382E-02                 0.0000    -0.00   LINEAR
  208.00    0.00   2.814E-02   28.35  1.338E-07  153.81      9.95262E-03                 0.0000    -0.00   LINEAR
  210.00    0.00   7.577E-03  -12.32  1.219E-07  128.85      7.21352E-04                 0.0000    -0.00   LINEAR
  212.00    0.00   1.472E-02 -145.56  1.170E-07  101.85      2.72432E-03                 0.0000   180.00   LINEAR
  214.00    0.00   3.189E-02 -166.85  1.205E-07   75.06      1.27763E-02                 0.0000   180.00   LINEAR
  216.00    0.00   4.705E-02  179.61  1.310E-07   50.80      2.78140E-02                 0.0000   180.00   LINEAR
  218.00    0.00   5.992E-02  167.83  1.456E-07   29.89      4.51134E-02                 0.0000   180.00   LINEAR
  220.00    0.00   7.048E-02  156.88  1.615E-07   12.00      6.24297E-02                 0.0000   180.00   LINEAR
  222.00    0.00   7.882E-02  146.47  1.766E-07   -3.56      7.80636E-02                 0.0000   180.00   LINEAR
  224.00    0.00   8.503E-02  136.49  1.895E-07  -17.35      9.08654E-02                 0.0000   180.00   LINEAR
  226.00    0.00   8.929E-02  126.90  1.996E-07  -29.80      1.00190E-01                 0.0000   180.00   LINEAR
  228.00    0.00   9.176E-02  117.68  2.065E-07  -41.20      1.05818E-01                 0.0000   180.00   LINEAR
  230.00    0.00   9.265E-02  108.83  2.100E-07  -51.76      1.07868E-01                 0.0000   180.00   LINEAR
  232.00    0.00   9.214E-02  100.34  2.104E-07  -61.60      1.06693E-01                 0.0000   180.00   LINEAR
  234.00    0.00   9.045E-02   92.22  2.079E-07  -70.82      1.02799E-01                 0.0000   180.00   LINEAR
  236.00    0.00   8.775E-02   84.48  2.028E-07  -79.50      9.67583E-02                 0.0000   180.00   LINEAR
  238.00    0.00   8.423E-02   77.12  1.955E-07  -87.69      8.91562E-02                 0.0000   180.00   LINEAR
  240.00    0.00   8.006E-02   70.16  1.865E-07  -95.43      8.05428E-02                 0.0000   180.00   LINEAR
  242.00    0.00   7.538E-02   63.60  1.763E-07 -102.76      7.14053E-02                 0.0000   180.00   LINEAR
  244.00    0.00   7.033E-02   57.44  1.653E-07 -109.72      6.21526E-02                 0.0000   180.00   LINEAR
  246.00    0.00   6.501E-02   51.71  1.538E-07 -116.32      5.31104E-02                 0.0000   180.00   LINEAR
  248.00    0.00   5.952E-02   46.40  1.422E-07 -122.61      4.45244E-02                 0.0000   180.00   LINEAR
  250.00    0.00   5.394E-02   41.52  1.308E-07 -128.61      3.65678E-02                 0.0000    -0.00   LINEAR
  252.00    0.00   4.833E-02   37.08  1.200E-07 -134.34      2.93526E-02                 0.0000    -0.00   LINEAR
  254.00    0.00   4.273E-02   33.09  1.099E-07 -139.83      2.29412E-02                 0.0000    -0.00   LINEAR
  256.00    0.00   3.717E-02   29.56  1.007E-07 -145.08      1.73584E-02                 0.0000    -0.00   LINEAR
  258.00    0.00   3.167E-02   26.48  9.258E-08 -150.08      1.26020E-02                 0.0000    -0.00   LINEAR
  260.00    0.00   2.624E-02   23.87  8.566E-08 -154.81      8.65269E-03                 0.0000    -0.00   LINEAR
  262.00    0.00   2.089E-02   21.73  8.001E-08 -159.18      5.48178E-03                 0.0000    -0.00   LINEAR
  264.00    0.00   1.560E-02   20.06  7.567E-08 -163.09      3.05764E-03                 0.0000    -0.00   LINEAR
  266.00    0.00   1.037E-02   18.86  7.265E-08 -166.41      1.35067E-03                 0.0000    -0.00   LINEAR
  268.00    0.00   5.177E-03   18.13  7.093E-08 -168.97      3.36803E-04                 0.0000    -0.00   LINEAR
  270.00    0.00   1.085E-05   -3.40  7.048E-08 -170.66      1.48038E-09                 0.0014    -0.36   LINEAR
  272.00    0.00   5.152E-03 -161.77  7.126E-08 -171.36      3.33593E-04                 0.0000  -180.00   LINEAR
  274.00    0.00   1.033E-02 -161.06  7.323E-08 -171.05      1.34071E-03                 0.0000  -180.00   LINEAR
  276.00    0.00   1.554E-02 -159.86  7.636E-08 -169.74      3.03380E-03                 0.0000  -180.00   LINEAR
  278.00    0.00   2.079E-02 -158.18  8.063E-08 -167.49      5.43320E-03                 0.0000  -180.00   LINEAR
  280.00    0.00   2.611E-02 -156.03  8.602E-08 -164.40      8.56468E-03                 0.0000  -180.00   LINEAR
  282.00    0.00   3.148E-02 -153.40  9.250E-08 -160.58      1.24559E-02                 0.0000  -180.00   LINEAR
  284.00    0.00   3.692E-02 -150.31  1.000E-07 -156.11      1.71314E-02                 0.0000  -180.00   LINEAR
  286.00    0.00   4.241E-02 -146.76  1.085E-07 -151.09      2.26067E-02                 0.0000  -180.00   LINEAR
  288.00    0.00   4.794E-02 -142.75  1.179E-07 -145.58      2.88802E-02                 0.0000  -180.00   LINEAR
  290.00    0.00   5.347E-02 -138.29  1.281E-07 -139.63      3.59241E-02                 0.0000  -180.00   LINEAR
  292.00    0.00   5.895E-02 -133.40  1.387E-07 -133.28      4.36740E-02                 0.0000     0.00   LINEAR
  294.00    0.00   6.434E-02 -128.06  1.497E-07 -126.53      5.20177E-02                 0.0000     0.00   LINEAR
  296.00    0.00   6.955E-02 -122.31  1.607E-07 -119.38      6.07836E-02                 0.0000     0.00   LINEAR
  298.00    0.00   7.449E-02 -116.13  1.714E-07 -111.85      6.97308E-02                 0.0000     0.00   LINEAR
  300.00    0.00   7.906E-02 -109.54  1.814E-07 -103.91      7.85419E-02                 0.0000     0.00   LINEAR
  302.00    0.00   8.312E-02 -102.56  1.904E-07  -95.54      8.68202E-02                 0.0000     0.00   LINEAR
  304.00    0.00   8.653E-02  -95.18  1.978E-07  -86.71      9.40951E-02                 0.0000     0.00   LINEAR
  306.00    0.00   8.913E-02  -87.41  2.034E-07  -77.37      9.98374E-02                 0.0000     0.00   LINEAR
  308.00    0.00   9.075E-02  -79.27  2.066E-07  -67.48      1.03487E-01                 0.0000     0.00   LINEAR
  310.00    0.00   9.119E-02  -70.75  2.071E-07  -56.96      1.04496E-01                 0.0000     0.00   LINEAR
  312.00    0.00   9.026E-02  -61.87  2.048E-07  -45.70      1.02386E-01                 0.0000     0.00   LINEAR
  314.00    0.00   8.778E-02  -52.62  1.994E-07  -33.56      9.68274E-02                 0.0000     0.00   LINEAR
  316.00    0.00   8.355E-02  -43.00  1.912E-07  -20.34      8.77169E-02                 0.0000     0.00   LINEAR
  318.00    0.00   7.740E-02  -32.99  1.805E-07   -5.75      7.52757E-02                 0.0000     0.00   LINEAR
  320.00    0.00   6.918E-02  -22.53  1.683E-07   10.59      6.01351E-02                 0.0000     0.00   LINEAR
  322.00    0.00   5.877E-02  -11.53  1.560E-07   29.08      4.34088E-02                 0.0000     0.00   LINEAR
  324.00    0.00   4.612E-02    0.30  1.456E-07   50.08      2.67341E-02                 0.0000     0.00   LINEAR
  326.00    0.00   3.124E-02   13.96  1.397E-07   73.41      1.22673E-02                 0.0000     0.00   LINEAR
  328.00    0.00   1.444E-02   35.60  1.404E-07   98.05      2.61872E-03                 0.0000     0.00   LINEAR
  330.00    0.00   7.554E-03  167.64  1.482E-07  122.30      7.17087E-04                 0.0000  -180.00   LINEAR
  332.00    0.00   2.764E-02 -151.33  1.617E-07  144.82      9.60197E-03                 0.0000  -180.00   LINEAR
  334.00    0.00   5.058E-02 -135.16  1.784E-07  165.13      3.21492E-02                 0.0000  -180.00   LINEAR
  336.00    0.00   7.503E-02 -121.61  1.954E-07 -176.56      7.07486E-02                 0.0000     0.00   LINEAR
  338.00    0.00   1.005E-01 -108.76  2.103E-07 -159.86      1.26962E-01                 0.0000     0.00   LINEAR
  340.00    0.00   1.265E-01  -96.14  2.211E-07 -144.39      2.01203E-01                 0.0000     0.00   LINEAR
  342.00    0.00   1.526E-01  -83.59  2.261E-07 -129.90      2.92481E-01                 0.0000     0.00   LINEAR
  344.00    0.00   1.780E-01  -71.05  2.244E-07 -116.23      3.98252E-01                 0.0000     0.00   LINEAR
  346.00    0.00   2.023E-01  -58.49  2.154E-07 -103.34      5.14422E-01                 0.0000     0.00   LINEAR
  348.00    0.00   2.249E-01  -45.90  1.989E-07  -91.30      6.35513E-01                 0.0000     0.00   LINEAR
  350.00    0.00   2.451E-01  -33.28  1.755E-07  -80.39      7.55004E-01                 0.0000     0.00   LINEAR
  352.00    0.00   2.625E-01  -20.65  1.463E-07  -71.27      8.65826E-01                 0.0000     0.00   LINEAR
  354.00    0.00   2.765E-01   -8.01  1.132E-07  -65.56      9.60956E-01                 0.0000     0.00   LINEAR
  356.00    0.00   2.869E-01    4.63  8.054E-08  -67.50      1.03406E+00                 0.0000     0.00   LINEAR
  358.00    0.00   2.932E-01   17.26  5.874E-08  -86.19      1.08009E+00                 0.0000    -0.00   LINEAR
  360.00    0.00   2.953E-01   29.85  6.474E-08 -114.47      1.09581E+00                 0.0000    -0.00   LINEAR