 0.00    0.00   1.657E-01   15.82  5.320E-08   38.24      3.44978E-01                 0.0000     0.00   LINEAR
    2.00    0.00   1.645E-01   28.38  5.861E-08   53.47      3.39972E-01                 0.0000     0.00   LINEAR
    4.00    0.00   1.609E-01   40.90  6.390E-08   68.00      3.25306E-01                 0.0000     0.00   LINEAR
    6.00    0.00   1.550E-01   53.37  6.877E-08   81.95      3.02026E-01                 0.0000  -180.00   LINEAR
    8.00    0.00   1.471E-01   65.78  7.293E-08   95.38      2.71751E-01                 0.0000  -180.00   LINEAR
   10.00    0.00   1.372E-01   78.09  7.614E-08  108.37      2.36518E-01                 0.0000  -180.00   LINEAR
   12.00    0.00   1.257E-01   90.30  7.817E-08  120.93      1.98581E-01                 0.0000  -180.00   LINEAR
   14.00    0.00   1.129E-01  102.38  7.888E-08  133.10      1.60204E-01                 0.0000  -180.00   LINEAR
   16.00    0.00   9.912E-02  114.31  7.817E-08  144.86      1.23474E-01                 0.0000  -180.00   LINEAR
   18.00    0.00   8.469E-02  126.07  7.599E-08  156.20      9.01332E-02                 0.0000  -180.00   LINEAR
   20.00    0.00   6.995E-02  137.60  7.238E-08  167.05      6.14796E-02                 0.0000  -180.00   LINEAR
   22.00    0.00   5.521E-02  148.84  6.743E-08  177.32      3.83072E-02                 0.0000  -180.00   LINEAR
   24.00    0.00   4.079E-02  159.67  6.129E-08 -173.11      2.09104E-02                 0.0000  -180.00   LINEAR
   26.00    0.00   2.696E-02  169.71  5.419E-08 -164.51      9.13227E-03                 0.0000  -180.00   LINEAR
   28.00    0.00   1.396E-02  177.47  4.638E-08 -157.29      2.44913E-03                 0.0000  -180.00   LINEAR
   30.00    0.00   2.450E-03  152.79  3.825E-08 -152.20      7.54385E-05                 0.0000  -180.00   LINEAR
   32.00    0.00   9.248E-03   35.93  3.033E-08 -150.68      1.07478E-03                 0.0000    -0.00   LINEAR
   34.00    0.00   1.885E-02   41.02  2.350E-08 -155.37      4.46430E-03                 0.0000    -0.00   LINEAR
   36.00    0.00   2.721E-02   49.56  1.931E-08 -169.07      9.30297E-03                 0.0000   180.00   LINEAR
   38.00    0.00   3.427E-02   58.67  1.944E-08  172.44      1.47580E-02                 0.0000   180.00   LINEAR
   40.00    0.00   4.004E-02   67.81  2.339E-08  160.01      2.01473E-02                 0.0000   180.00   LINEAR
   42.00    0.00   4.457E-02   76.82  2.914E-08  155.68      2.49590E-02                 0.0000  -180.00   LINEAR
   44.00    0.00   4.792E-02   85.61  3.532E-08  156.35      2.88515E-02                 0.0000  -180.00   LINEAR
   46.00    0.00   5.018E-02   94.15  4.125E-08  159.65      3.16389E-02                 0.0000  -180.00   LINEAR
   48.00    0.00   5.145E-02  102.41  4.662E-08  164.32      3.32663E-02                 0.0000  -180.00   LINEAR
   50.00    0.00   5.185E-02  110.36  5.126E-08  169.68      3.37807E-02                 0.0000  -180.00   LINEAR
   52.00    0.00   5.148E-02  117.99  5.513E-08  175.37      3.33008E-02                 0.0000  -180.00   LINEAR
   54.00    0.00   5.045E-02  125.29  5.821E-08 -178.86      3.19887E-02                 0.0000  -180.00   LINEAR
   56.00    0.00   4.888E-02  132.25  6.051E-08 -173.13      3.00268E-02                 0.0000  -180.00   LINEAR
   58.00    0.00   4.686E-02  138.85  6.209E-08 -167.56      2.75983E-02                 0.0000  -180.00   LINEAR
   60.00    0.00   4.449E-02  145.09  6.300E-08 -162.19      2.48743E-02                 0.0000  -180.00   LINEAR
   62.00    0.00   4.185E-02  150.97  6.333E-08 -157.08      2.20051E-02                 0.0000  -180.00   LINEAR
   64.00    0.00   3.900E-02  156.46  6.315E-08 -152.28      1.91157E-02                 0.0000  -180.00   LINEAR
   66.00    0.00   3.602E-02  161.57  6.254E-08 -147.79      1.63049E-02                 0.0000  -180.00   LINEAR
   68.00    0.00   3.295E-02  166.29  6.159E-08 -143.65      1.36463E-02                 0.0000  -180.00   LINEAR
   70.00    0.00   2.984E-02  170.61  6.037E-08 -139.88      1.11908E-02                 0.0000  -180.00   LINEAR
   72.00    0.00   2.672E-02  174.54  5.895E-08 -136.47      8.97082E-03                 0.0000  -180.00   LINEAR
   74.00    0.00   2.361E-02  178.06  5.740E-08 -133.45      7.00327E-03                 0.0000  -180.00   LINEAR
   76.00    0.00   2.052E-02 -178.82  5.577E-08 -130.81      5.29385E-03                 0.0000  -180.00   LINEAR
   78.00    0.00   1.748E-02 -176.11  5.413E-08 -128.57      3.84026E-03                 0.0000  -180.00   LINEAR
   80.00    0.00   1.448E-02 -173.82  5.251E-08 -126.71      2.63519E-03                 0.0000  -180.00   LINEAR
   82.00    0.00   1.152E-02 -171.94  5.095E-08 -125.24      1.66875E-03                 0.0000  -180.00   LINEAR
   84.00    0.00   8.605E-03 -170.48  4.949E-08 -124.15      9.30501E-04                 0.0000  -180.00   LINEAR
   86.00    0.00   5.718E-03 -169.43  4.813E-08 -123.45      4.10870E-04                 0.0000  -180.00   LINEAR
   88.00    0.00   2.853E-03 -168.80  4.691E-08 -123.12      1.02307E-04                 0.0000  -180.00   LINEAR
   90.00    0.00   6.328E-08  173.31  4.583E-08 -123.16      7.67190E-14                 0.5574  -153.18   LEFT  
   92.00    0.00   2.853E-03   11.20  4.490E-08 -123.56      1.02300E-04                 0.0000    -0.00   LINEAR
   94.00    0.00   5.718E-03   10.57  4.412E-08 -124.32      4.10860E-04                 0.0000    -0.00   LINEAR
   96.00    0.00   8.605E-03    9.52  4.349E-08 -125.45      9.30500E-04                 0.0000    -0.00   LINEAR
   98.00    0.00   1.152E-02    8.06  4.299E-08 -126.92      1.66878E-03                 0.0000    -0.00   LINEAR
  100.00    0.00   1.448E-02    6.18  4.261E-08 -128.75      2.63526E-03                 0.0000    -0.00   LINEAR
  102.00    0.00   1.748E-02    3.89  4.234E-08 -130.94      3.84041E-03                 0.0000    -0.00   LINEAR
  104.00    0.00   2.053E-02    1.18  4.215E-08 -133.48      5.29412E-03                 0.0000    -0.00   LINEAR
  106.00    0.00   2.361E-02   -1.94  4.201E-08 -136.38      7.00369E-03                 0.0000    -0.00   LINEAR
  108.00    0.00   2.672E-02   -5.46  4.188E-08 -139.64      8.97145E-03                 0.0000    -0.00   LINEAR
  110.00    0.00   2.984E-02   -9.39  4.174E-08 -143.25      1.11917E-02                 0.0000    -0.00   LINEAR
  112.00    0.00   3.295E-02  -13.71  4.153E-08 -147.21      1.36475E-02                 0.0000    -0.00   LINEAR
  114.00    0.00   3.602E-02  -18.43  4.120E-08 -151.52      1.63065E-02                 0.0000    -0.00   LINEAR
  116.00    0.00   3.900E-02  -23.54  4.071E-08 -156.16      1.91177E-02                 0.0000    -0.00   LINEAR
  118.00    0.00   4.185E-02  -29.03  3.999E-08 -161.12      2.20076E-02                 0.0000    -0.00   LINEAR
  120.00    0.00   4.449E-02  -34.91  3.899E-08 -166.36      2.48773E-02                 0.0000    -0.00   LINEAR
  122.00    0.00   4.687E-02  -41.15  3.766E-08 -171.85      2.76019E-02                 0.0000    -0.00   LINEAR
  124.00    0.00   4.889E-02  -47.75  3.594E-08 -177.53      3.00310E-02                 0.0000    -0.00   LINEAR
  126.00    0.00   5.046E-02  -54.71  3.380E-08  176.70      3.19935E-02                 0.0000    -0.00   LINEAR
  128.00    0.00   5.148E-02  -62.01  3.120E-08  170.96      3.33059E-02                 0.0000    -0.00   LINEAR
  130.00    0.00   5.185E-02  -69.64  2.812E-08  165.49      3.37862E-02                 0.0000    -0.00   LINEAR
  132.00    0.00   5.146E-02  -77.59  2.461E-08  160.68      3.32720E-02                 0.0000    -0.00   LINEAR
  134.00    0.00   5.018E-02  -85.85  2.073E-08  157.28      3.16445E-02                 0.0000    -0.00   LINEAR
  136.00    0.00   4.792E-02  -94.39  1.667E-08  156.83      2.88568E-02                 0.0000    -0.00   LINEAR
  138.00    0.00   4.457E-02 -103.19  1.291E-08  162.53      2.49638E-02                 0.0000    -0.00   LINEAR
  140.00    0.00   4.004E-02 -112.19  1.054E-08  178.91      2.01513E-02                 0.0000     0.00   LINEAR
  142.00    0.00   3.427E-02 -121.33  1.116E-08 -158.80      1.47611E-02                 0.0000     0.00   LINEAR
  144.00    0.00   2.721E-02 -130.44  1.467E-08 -145.87      9.30499E-03                 0.0000     0.00   LINEAR
  146.00    0.00   1.885E-02 -138.98  1.964E-08 -143.56      4.46533E-03                 0.0000  -180.00   LINEAR
  148.00    0.00   9.249E-03 -144.08  2.512E-08 -147.23      1.07506E-03                 0.0000  -180.00   LINEAR
  150.00    0.00   2.450E-03  -27.21  3.061E-08 -154.19      7.54297E-05                 0.0000    -0.00   LINEAR
  152.00    0.00   1.396E-02   -2.53  3.584E-08 -163.15      2.44956E-03                 0.0000    -0.00   LINEAR
  154.00    0.00   2.696E-02  -10.29  4.058E-08 -173.49      9.13412E-03                 0.0000    -0.00   LINEAR
  156.00    0.00   4.080E-02  -20.33  4.467E-08  175.10      2.09149E-02                 0.0000    -0.00   LINEAR
  158.00    0.00   5.522E-02  -31.16  4.801E-08  162.79      3.83157E-02                 0.0000    -0.00   LINEAR
  160.00    0.00   6.995E-02  -42.40  5.052E-08  149.63      6.14935E-02                 0.0000    -0.00   LINEAR
  162.00    0.00   8.470E-02  -53.94  5.221E-08  135.66      9.01540E-02                 0.0000    -0.00   LINEAR
  164.00    0.00   9.914E-02  -65.69  5.313E-08  120.85      1.23503E-01                 0.0000    -0.00   LINEAR
  166.00    0.00   1.129E-01  -77.62  5.340E-08  105.19      1.60242E-01                 0.0000    -0.00   LINEAR
  168.00    0.00   1.257E-01  -89.70  5.320E-08   88.66      1.98628E-01                 0.0000    -0.00   LINEAR
  170.00    0.00   1.372E-01 -101.91  5.279E-08   71.27      2.36576E-01                 0.0000    -0.00   LINEAR
  172.00    0.00   1.471E-01 -114.23  5.240E-08   53.14      2.71818E-01                 0.0000    -0.00   LINEAR
  174.00    0.00   1.550E-01 -126.63  5.229E-08   34.48      3.02100E-01                 0.0000    -0.00   LINEAR
  176.00    0.00   1.609E-01 -139.10  5.263E-08   15.60      3.25386E-01                 0.0000   180.00   LINEAR
  178.00    0.00   1.645E-01 -151.62  5.348E-08   -3.12      3.40055E-01                 0.0000   180.00   LINEAR
  180.00    0.00   1.657E-01 -164.18  5.478E-08  -21.30      3.45063E-01                 0.0000   180.00   LINEAR
  182.00    0.00   1.645E-01 -176.77  5.636E-08  -38.67      3.40049E-01                 0.0000   180.00   LINEAR
  184.00    0.00   1.609E-01  170.64  5.799E-08  -55.06      3.25374E-01                 0.0000   180.00   LINEAR
  186.00    0.00   1.550E-01  158.06  5.944E-08  -70.39      3.02083E-01                 0.0000   180.00   LINEAR
  188.00    0.00   1.471E-01  145.50  6.049E-08  -84.65      2.71797E-01                 0.0000   180.00   LINEAR
  190.00    0.00   1.372E-01  132.98  6.097E-08  -97.87      2.36553E-01                 0.0000   180.00   LINEAR
  192.00    0.00   1.257E-01  120.50  6.077E-08 -110.07      1.98606E-01                 0.0000   180.00   LINEAR
  194.00    0.00   1.129E-01  108.08  5.984E-08 -121.26      1.60221E-01                 0.0000   180.00   LINEAR
  196.00    0.00   9.913E-02   95.72  5.820E-08 -131.44      1.23484E-01                 0.0000   180.00   LINEAR
  198.00    0.00   8.469E-02   83.42  5.592E-08 -140.57      9.01386E-02                 0.0000   180.00   LINEAR
  200.00    0.00   6.995E-02   71.18  5.310E-08 -148.58      6.14818E-02                 0.0000   180.00   LINEAR
  202.00    0.00   5.521E-02   58.94  4.989E-08 -155.40      3.83076E-02                 0.0000   180.00   LINEAR
  204.00    0.00   4.079E-02   46.62  4.648E-08 -160.89      2.09099E-02                 0.0000   180.00   LINEAR
  206.00    0.00   2.696E-02   33.88  4.309E-08 -164.92      9.13166E-03                 0.0000    -0.00   LINEAR
  208.00    0.00   1.396E-02   19.23  3.993E-08 -167.37      2.44874E-03                 0.0000    -0.00   LINEAR
  210.00    0.00   2.448E-03  -27.44  3.726E-08 -168.19      7.53322E-05                 0.0000    -0.00   LINEAR
  212.00    0.00   9.248E-03 -165.88  3.531E-08 -167.52      1.07481E-03                 0.0000  -180.00   LINEAR
  214.00    0.00   1.885E-02  178.12  3.426E-08 -165.71      4.46419E-03                 0.0000  -180.00   LINEAR
  216.00    0.00   2.721E-02  166.07  3.420E-08 -163.37      9.30239E-03                 0.0000  -180.00   LINEAR
  218.00    0.00   3.427E-02  155.09  3.509E-08 -161.16      1.47567E-02                 0.0000  -180.00   LINEAR
  220.00    0.00   4.004E-02  144.69  3.677E-08 -159.59      2.01449E-02                 0.0000  -180.00   LINEAR
  222.00    0.00   4.456E-02  134.71  3.906E-08 -158.90      2.49555E-02                 0.0000  -180.00   LINEAR
  224.00    0.00   4.791E-02  125.12  4.174E-08 -159.10      2.88468E-02                 0.0000  -180.00   LINEAR
  226.00    0.00   5.017E-02  115.87  4.462E-08 -160.11      3.16330E-02                 0.0000  -180.00   LINEAR
  228.00    0.00   5.145E-02  106.98  4.757E-08 -161.75      3.32595E-02                 0.0000   180.00   LINEAR
  230.00    0.00   5.184E-02   98.43  5.047E-08 -163.89      3.37731E-02                 0.0000   180.00   LINEAR
  232.00    0.00   5.147E-02   90.24  5.322E-08 -166.36      3.32926E-02                 0.0000   180.00   LINEAR
  234.00    0.00   5.045E-02   82.41  5.577E-08 -169.06      3.19803E-02                 0.0000   180.00   LINEAR
  236.00    0.00   4.888E-02   74.94  5.806E-08 -171.90      3.00183E-02                 0.0000   180.00   LINEAR
  238.00    0.00   4.686E-02   67.85  6.008E-08 -174.78      2.75899E-02                 0.0000   180.00   LINEAR
  240.00    0.00   4.448E-02   61.13  6.180E-08 -177.64      2.48663E-02                 0.0000   180.00   LINEAR
  242.00    0.00   4.184E-02   54.81  6.322E-08  179.57      2.19976E-02                 0.0000   180.00   LINEAR
  244.00    0.00   3.900E-02   48.89  6.435E-08  176.89      1.91089E-02                 0.0000   180.00   LINEAR
  246.00    0.00   3.601E-02   43.37  6.520E-08  174.36      1.62989E-02                 0.0000    -0.00   LINEAR
  248.00    0.00   3.295E-02   38.26  6.579E-08  172.01      1.36410E-02                 0.0000    -0.00   LINEAR
  250.00    0.00   2.984E-02   33.58  6.613E-08  169.86      1.11863E-02                 0.0000    -0.00   LINEAR
  252.00    0.00   2.671E-02   29.31  6.627E-08  167.92      8.96707E-03                 0.0000    -0.00   LINEAR
  254.00    0.00   2.360E-02   25.48  6.621E-08  166.22      7.00024E-03                 0.0000    -0.00   LINEAR
  256.00    0.00   2.052E-02   22.09  6.599E-08  164.77      5.29148E-03                 0.0000    -0.00   LINEAR
  258.00    0.00   1.748E-02   19.14  6.563E-08  163.56      3.83848E-03                 0.0000    -0.00   LINEAR
  260.00    0.00   1.448E-02   16.64  6.515E-08  162.61      2.63393E-03                 0.0000    -0.00   LINEAR
  262.00    0.00   1.152E-02   14.58  6.457E-08  161.91      1.66793E-03                 0.0000    -0.00   LINEAR
  264.00    0.00   8.603E-03   12.98  6.390E-08  161.46      9.30025E-04                 0.0000    -0.00   LINEAR
  266.00    0.00   5.717E-03   11.84  6.317E-08  161.27      4.10649E-04                 0.0000    -0.00   LINEAR
  268.00    0.00   2.852E-03   11.15  6.237E-08  161.32      1.02247E-04                 0.0000    -0.00   LINEAR
  270.00    0.00   7.805E-08  157.20  6.151E-08  161.62      1.24087E-13                 0.0375  -141.78   LEFT  
  272.00    0.00   2.853E-03 -168.85  6.059E-08  162.15      1.02255E-04                 0.0000  -180.00   LINEAR
  274.00    0.00   5.717E-03 -168.16  5.961E-08  162.91      4.10661E-04                 0.0000  -180.00   LINEAR
  276.00    0.00   8.603E-03 -167.02  5.856E-08  163.88      9.30028E-04                 0.0000  -180.00   LINEAR
  278.00    0.00   1.152E-02 -165.42  5.744E-08  165.07      1.66791E-03                 0.0000  -180.00   LINEAR
  280.00    0.00   1.448E-02 -163.36  5.624E-08  166.45      2.63386E-03                 0.0000  -180.00   LINEAR
  282.00    0.00   1.748E-02 -160.86  5.495E-08  168.01      3.83834E-03                 0.0000  -180.00   LINEAR
  284.00    0.00   2.052E-02 -157.91  5.356E-08  169.74      5.29122E-03                 0.0000  -180.00   LINEAR
  286.00    0.00   2.360E-02 -154.51  5.206E-08  171.61      6.99982E-03                 0.0000  -180.00   LINEAR
  288.00    0.00   2.671E-02 -150.69  5.043E-08  173.59      8.96645E-03                 0.0000  -180.00   LINEAR
  290.00    0.00   2.983E-02 -146.42  4.869E-08  175.67      1.11854E-02                 0.0000  -180.00   LINEAR
  292.00    0.00   3.295E-02 -141.74  4.682E-08  177.78      1.36398E-02                 0.0000  -180.00   LINEAR
  294.00    0.00   3.601E-02 -136.63  4.484E-08  179.90      1.62973E-02                 0.0000  -180.00   LINEAR
  296.00    0.00   3.899E-02 -131.11  4.275E-08 -178.04      1.91069E-02                 0.0000     0.00   LINEAR
  298.00    0.00   4.184E-02 -125.19  4.058E-08 -176.11      2.19951E-02                 0.0000     0.00   LINEAR
  300.00    0.00   4.448E-02 -118.87  3.836E-08 -174.38      2.48632E-02                 0.0000     0.00   LINEAR
  302.00    0.00   4.685E-02 -112.15  3.613E-08 -172.95      2.75863E-02                 0.0000     0.00   LINEAR
  304.00    0.00   4.887E-02 -105.06  3.396E-08 -171.90      3.00140E-02                 0.0000     0.00   LINEAR
  306.00    0.00   5.044E-02  -97.59  3.191E-08 -171.33      3.19755E-02                 0.0000     0.00   LINEAR
  308.00    0.00   5.147E-02  -89.76  3.006E-08 -171.28      3.32874E-02                 0.0000     0.00   LINEAR
  310.00    0.00   5.184E-02  -81.57  2.851E-08 -171.75      3.37676E-02                 0.0000    -0.00   LINEAR
  312.00    0.00   5.144E-02  -73.02  2.731E-08 -172.63      3.32538E-02                 0.0000    -0.00   LINEAR
  314.00    0.00   5.017E-02  -64.12  2.653E-08 -173.70      3.16274E-02                 0.0000    -0.00   LINEAR
  316.00    0.00   4.791E-02  -54.88  2.617E-08 -174.69      2.88414E-02                 0.0000    -0.00   LINEAR
  318.00    0.00   4.456E-02  -45.28  2.620E-08 -175.25      2.49506E-02                 0.0000    -0.00   LINEAR
  320.00    0.00   4.003E-02  -35.31  2.655E-08 -175.12      2.01409E-02                 0.0000    -0.00   LINEAR
  322.00    0.00   3.426E-02  -24.91  2.713E-08 -174.13      1.47535E-02                 0.0000    -0.00   LINEAR
  324.00    0.00   2.720E-02  -13.93  2.783E-08 -172.17      9.30034E-03                 0.0000    -0.00   LINEAR
  326.00    0.00   1.885E-02   -1.87  2.858E-08 -169.25      4.46313E-03                 0.0000    -0.00   LINEAR
  328.00    0.00   9.247E-03   14.12  2.930E-08 -165.37      1.07452E-03                 0.0000    -0.00   LINEAR
  330.00    0.00   2.449E-03  152.56  2.994E-08 -160.56      7.53428E-05                 0.0000  -180.00   LINEAR
  332.00    0.00   1.396E-02 -160.77  3.047E-08 -154.81      2.44833E-03                 0.0000  -180.00   LINEAR
  334.00    0.00   2.695E-02 -146.12  3.086E-08 -148.09      9.12985E-03                 0.0000  -180.00   LINEAR
  336.00    0.00   4.079E-02 -133.38  3.111E-08 -140.32      2.09055E-02                 0.0000     0.00   LINEAR
  338.00    0.00   5.521E-02 -121.05  3.124E-08 -131.40      3.82992E-02                 0.0000     0.00   LINEAR
  340.00    0.00   6.994E-02 -108.82  3.127E-08 -121.19      6.14679E-02                 0.0000     0.00   LINEAR
  342.00    0.00   8.468E-02  -96.58  3.128E-08 -109.55      9.01179E-02                 0.0000     0.00   LINEAR
  344.00    0.00   9.912E-02  -84.28  3.136E-08  -96.36      1.23455E-01                 0.0000     0.00   LINEAR
  346.00    0.00   1.129E-01  -71.92  3.168E-08  -81.59      1.60183E-01                 0.0000     0.00   LINEAR
  348.00    0.00   1.257E-01  -59.50  3.243E-08  -65.36      1.98558E-01                 0.0000     0.00   LINEAR
  350.00    0.00   1.372E-01  -47.02  3.383E-08  -48.00      2.36496E-01                 0.0000     0.00   LINEAR
  352.00    0.00   1.470E-01  -34.50  3.606E-08  -30.04      2.71731E-01                 0.0000     0.00   LINEAR
  354.00    0.00   1.550E-01  -21.94  3.921E-08  -12.06      3.02009E-01                 0.0000     0.00   LINEAR
  356.00    0.00   1.609E-01   -9.36  4.324E-08    5.46      3.25294E-01                 0.0000     0.00   LINEAR
  358.00    0.00   1.645E-01    3.23  4.798E-08   22.25      3.39965E-01                 0.0000     0.00   LINEAR
  360.00    0.00   1.657E-01   15.82  5.320E-08   38.24      3.44978E-01                 0.0000     0.00   LINEAR