  0.00    0.00   1.241E-01   11.77  1.919E-07  -64.40      1.93391E-01                 0.0000     0.00   LINEAR
    2.00    0.00   1.231E-01   24.34  1.867E-07  -66.80      1.90573E-01                 0.0000    -0.00   LINEAR
    4.00    0.00   1.205E-01   36.87  1.937E-07  -69.08      1.82320E-01                 0.0000    -0.00   LINEAR
    6.00    0.00   1.160E-01   49.36  2.111E-07  -69.43      1.69223E-01                 0.0000   180.00   LINEAR
    8.00    0.00   1.101E-01   61.78  2.356E-07  -67.17      1.52195E-01                 0.0000   180.00   LINEAR
   10.00    0.00   1.026E-01   74.12  2.633E-07  -62.53      1.32384E-01                 0.0000   180.00   LINEAR
   12.00    0.00   9.401E-02   86.36  2.916E-07  -56.09      1.11063E-01                 0.0000   180.00   LINEAR
   14.00    0.00   8.440E-02   98.49  3.182E-07  -48.35      8.95061E-02                 0.0000   180.00   LINEAR
   16.00    0.00   7.404E-02  110.48  3.416E-07  -39.73      6.88888E-02                 0.0000   180.00   LINEAR
   18.00    0.00   6.320E-02  122.29  3.611E-07  -30.52      5.01922E-02                 0.0000   180.00   LINEAR
   20.00    0.00   5.213E-02  133.91  3.758E-07  -20.95      3.41443E-02                 0.0000   180.00   LINEAR
   22.00    0.00   4.106E-02  145.27  3.855E-07  -11.18      2.11893E-02                 0.0000   180.00   LINEAR
   24.00    0.00   3.024E-02  156.26  3.901E-07   -1.32      1.14894E-02                 0.0000   180.00   LINEAR
   26.00    0.00   1.985E-02  166.58  3.896E-07    8.53      4.95227E-03                 0.0000   180.00   LINEAR
   28.00    0.00   1.009E-02  174.95  3.845E-07   18.27      1.27925E-03                 0.0000   180.00   LINEAR
   30.00    0.00   1.398E-03  147.42  3.749E-07   27.86      2.45640E-05                 0.0002   179.99   LINEAR
   32.00    0.00   7.237E-03   29.68  3.616E-07   37.22      6.58193E-04                 0.0000     0.00   LINEAR
   34.00    0.00   1.445E-02   36.23  3.450E-07   46.29      2.62486E-03                 0.0000     0.00   LINEAR
   36.00    0.00   2.072E-02   45.21  3.257E-07   55.03      5.39380E-03                 0.0000  -180.00   LINEAR
   38.00    0.00   2.600E-02   54.55  3.045E-07   63.38      8.49609E-03                 0.0000  -180.00   LINEAR
   40.00    0.00   3.031E-02   63.85  2.819E-07   71.28      1.15485E-02                 0.0000  -180.00   LINEAR
   42.00    0.00   3.369E-02   72.99  2.585E-07   78.68      1.42642E-02                 0.0000  -180.00   LINEAR
   44.00    0.00   3.618E-02   81.89  2.350E-07   85.52      1.64527E-02                 0.0000  -180.00   LINEAR
   46.00    0.00   3.786E-02   90.52  2.118E-07   91.73      1.80114E-02                 0.0000  -180.00   LINEAR
   48.00    0.00   3.879E-02   98.86  1.895E-07   97.25      1.89116E-02                 0.0000  -180.00   LINEAR
   50.00    0.00   3.907E-02  106.90  1.684E-07  102.02      1.91817E-02                 0.0000  -180.00   LINEAR
   52.00    0.00   3.877E-02  114.61  1.488E-07  105.98      1.88901E-02                 0.0000  -180.00   LINEAR
   54.00    0.00   3.798E-02  121.99  1.310E-07  109.09      1.81297E-02                 0.0000  -180.00   LINEAR
   56.00    0.00   3.679E-02  129.01  1.151E-07  111.32      1.70043E-02                 0.0000  -180.00   LINEAR
   58.00    0.00   3.525E-02  135.69  1.012E-07  112.70      1.56177E-02                 0.0000  -180.00   LINEAR
   60.00    0.00   3.346E-02  141.99  8.909E-08  113.30      1.40670E-02                 0.0000  -180.00   LINEAR
   62.00    0.00   3.146E-02  147.93  7.875E-08  113.25      1.24368E-02                 0.0000  -180.00   LINEAR
   64.00    0.00   2.931E-02  153.48  6.989E-08  112.73      1.07978E-02                 0.0000  -180.00   LINEAR
   66.00    0.00   2.707E-02  158.65  6.221E-08  111.96      9.20535E-03                 0.0000  -180.00   LINEAR
   68.00    0.00   2.475E-02  163.42  5.537E-08  111.13      7.70068E-03                 0.0000  -180.00   LINEAR
   70.00    0.00   2.241E-02  167.80  4.906E-08  110.41      6.31232E-03                 0.0000  -180.00   LINEAR
   72.00    0.00   2.006E-02  171.77  4.299E-08  109.94      5.05808E-03                 0.0000  -180.00   LINEAR
   74.00    0.00   1.772E-02  175.34  3.694E-08  109.83      3.94728E-03                 0.0000  -180.00   LINEAR
   76.00    0.00   1.541E-02  178.50  3.077E-08  110.20      2.98284E-03                 0.0000  -180.00   LINEAR
   78.00    0.00   1.312E-02 -178.76  2.438E-08  111.29      2.16320E-03                 0.0000  -180.00   LINEAR
   80.00    0.00   1.087E-02 -176.44  1.775E-08  113.75      1.48403E-03                 0.0000  -180.00   LINEAR
   82.00    0.00   8.647E-03 -174.53  1.094E-08  120.01      9.39585E-04                 0.0000  -180.00   LINEAR
   84.00    0.00   6.456E-03 -173.05  4.519E-09  147.32      5.23831E-04                 0.0000  -180.00   LINEAR
   86.00    0.00   4.290E-03 -171.99  5.260E-09 -114.15      2.31274E-04                 0.0000  -180.00   LINEAR
   88.00    0.00   2.141E-03 -171.36  1.219E-08  -92.56      5.75825E-05                 0.0000  -180.00   LINEAR
   90.00    0.00   1.368E-08  125.45  1.965E-08  -87.14      7.20384E-15                 0.2712   123.15   LEFT  
   92.00    0.00   2.141E-03    8.65  2.716E-08  -84.99      5.75818E-05                 0.0000    -0.00   LINEAR
   94.00    0.00   4.290E-03    8.01  3.458E-08  -84.04      2.31273E-04                 0.0000    -0.00   LINEAR
   96.00    0.00   6.456E-03    6.95  4.180E-08  -83.70      5.23829E-04                 0.0000    -0.00   LINEAR
   98.00    0.00   8.647E-03    5.47  4.874E-08  -83.70      9.39583E-04                 0.0000     0.00   LINEAR
  100.00    0.00   1.087E-02    3.56  5.532E-08  -83.90      1.48403E-03                 0.0000     0.00   LINEAR
  102.00    0.00   1.312E-02    1.24  6.147E-08  -84.22      2.16320E-03                 0.0000     0.00   LINEAR
  104.00    0.00   1.541E-02   -1.50  6.718E-08  -84.58      2.98284E-03                 0.0000     0.00   LINEAR
  106.00    0.00   1.772E-02   -4.66  7.242E-08  -84.91      3.94728E-03                 0.0000     0.00   LINEAR
  108.00    0.00   2.006E-02   -8.23  7.725E-08  -85.12      5.05808E-03                 0.0000     0.00   LINEAR
  110.00    0.00   2.241E-02  -12.20  8.177E-08  -85.17      6.31232E-03                 0.0000     0.00   LINEAR
  112.00    0.00   2.475E-02  -16.58  8.614E-08  -84.99      7.70068E-03                 0.0000     0.00   LINEAR
  114.00    0.00   2.707E-02  -21.35  9.063E-08  -84.56      9.20536E-03                 0.0000     0.00   LINEAR
  116.00    0.00   2.931E-02  -26.52  9.557E-08  -83.91      1.07978E-02                 0.0000     0.00   LINEAR
  118.00    0.00   3.146E-02  -32.07  1.014E-07  -83.13      1.24369E-02                 0.0000     0.00   LINEAR
  120.00    0.00   3.346E-02  -38.01  1.085E-07  -82.38      1.40670E-02                 0.0000     0.00   LINEAR
  122.00    0.00   3.525E-02  -44.31  1.173E-07  -81.87      1.56178E-02                 0.0000     0.00   LINEAR
  124.00    0.00   3.679E-02  -50.99  1.283E-07  -81.86      1.70043E-02                 0.0000     0.00   LINEAR
  126.00    0.00   3.798E-02  -58.01  1.415E-07  -82.56      1.81297E-02                 0.0000     0.00   LINEAR
  128.00    0.00   3.877E-02  -65.39  1.571E-07  -84.12      1.88901E-02                 0.0000     0.00   LINEAR
  130.00    0.00   3.907E-02  -73.10  1.750E-07  -86.63      1.91817E-02                 0.0000     0.00   LINEAR
  132.00    0.00   3.879E-02  -81.14  1.950E-07  -90.09      1.89117E-02                 0.0000     0.00   LINEAR
  134.00    0.00   3.786E-02  -89.48  2.167E-07  -94.46      1.80115E-02                 0.0000     0.00   LINEAR
  136.00    0.00   3.618E-02  -98.11  2.397E-07  -99.70      1.64527E-02                 0.0000     0.00   LINEAR
  138.00    0.00   3.369E-02 -107.01  2.634E-07 -105.71      1.42642E-02                 0.0000     0.00   LINEAR
  140.00    0.00   3.032E-02 -116.15  2.873E-07 -112.42      1.15485E-02                 0.0000     0.00   LINEAR
  142.00    0.00   2.600E-02 -125.45  3.108E-07 -119.76      8.49612E-03                 0.0000     0.00   LINEAR
  144.00    0.00   2.072E-02 -134.79  3.331E-07 -127.63      5.39381E-03                 0.0000     0.00   LINEAR
  146.00    0.00   1.445E-02 -143.77  3.536E-07 -135.98      2.62487E-03                 0.0000  -180.00   LINEAR
  148.00    0.00   7.237E-03 -150.32  3.715E-07 -144.74      6.58194E-04                 0.0000  -180.00   LINEAR
  150.00    0.00   1.398E-03  -32.58  3.862E-07 -153.84      2.45641E-05                 0.0002    -0.01   LINEAR
  152.00    0.00   1.009E-02   -5.05  3.970E-07 -163.22      1.27926E-03                 0.0000    -0.00   LINEAR
  154.00    0.00   1.985E-02  -13.42  4.033E-07 -172.81      4.95229E-03                 0.0000    -0.00   LINEAR
  156.00    0.00   3.024E-02  -23.74  4.047E-07  177.47      1.14894E-02                 0.0000    -0.00   LINEAR
  158.00    0.00   4.106E-02  -34.73  4.008E-07  167.69      2.11894E-02                 0.0000    -0.00   LINEAR
  160.00    0.00   5.213E-02  -46.09  3.915E-07  157.96      3.41444E-02                 0.0000    -0.00   LINEAR
  162.00    0.00   6.320E-02  -57.71  3.768E-07  148.40      5.01925E-02                 0.0000    -0.00   LINEAR
  164.00    0.00   7.404E-02  -69.52  3.570E-07  139.16      6.88891E-02                 0.0000    -0.00   LINEAR
  166.00    0.00   8.440E-02  -81.51  3.327E-07  130.45      8.95066E-02                 0.0000    -0.00   LINEAR
  168.00    0.00   9.401E-02  -93.64  3.048E-07  122.58      1.11063E-01                 0.0000    -0.00   LINEAR
  170.00    0.00   1.026E-01 -105.88  2.749E-07  115.94      1.32385E-01                 0.0000    -0.00   LINEAR
  172.00    0.00   1.101E-01 -118.22  2.449E-07  111.08      1.52196E-01                 0.0000    -0.00   LINEAR
  174.00    0.00   1.160E-01 -130.64  2.179E-07  108.60      1.69224E-01                 0.0000    -0.00   LINEAR
  176.00    0.00   1.205E-01 -143.13  1.977E-07  108.91      1.82321E-01                 0.0000   180.00   LINEAR
  178.00    0.00   1.231E-01 -155.66  1.883E-07  111.47      1.90574E-01                 0.0000   180.00   LINEAR
  180.00    0.00   1.241E-01 -168.23  1.918E-07  114.46      1.93392E-01                 0.0000  -180.00   LINEAR
  182.00    0.00   1.231E-01  179.19  2.070E-07  115.74      1.90573E-01                 0.0000  -180.00   LINEAR
  184.00    0.00   1.205E-01  166.61  2.302E-07  114.29      1.82320E-01                 0.0000  -180.00   LINEAR
  186.00    0.00   1.160E-01  154.04  2.572E-07  110.25      1.69222E-01                 0.0000  -180.00   LINEAR
  188.00    0.00   1.101E-01  141.50  2.847E-07  104.20      1.52193E-01                 0.0000  -180.00   LINEAR
  190.00    0.00   1.026E-01  129.00  3.103E-07   96.73      1.32383E-01                 0.0000  -180.00   LINEAR
  192.00    0.00   9.401E-02  116.56  3.324E-07   88.30      1.11061E-01                 0.0000  -180.00   LINEAR
  194.00    0.00   8.440E-02  104.18  3.499E-07   79.24      8.95047E-02                 0.0000  -180.00   LINEAR
  196.00    0.00   7.404E-02   91.87  3.621E-07   69.80      6.88879E-02                 0.0000  -180.00   LINEAR
  198.00    0.00   6.320E-02   79.64  3.689E-07   60.16      5.01918E-02                 0.0000  -180.00   LINEAR
  200.00    0.00   5.213E-02   67.48  3.700E-07   50.45      3.41444E-02                 0.0000  -180.00   LINEAR
  202.00    0.00   4.106E-02   55.36  3.658E-07   40.79      2.11898E-02                 0.0000  -180.00   LINEAR
  204.00    0.00   3.024E-02   43.19  3.566E-07   31.28      1.14901E-02                 0.0000     0.00   LINEAR
  206.00    0.00   1.985E-02   30.71  3.430E-07   22.02      4.95305E-03                 0.0000     0.00   LINEAR
  208.00    0.00   1.009E-02   16.66  3.256E-07   13.10      1.27986E-03                 0.0000     0.00   LINEAR
  210.00    0.00   1.404E-03  -32.97  3.052E-07    4.61      2.47867E-05                 0.0001     0.01   LINEAR
  212.00    0.00   7.235E-03 -172.07  2.826E-07   -3.34      6.57860E-04                 0.0000   180.00   LINEAR
  214.00    0.00   1.445E-02  173.35  2.587E-07  -10.65      2.62385E-03                 0.0000   180.00   LINEAR
  216.00    0.00   2.071E-02  161.73  2.343E-07  -17.17      5.39204E-03                 0.0000   180.00   LINEAR
  218.00    0.00   2.600E-02  150.98  2.103E-07  -22.77      8.49358E-03                 0.0000   180.00   LINEAR
  220.00    0.00   3.031E-02  140.73  1.874E-07  -27.27      1.15452E-02                 0.0000   180.00   LINEAR
  222.00    0.00   3.369E-02  130.88  1.663E-07  -30.54      1.42603E-02                 0.0000   180.00   LINEAR
  224.00    0.00   3.618E-02  121.39  1.479E-07  -32.45      1.64483E-02                 0.0000   180.00   LINEAR
  226.00    0.00   3.785E-02  112.24  1.326E-07  -33.01      1.80067E-02                 0.0000   180.00   LINEAR
  228.00    0.00   3.879E-02  103.43  1.207E-07  -32.40      1.89067E-02                 0.0000   180.00   LINEAR
  230.00    0.00   3.906E-02   94.97  1.121E-07  -31.01      1.91766E-02                 0.0000   180.00   LINEAR
  232.00    0.00   3.877E-02   86.85  1.065E-07  -29.36      1.88851E-02                 0.0000   180.00   LINEAR
  234.00    0.00   3.798E-02   79.09  1.031E-07  -27.94      1.81249E-02                 0.0000   180.00   LINEAR
  236.00    0.00   3.678E-02   71.70  1.011E-07  -27.09      1.69997E-02                 0.0000   180.00   LINEAR
  238.00    0.00   3.525E-02   64.67  9.965E-08  -26.92      1.56135E-02                 0.0000   180.00   LINEAR
  240.00    0.00   3.345E-02   58.03  9.817E-08  -27.39      1.40632E-02                 0.0000  -180.00   LINEAR
  242.00    0.00   3.146E-02   51.77  9.616E-08  -28.38      1.24335E-02                 0.0000  -180.00   LINEAR
  244.00    0.00   2.931E-02   45.90  9.332E-08  -29.74      1.07948E-02                 0.0000  -180.00   LINEAR
  246.00    0.00   2.706E-02   40.44  8.949E-08  -31.32      9.20279E-03                 0.0000     0.00   LINEAR
  248.00    0.00   2.475E-02   35.39  8.460E-08  -32.97      7.69853E-03                 0.0000     0.00   LINEAR
  250.00    0.00   2.241E-02   30.75  7.865E-08  -34.56      6.31054E-03                 0.0000     0.00   LINEAR
  252.00    0.00   2.006E-02   26.54  7.170E-08  -35.98      5.05664E-03                 0.0000     0.00   LINEAR
  254.00    0.00   1.772E-02   22.75  6.384E-08  -37.08      3.94615E-03                 0.0000     0.00   LINEAR
  256.00    0.00   1.540E-02   19.40  5.516E-08  -37.69      2.98198E-03                 0.0000     0.00   LINEAR
  258.00    0.00   1.312E-02   16.48  4.579E-08  -37.51      2.16257E-03                 0.0000     0.00   LINEAR
  260.00    0.00   1.087E-02   14.01  3.590E-08  -35.98      1.48360E-03                 0.0000     0.00   LINEAR
  262.00    0.00   8.646E-03   11.98  2.569E-08  -31.62      9.39310E-04                 0.0000     0.00   LINEAR
  264.00    0.00   6.455E-03   10.40  1.570E-08  -19.29      5.23677E-04                 0.0000     0.00   LINEAR
  266.00    0.00   4.289E-03    9.27  8.642E-09   24.53      2.31206E-04                 0.0000     0.00   LINEAR
  268.00    0.00   2.140E-03    8.59  1.272E-08   85.67      5.75653E-05                 0.0000     0.00   LINEAR
  270.00    0.00   1.254E-08   90.53  2.270E-08  105.20      8.45063E-15                 0.1085  -118.49   LEFT  
  272.00    0.00   2.140E-03 -171.41  3.367E-08  112.60      5.75651E-05                 0.0000  -180.00   LINEAR
  274.00    0.00   4.289E-03 -170.73  4.478E-08  116.62      2.31205E-04                 0.0000  -180.00   LINEAR
  276.00    0.00   6.455E-03 -169.60  5.576E-08  119.43      5.23676E-04                 0.0000  -180.00   LINEAR
  278.00    0.00   8.646E-03 -168.02  6.645E-08  121.76      9.39309E-04                 0.0000  -180.00   LINEAR
  280.00    0.00   1.087E-02 -165.99  7.672E-08  123.91      1.48359E-03                 0.0000  -180.00   LINEAR
  282.00    0.00   1.312E-02 -163.52  8.646E-08  126.04      2.16257E-03                 0.0000  -180.00   LINEAR
  284.00    0.00   1.540E-02 -160.60  9.554E-08  128.21      2.98198E-03                 0.0000  -180.00   LINEAR
  286.00    0.00   1.772E-02 -157.25  1.039E-07  130.44      3.94615E-03                 0.0000  -180.00   LINEAR
  288.00    0.00   2.006E-02 -153.46  1.114E-07  132.75      5.05664E-03                 0.0000  -180.00   LINEAR
  290.00    0.00   2.241E-02 -149.25  1.179E-07  135.11      6.31053E-03                 0.0000  -180.00   LINEAR
  292.00    0.00   2.475E-02 -144.61  1.235E-07  137.49      7.69851E-03                 0.0000  -180.00   LINEAR
  294.00    0.00   2.706E-02 -139.56  1.280E-07  139.84      9.20278E-03                 0.0000  -180.00   LINEAR
  296.00    0.00   2.931E-02 -134.10  1.315E-07  142.09      1.07948E-02                 0.0000     0.00   LINEAR
  298.00    0.00   3.146E-02 -128.23  1.341E-07  144.17      1.24334E-02                 0.0000     0.00   LINEAR
  300.00    0.00   3.345E-02 -121.98  1.360E-07  145.98      1.40631E-02                 0.0000    -0.00   LINEAR
  302.00    0.00   3.525E-02 -115.33  1.373E-07  147.45      1.56135E-02                 0.0000    -0.00   LINEAR
  304.00    0.00   3.678E-02 -108.30  1.386E-07  148.50      1.69997E-02                 0.0000    -0.00   LINEAR
  306.00    0.00   3.798E-02 -100.91  1.403E-07  149.11      1.81249E-02                 0.0000    -0.00   LINEAR
  308.00    0.00   3.877E-02  -93.15  1.431E-07  149.32      1.88851E-02                 0.0000    -0.00   LINEAR
  310.00    0.00   3.906E-02  -85.03  1.477E-07  149.31      1.91766E-02                 0.0000    -0.00   LINEAR
  312.00    0.00   3.879E-02  -76.57  1.547E-07  149.34      1.89066E-02                 0.0000    -0.00   LINEAR
  314.00    0.00   3.785E-02  -67.76  1.647E-07  149.77      1.80067E-02                 0.0000    -0.00   LINEAR
  316.00    0.00   3.618E-02  -58.61  1.777E-07  150.90      1.64483E-02                 0.0000    -0.00   LINEAR
  318.00    0.00   3.369E-02  -49.12  1.936E-07  152.97      1.42603E-02                 0.0000    -0.00   LINEAR
  320.00    0.00   3.031E-02  -39.27  2.121E-07  156.10      1.15452E-02                 0.0000    -0.00   LINEAR
  322.00    0.00   2.600E-02  -29.02  2.324E-07  160.29      8.49354E-03                 0.0000    -0.00   LINEAR
  324.00    0.00   2.071E-02  -18.27  2.540E-07  165.47      5.39201E-03                 0.0000    -0.00   LINEAR
  326.00    0.00   1.445E-02   -6.65  2.759E-07  171.56      2.62383E-03                 0.0000    -0.00   LINEAR
  328.00    0.00   7.235E-03    7.93  2.974E-07  178.44      6.57855E-04                 0.0000    -0.00   LINEAR
  330.00    0.00   1.404E-03  147.03  3.176E-07 -174.00      2.47870E-05                 0.0001  -179.99   LINEAR
  332.00    0.00   1.009E-02 -163.34  3.357E-07 -165.87      1.27986E-03                 0.0000  -180.00   LINEAR
  334.00    0.00   1.985E-02 -149.29  3.508E-07 -157.27      4.95304E-03                 0.0000  -180.00   LINEAR
  336.00    0.00   3.024E-02 -136.81  3.624E-07 -148.30      1.14901E-02                 0.0000  -180.00   LINEAR
  338.00    0.00   4.106E-02 -124.64  3.697E-07 -139.04      2.11897E-02                 0.0000     0.00   LINEAR
  340.00    0.00   5.213E-02 -112.52  3.723E-07 -129.59      3.41442E-02                 0.0000     0.00   LINEAR
  342.00    0.00   6.320E-02 -100.36  3.699E-07 -120.06      5.01916E-02                 0.0000     0.00   LINEAR
  344.00    0.00   7.404E-02  -88.13  3.622E-07 -110.55      6.88876E-02                 0.0000     0.00   LINEAR
  346.00    0.00   8.440E-02  -75.82  3.493E-07 -101.21      8.95043E-02                 0.0000     0.00   LINEAR
  348.00    0.00   9.401E-02  -63.44  3.315E-07  -92.22      1.11060E-01                 0.0000     0.00   LINEAR
  350.00    0.00   1.026E-01  -51.00  3.095E-07  -83.80      1.32382E-01                 0.0000     0.00   LINEAR
  352.00    0.00   1.101E-01  -38.50  2.842E-07  -76.28      1.52192E-01                 0.0000     0.00   LINEAR
  354.00    0.00   1.160E-01  -25.96  2.573E-07  -70.07      1.69221E-01                 0.0000     0.00   LINEAR
  356.00    0.00   1.205E-01  -13.39  2.308E-07  -65.71      1.82319E-01                 0.0000     0.00   LINEAR
  358.00    0.00   1.231E-01   -0.81  2.077E-07  -63.76      1.90572E-01                 0.0000     0.00   LINEAR
  360.00    0.00   1.241E-01   11.77  1.919E-07  -64.40      1.93391E-01                 0.0000     0.00   LINEAR