  0.00    0.00   2.798E-01   27.91  1.841E-08  -26.60      9.83463E-01                 0.0000     0.00   LINEAR
    2.00    0.00   2.777E-01   40.47  2.470E-08  -64.57      9.69333E-01                 0.0000    -0.00   LINEAR
    4.00    0.00   2.717E-01   52.96  3.841E-08  -69.58      9.27956E-01                 0.0000   180.00   LINEAR
    6.00    0.00   2.619E-01   65.38  5.109E-08  -62.47      8.62251E-01                 0.0000   180.00   LINEAR
    8.00    0.00   2.486E-01   77.72  6.084E-08  -50.92      7.76755E-01                 0.0000   180.00   LINEAR
   10.00    0.00   2.321E-01   89.94  6.719E-08  -36.92      6.77170E-01                 0.0000   180.00   LINEAR
   12.00    0.00   2.129E-01  102.03  7.026E-08  -21.00      5.69814E-01                 0.0000   180.00   LINEAR
   14.00    0.00   1.915E-01  113.97  7.061E-08   -3.17      4.61046E-01                 0.0000   180.00   LINEAR
   16.00    0.00   1.685E-01  125.74  6.924E-08   16.80      3.56730E-01                 0.0000   180.00   LINEAR
   18.00    0.00   1.443E-01  137.28  6.754E-08   39.01      2.61789E-01                 0.0000   180.00   LINEAR
   20.00    0.00   1.196E-01  148.56  6.706E-08   63.11      1.79900E-01                 0.0000  -180.00   LINEAR
   22.00    0.00   9.497E-02  159.48  6.904E-08   87.91      1.13343E-01                 0.0000  -180.00   LINEAR
   24.00    0.00   7.081E-02  169.86  7.381E-08  111.82      6.30011E-02                 0.0000  -180.00   LINEAR
   26.00    0.00   4.762E-02  179.22  8.075E-08  133.66      2.84926E-02                 0.0000  -180.00   LINEAR
   28.00    0.00   2.586E-02 -174.33  8.870E-08  153.10      8.40320E-03                 0.0000  -180.00   LINEAR
   30.00    0.00   6.768E-03  166.31  9.645E-08  170.34      5.75623E-04                 0.0000  -180.00   LINEAR
   32.00    0.00   1.387E-02   54.39  1.030E-07 -174.25      2.41697E-03                 0.0000   180.00   LINEAR
   34.00    0.00   2.984E-02   54.71  1.076E-07 -160.33      1.11896E-02                 0.0000   180.00   LINEAR
   36.00    0.00   4.394E-02   61.90  1.099E-07 -147.66      2.42580E-02                 0.0000   180.00   LINEAR
   38.00    0.00   5.591E-02   70.28  1.095E-07 -136.07      3.92759E-02                 0.0000   180.00   LINEAR
   40.00    0.00   6.574E-02   78.91  1.064E-07 -125.48      5.43079E-02                 0.0000   180.00   LINEAR
   42.00    0.00   7.350E-02   87.52  1.008E-07 -115.86      6.78866E-02                 0.0000   180.00   LINEAR
   44.00    0.00   7.930E-02   95.96  9.290E-08 -107.27      7.90173E-02                 0.0000   180.00   LINEAR
   46.00    0.00   8.327E-02  104.18  8.310E-08  -99.88      8.71393E-02                 0.0000   180.00   LINEAR
   48.00    0.00   8.559E-02  112.14  7.186E-08  -94.01      9.20614E-02                 0.0000   180.00   LINEAR
   50.00    0.00   8.643E-02  119.82  5.975E-08  -90.29      9.38811E-02                 0.0000   180.00   LINEAR
   52.00    0.00   8.598E-02  127.18  4.757E-08  -89.99      9.29027E-02                 0.0000   180.00   LINEAR
   54.00    0.00   8.442E-02  134.22  3.654E-08  -95.64      8.95593E-02                 0.0000   180.00   LINEAR
   56.00    0.00   8.193E-02  140.93  2.893E-08 -110.90      8.43466E-02                 0.0000   180.00   LINEAR
   58.00    0.00   7.867E-02  147.29  2.785E-08 -133.77      7.77697E-02                 0.0000  -180.00   LINEAR
   60.00    0.00   7.480E-02  153.30  3.351E-08 -151.79      7.03049E-02                 0.0000  -180.00   LINEAR
   62.00    0.00   7.045E-02  158.95  4.269E-08 -160.64      6.23747E-02                 0.0000  -180.00   LINEAR
   64.00    0.00   6.576E-02  164.23  5.294E-08 -163.78      5.43345E-02                 0.0000  -180.00   LINEAR
   66.00    0.00   6.081E-02  169.14  6.311E-08 -164.03      4.64678E-02                 0.0000  -180.00   LINEAR
   68.00    0.00   5.570E-02  173.67  7.269E-08 -162.86      3.89891E-02                 0.0000  -180.00   LINEAR
   70.00    0.00   5.050E-02  177.82  8.144E-08 -161.01      3.20505E-02                 0.0000  -180.00   LINEAR
   72.00    0.00   4.527E-02 -178.42  8.924E-08 -158.89      2.57507E-02                 0.0000  -180.00   LINEAR
   74.00    0.00   4.004E-02 -175.05  9.605E-08 -156.72      2.01455E-02                 0.0000  -180.00   LINEAR
   76.00    0.00   3.485E-02 -172.07  1.019E-07 -154.64      1.52582E-02                 0.0000  -180.00   LINEAR
   78.00    0.00   2.971E-02 -169.48  1.067E-07 -152.74      1.10884E-02                 0.0000  -180.00   LINEAR
   80.00    0.00   2.463E-02 -167.29  1.107E-07 -151.07      7.62109E-03                 0.0000  -180.00   LINEAR
   82.00    0.00   1.961E-02 -165.49  1.137E-07 -149.66      4.83284E-03                 0.0000  -180.00   LINEAR
   84.00    0.00   1.465E-02 -164.10  1.160E-07 -148.56      2.69787E-03                 0.0000  -180.00   LINEAR
   86.00    0.00   9.740E-03 -163.10  1.174E-07 -147.75      1.19219E-03                 0.0000  -180.00   LINEAR
   88.00    0.00   4.860E-03 -162.49  1.180E-07 -147.27      2.96835E-04                 0.0000  -180.00   LINEAR
   90.00    0.00   5.022E-06   -4.63  1.179E-07 -147.10      3.17058E-10                 0.0143    -1.07   RIGHT 
   92.00    0.00   4.872E-03   17.45  1.170E-07 -147.25      2.98326E-04                 0.0000    -0.00   LINEAR
   94.00    0.00   9.761E-03   16.86  1.154E-07 -147.71      1.19732E-03                 0.0000    -0.00   LINEAR
   96.00    0.00   1.469E-02   15.86  1.129E-07 -148.46      2.71095E-03                 0.0000    -0.00   LINEAR
   98.00    0.00   1.967E-02   14.45  1.097E-07 -149.50      4.86046E-03                 0.0000    -0.00   LINEAR
  100.00    0.00   2.471E-02   12.65  1.056E-07 -150.78      7.67218E-03                 0.0000    -0.00   LINEAR
  102.00    0.00   2.982E-02   10.45  1.006E-07 -152.26      1.11743E-02                 0.0000    -0.00   LINEAR
  104.00    0.00   3.500E-02    7.85  9.467E-08 -153.90      1.53927E-02                 0.0000    -0.00   LINEAR
  106.00    0.00   4.024E-02    4.86  8.781E-08 -155.57      2.03450E-02                 0.0000    -0.00   LINEAR
  108.00    0.00   4.552E-02    1.47  8.000E-08 -157.14      2.60336E-02                 0.0000    -0.00   LINEAR
  110.00    0.00   5.081E-02   -2.30  7.130E-08 -158.35      3.24373E-02                 0.0000    -0.00   LINEAR
  112.00    0.00   5.607E-02   -6.47  6.181E-08 -158.74      3.95015E-02                 0.0000    -0.00   LINEAR
  114.00    0.00   6.124E-02  -11.01  5.182E-08 -157.50      4.71277E-02                 0.0000    -0.00   LINEAR
  116.00    0.00   6.625E-02  -15.93  4.190E-08 -153.01      5.51629E-02                 0.0000    -0.00   LINEAR
  118.00    0.00   7.102E-02  -21.23  3.337E-08 -142.37      6.33898E-02                 0.0000    -0.00   LINEAR
  120.00    0.00   7.544E-02  -26.89  2.890E-08 -123.02      7.15199E-02                 0.0000    -0.00   LINEAR
  122.00    0.00   7.938E-02  -32.92  3.132E-08 -101.14      7.91904E-02                 0.0000     0.00   LINEAR
  124.00    0.00   8.271E-02  -39.29  3.982E-08  -87.42      8.59689E-02                 0.0000     0.00   LINEAR
  126.00    0.00   8.527E-02  -46.02  5.148E-08  -82.34      9.13661E-02                 0.0000     0.00   LINEAR
  128.00    0.00   8.688E-02  -53.08  6.425E-08  -82.58      9.48620E-02                 0.0000     0.00   LINEAR
  130.00    0.00   8.738E-02  -60.46  7.696E-08  -85.97      9.59446E-02                 0.0000     0.00   LINEAR
  132.00    0.00   8.656E-02  -68.15  8.884E-08  -91.37      9.41647E-02                 0.0000     0.00   LINEAR
  134.00    0.00   8.425E-02  -76.13  9.924E-08  -98.21      8.92037E-02                 0.0000     0.00   LINEAR
  136.00    0.00   8.026E-02  -84.37  1.076E-07 -106.21      8.09542E-02                 0.0000     0.00   LINEAR
  138.00    0.00   7.442E-02  -92.84  1.136E-07 -115.21      6.96055E-02                 0.0000     0.00   LINEAR
  140.00    0.00   6.659E-02 -101.46  1.166E-07 -125.17      5.57264E-02                 0.0000     0.00   LINEAR
  142.00    0.00   5.665E-02 -110.13  1.166E-07 -136.14      4.03336E-02                 0.0000     0.00   LINEAR
  144.00    0.00   4.454E-02 -118.55  1.134E-07 -148.24      2.49317E-02                 0.0000     0.00   LINEAR
  146.00    0.00   3.027E-02 -125.81  1.071E-07 -161.74      1.15106E-02                 0.0000     0.00   LINEAR
  148.00    0.00   1.407E-02 -126.37  9.826E-08 -177.09      2.48635E-03                 0.0000     0.00   LINEAR
  150.00    0.00   6.777E-03  -13.68  8.773E-08  164.98      5.77199E-04                 0.0000    -0.00   LINEAR
  152.00    0.00   2.618E-02    5.46  7.710E-08  143.40      8.61083E-03                 0.0000    -0.00   LINEAR
  154.00    0.00   4.826E-02   -1.08  6.885E-08  117.17      2.92695E-02                 0.0000    -0.00   LINEAR
  156.00    0.00   7.180E-02  -10.48  6.600E-08   86.95      6.47895E-02                 0.0000    -0.00   LINEAR
  158.00    0.00   9.634E-02  -20.89  7.024E-08   56.49      1.16642E-01                 0.0000     0.00   LINEAR
  160.00    0.00   1.214E-01  -31.83  8.026E-08   29.55      1.85235E-01                 0.0000     0.00   LINEAR
  162.00    0.00   1.465E-01  -43.12  9.308E-08    6.88      2.69667E-01                 0.0000     0.00   LINEAR
  164.00    0.00   1.710E-01  -54.68  1.059E-07  -12.50      3.67596E-01                 0.0000     0.00   LINEAR
  166.00    0.00   1.945E-01  -66.46  1.167E-07  -29.69      4.75231E-01                 0.0000     0.00   LINEAR
  168.00    0.00   2.162E-01  -78.41  1.241E-07  -45.40      5.87492E-01                 0.0000     0.00   LINEAR
  170.00    0.00   2.357E-01  -90.51  1.269E-07  -60.11      6.98323E-01                 0.0000     0.00   LINEAR
  172.00    0.00   2.525E-01 -102.74  1.246E-07  -74.04      8.01151E-01                 0.0000     0.00   LINEAR
  174.00    0.00   2.660E-01 -115.08  1.170E-07  -87.31      8.89445E-01                 0.0000     0.00   LINEAR
  176.00    0.00   2.760E-01 -127.50  1.040E-07  -99.88      9.57309E-01                 0.0000     0.00   LINEAR
  178.00    0.00   2.821E-01 -140.00  8.622E-08 -111.45      1.00005E+00                 0.0000  -180.00   LINEAR
  180.00    0.00   2.842E-01 -152.55  6.432E-08 -121.15      1.01465E+00                 0.0000  -180.00   LINEAR
  182.00    0.00   2.821E-01 -165.15  3.970E-08 -125.53      1.00006E+00                 0.0000  -180.00   LINEAR
  184.00    0.00   2.760E-01 -177.76  1.722E-08 -100.79      9.57320E-01                 0.0000  -180.00   LINEAR
  186.00    0.00   2.660E-01  169.61  2.533E-08  -29.03      8.89461E-01                 0.0000   180.00   LINEAR
  188.00    0.00   2.525E-01  156.98  5.181E-08  -22.42      8.01170E-01                 0.0000   180.00   LINEAR
  190.00    0.00   2.357E-01  144.37  7.883E-08  -29.12      6.98343E-01                 0.0000   180.00   LINEAR
  192.00    0.00   2.162E-01  131.79  1.038E-07  -38.85      5.87513E-01                 0.0000   180.00   LINEAR
  194.00    0.00   1.945E-01  119.24  1.255E-07  -49.62      4.75251E-01                 0.0000   180.00   LINEAR
  196.00    0.00   1.710E-01  106.72  1.430E-07  -60.82      3.67614E-01                 0.0000   180.00   LINEAR
  198.00    0.00   1.465E-01   94.23  1.558E-07  -72.18      2.69682E-01                 0.0000   180.00   LINEAR
  200.00    0.00   1.214E-01   81.74  1.635E-07  -83.54      1.85246E-01                 0.0000   180.00   LINEAR
  202.00    0.00   9.635E-02   69.21  1.661E-07  -94.84      1.16651E-01                 0.0000   180.00   LINEAR
  204.00    0.00   7.181E-02   56.46  1.637E-07 -106.00      6.47949E-02                 0.0000   180.00   LINEAR
  206.00    0.00   4.826E-02   43.07  1.568E-07 -116.98      2.92725E-02                 0.0000    -0.00   LINEAR
  208.00    0.00   2.618E-02   27.20  1.458E-07 -127.70      8.61213E-03                 0.0000    -0.00   LINEAR
  210.00    0.00   6.779E-03  -13.93  1.313E-07 -138.12      5.77489E-04                 0.0000    -0.00   LINEAR
  212.00    0.00   1.407E-02 -148.17  1.143E-07 -148.12      2.48637E-03                 0.0000  -180.00   LINEAR
  214.00    0.00   3.027E-02 -168.71  9.539E-08 -157.54      1.15110E-02                 0.0000  -180.00   LINEAR
  216.00    0.00   4.454E-02  177.95  7.543E-08 -166.05      2.49330E-02                 0.0000  -180.00   LINEAR
  218.00    0.00   5.666E-02  166.29  5.522E-08 -172.93      4.03362E-02                 0.0000  -180.00   LINEAR
  220.00    0.00   6.659E-02  155.41  3.563E-08 -175.97      5.57304E-02                 0.0000  -180.00   LINEAR
  222.00    0.00   7.443E-02  145.06  1.835E-08 -165.29      6.96110E-02                 0.0000  -180.00   LINEAR
  224.00    0.00   8.027E-02  135.13  1.239E-08 -104.96      8.09611E-02                 0.0000   180.00   LINEAR
  226.00    0.00   8.426E-02  125.59  2.383E-08  -72.93      8.92118E-02                 0.0000   180.00   LINEAR
  228.00    0.00   8.657E-02  116.42  3.747E-08  -70.71      9.41737E-02                 0.0000   180.00   LINEAR
  230.00    0.00   8.738E-02  107.61  4.987E-08  -74.78      9.59543E-02                 0.0000   180.00   LINEAR
  232.00    0.00   8.689E-02   99.16  6.050E-08  -80.77      9.48719E-02                 0.0000   180.00   LINEAR
  234.00    0.00   8.527E-02   91.09  6.928E-08  -87.47      9.13760E-02                 0.0000   180.00   LINEAR
  236.00    0.00   8.272E-02   83.39  7.625E-08  -94.39      8.59786E-02                 0.0000   180.00   LINEAR
  238.00    0.00   7.939E-02   76.07  8.155E-08 -101.31      7.91997E-02                 0.0000   180.00   LINEAR
  240.00    0.00   7.545E-02   69.14  8.535E-08 -108.12      7.15285E-02                 0.0000   180.00   LINEAR
  242.00    0.00   7.103E-02   62.61  8.785E-08 -114.74      6.33977E-02                 0.0000   180.00   LINEAR
  244.00    0.00   6.626E-02   56.49  8.924E-08 -121.12      5.51699E-02                 0.0000   180.00   LINEAR
  246.00    0.00   6.124E-02   50.78  8.974E-08 -127.22      4.71339E-02                 0.0000   180.00   LINEAR
  248.00    0.00   5.607E-02   45.50  8.955E-08 -133.00      3.95068E-02                 0.0000   180.00   LINEAR
  250.00    0.00   5.081E-02   40.65  8.886E-08 -138.42      3.24418E-02                 0.0000    -0.00   LINEAR
  252.00    0.00   4.552E-02   36.24  8.782E-08 -143.46      2.60373E-02                 0.0000    -0.00   LINEAR
  254.00    0.00   4.024E-02   32.27  8.658E-08 -148.08      2.03480E-02                 0.0000    -0.00   LINEAR
  256.00    0.00   3.500E-02   28.75  8.529E-08 -152.25      1.53950E-02                 0.0000    -0.00   LINEAR
  258.00    0.00   2.982E-02   25.69  8.403E-08 -155.92      1.11761E-02                 0.0000    -0.00   LINEAR
  260.00    0.00   2.471E-02   23.10  8.290E-08 -159.07      7.67343E-03                 0.0000    -0.00   LINEAR
  262.00    0.00   1.967E-02   20.97  8.197E-08 -161.67      4.86130E-03                 0.0000    -0.00   LINEAR
  264.00    0.00   1.469E-02   19.31  8.130E-08 -163.67      2.71146E-03                 0.0000    -0.00   LINEAR
  266.00    0.00   9.762E-03   18.12  8.094E-08 -165.06      1.19758E-03                 0.0000    -0.00   LINEAR
  268.00    0.00   4.873E-03   17.40  8.091E-08 -165.81      2.98417E-04                 0.0000    -0.00   LINEAR
  270.00    0.00   5.379E-06   -2.49  8.125E-08 -165.92      3.63733E-10                 0.0043    -0.83   LINEAR
  272.00    0.00   4.860E-03 -162.55  8.197E-08 -165.38      2.96823E-04                 0.0000  -180.00   LINEAR
  274.00    0.00   9.740E-03 -161.84  8.308E-08 -164.19      1.19225E-03                 0.0000  -180.00   LINEAR
  276.00    0.00   1.465E-02 -160.65  8.459E-08 -162.38      2.69807E-03                 0.0000  -180.00   LINEAR
  278.00    0.00   1.961E-02 -158.98  8.650E-08 -159.95      4.83327E-03                 0.0000  -180.00   LINEAR
  280.00    0.00   2.463E-02 -156.84  8.878E-08 -156.95      7.62183E-03                 0.0000  -180.00   LINEAR
  282.00    0.00   2.971E-02 -154.23  9.142E-08 -153.40      1.10896E-02                 0.0000  -180.00   LINEAR
  284.00    0.00   3.485E-02 -151.16  9.437E-08 -149.33      1.52598E-02                 0.0000  -180.00   LINEAR
  286.00    0.00   4.004E-02 -147.64  9.756E-08 -144.78      2.01477E-02                 0.0000  -180.00   LINEAR
  288.00    0.00   4.527E-02 -143.66  1.009E-07 -139.78      2.57535E-02                 0.0000  -180.00   LINEAR
  290.00    0.00   5.051E-02 -139.23  1.043E-07 -134.37      3.20541E-02                 0.0000  -180.00   LINEAR
  292.00    0.00   5.570E-02 -134.37  1.077E-07 -128.56      3.89935E-02                 0.0000     0.00   LINEAR
  294.00    0.00   6.081E-02 -129.07  1.108E-07 -122.38      4.64730E-02                 0.0000     0.00   LINEAR
  296.00    0.00   6.576E-02 -123.35  1.135E-07 -115.86      5.43406E-02                 0.0000     0.00   LINEAR
  298.00    0.00   7.046E-02 -117.21  1.155E-07 -109.02      6.23817E-02                 0.0000     0.00   LINEAR
  300.00    0.00   7.480E-02 -110.67  1.167E-07 -101.86      7.03127E-02                 0.0000     0.00   LINEAR
  302.00    0.00   7.867E-02 -103.73  1.169E-07  -94.41      7.77782E-02                 0.0000     0.00   LINEAR
  304.00    0.00   8.193E-02  -96.39  1.156E-07  -86.67      8.43558E-02                 0.0000     0.00   LINEAR
  306.00    0.00   8.443E-02  -88.67  1.128E-07  -78.67      8.95690E-02                 0.0000     0.00   LINEAR
  308.00    0.00   8.599E-02  -80.58  1.082E-07  -70.43      9.29126E-02                 0.0000     0.00   LINEAR
  310.00    0.00   8.644E-02  -72.12  1.015E-07  -61.96      9.38910E-02                 0.0000     0.00   LINEAR
  312.00    0.00   8.560E-02  -63.29  9.270E-08  -53.30      9.20710E-02                 0.0000     0.00   LINEAR
  314.00    0.00   8.328E-02  -54.10  8.161E-08  -44.53      8.71483E-02                 0.0000     0.00   LINEAR
  316.00    0.00   7.930E-02  -44.54  6.824E-08  -35.74      7.90253E-02                 0.0000     0.00   LINEAR
  318.00    0.00   7.350E-02  -34.59  5.270E-08  -27.23      6.78935E-02                 0.0000     0.00   LINEAR
  320.00    0.00   6.574E-02  -24.21  3.519E-08  -19.87      5.43135E-02                 0.0000     0.00   LINEAR
  322.00    0.00   5.591E-02  -13.31  1.625E-08  -18.91      3.92801E-02                 0.0000     0.00   LINEAR
  324.00    0.00   4.394E-02   -1.60  6.942E-09 -128.50      2.42607E-02                 0.0000    -0.00   LINEAR
  326.00    0.00   2.984E-02   11.81  2.688E-08 -150.79      1.11911E-02                 0.0000    -0.00   LINEAR
  328.00    0.00   1.387E-02   32.58  4.822E-08 -144.48      2.41751E-03                 0.0000    -0.00   LINEAR
  330.00    0.00   6.768E-03  166.05  6.910E-08 -135.18      5.75672E-04                 0.0000  -180.00   LINEAR
  332.00    0.00   2.586E-02 -152.59  8.870E-08 -124.86      8.40329E-03                 0.0000  -180.00   LINEAR
  334.00    0.00   4.762E-02 -136.63  1.062E-07 -114.02      2.84933E-02                 0.0000  -180.00   LINEAR
  336.00    0.00   7.081E-02 -123.20  1.209E-07 -102.84      6.30030E-02                 0.0000     0.00   LINEAR
  338.00    0.00   9.497E-02 -110.42  1.321E-07  -91.42      1.13347E-01                 0.0000     0.00   LINEAR
  340.00    0.00   1.197E-01  -97.86  1.393E-07  -79.82      1.79906E-01                 0.0000     0.00   LINEAR
  342.00    0.00   1.443E-01  -85.36  1.420E-07  -68.09      2.61797E-01                 0.0000     0.00   LINEAR
  344.00    0.00   1.685E-01  -72.86  1.401E-07  -56.30      3.56740E-01                 0.0000     0.00   LINEAR
  346.00    0.00   1.915E-01  -60.33  1.336E-07  -44.50      4.61058E-01                 0.0000     0.00   LINEAR
  348.00    0.00   2.129E-01  -47.77  1.228E-07  -32.81      5.69826E-01                 0.0000     0.00   LINEAR
  350.00    0.00   2.321E-01  -35.18  1.081E-07  -21.37      6.77182E-01                 0.0000     0.00   LINEAR
  352.00    0.00   2.486E-01  -22.56  9.041E-08  -10.49      7.76767E-01                 0.0000     0.00   LINEAR
  354.00    0.00   2.619E-01   -9.93  7.055E-08   -0.83      8.62260E-01                 0.0000     0.00   LINEAR
  356.00    0.00   2.717E-01    2.70  4.983E-08    5.88      9.27963E-01                 0.0000     0.00   LINEAR
  358.00    0.00   2.777E-01   15.32  3.035E-08    3.85      9.69337E-01                 0.0000     0.00   LINEAR
  360.00    0.00   2.798E-01   27.91  1.841E-08  -26.60      9.83463E-01                 0.0000     0.00   LINEAR