  0.00    0.00   1.583E-01   14.94  0.000E+00    0.00      3.14735E-01                 0.0000     0.00   LINEAR
    2.00    0.00   1.571E-01   27.50  0.000E+00    0.00      3.10063E-01                 0.0000     0.00   LINEAR
    4.00    0.00   1.536E-01   40.03  0.000E+00    0.00      2.96388E-01                 0.0000     0.00   LINEAR
    6.00    0.00   1.479E-01   52.51  0.000E+00    0.00      2.74706E-01                 0.0000   180.00   LINEAR
    8.00    0.00   1.401E-01   64.92  0.000E+00    0.00      2.46560E-01                 0.0000   180.00   LINEAR
   10.00    0.00   1.305E-01   77.25  0.000E+00    0.00      2.13883E-01                 0.0000   180.00   LINEAR
   12.00    0.00   1.193E-01   89.48  0.000E+00    0.00      1.78807E-01                 0.0000   180.00   LINEAR
   14.00    0.00   1.068E-01  101.58  0.000E+00    0.00      1.43461E-01                 0.0000   180.00   LINEAR
   16.00    0.00   9.347E-02  113.53  0.000E+00    0.00      1.09794E-01                 0.0000   180.00   LINEAR
   18.00    0.00   7.950E-02  125.31  0.000E+00    0.00      7.94155E-02                 0.0000   180.00   LINEAR
   20.00    0.00   6.525E-02  136.86  0.000E+00    0.00      5.35036E-02                 0.0000   180.00   LINEAR
   22.00    0.00   5.105E-02  148.12  0.000E+00    0.00      3.27538E-02                 0.0000   180.00   LINEAR
   24.00    0.00   3.720E-02  158.94  0.000E+00    0.00      1.73886E-02                 0.0000   180.00   LINEAR
   26.00    0.00   2.395E-02  168.91  0.000E+00    0.00      7.20876E-03                 0.0000   180.00   LINEAR
   28.00    0.00   1.156E-02  176.03  0.000E+00    0.00      1.67870E-03                 0.0000   180.00   LINEAR
   30.00    0.00   1.529E-03  104.78  0.000E+00    0.00      2.93861E-05                 0.0000   180.00   LINEAR
   32.00    0.00   1.042E-02   33.55  0.000E+00    0.00      1.36515E-03                 0.0000     0.00   LINEAR
   34.00    0.00   1.947E-02   40.00  0.000E+00    0.00      4.76233E-03                 0.0000     0.00   LINEAR
   36.00    0.00   2.728E-02   48.83  0.000E+00    0.00      9.35080E-03                 0.0000   180.00   LINEAR
   38.00    0.00   3.382E-02   58.07  0.000E+00    0.00      1.43735E-02                 0.0000   180.00   LINEAR
   40.00    0.00   3.911E-02   67.30  0.000E+00    0.00      1.92227E-02                 0.0000   180.00   LINEAR
   42.00    0.00   4.320E-02   76.37  0.000E+00    0.00      2.34541E-02                 0.0000   180.00   LINEAR
   44.00    0.00   4.617E-02   85.22  0.000E+00    0.00      2.67834E-02                 0.0000   180.00   LINEAR
   46.00    0.00   4.810E-02   93.81  0.000E+00    0.00      2.90692E-02                 0.0000   180.00   LINEAR
   48.00    0.00   4.909E-02  102.11  0.000E+00    0.00      3.02878E-02                 0.0000   180.00   LINEAR
   50.00    0.00   4.927E-02  110.11  0.000E+00    0.00      3.05041E-02                 0.0000   180.00   LINEAR
   52.00    0.00   4.873E-02  117.78  0.000E+00    0.00      2.98436E-02                 0.0000   180.00   LINEAR
   54.00    0.00   4.759E-02  125.12  0.000E+00    0.00      2.84656E-02                 0.0000   180.00   LINEAR
   56.00    0.00   4.596E-02  132.11  0.000E+00    0.00      2.65424E-02                 0.0000   180.00   LINEAR
   58.00    0.00   4.392E-02  138.75  0.000E+00    0.00      2.42427E-02                 0.0000   180.00   LINEAR
   60.00    0.00   4.157E-02  145.03  0.000E+00    0.00      2.17200E-02                 0.0000   180.00   LINEAR
   62.00    0.00   3.899E-02  150.93  0.000E+00    0.00      1.91065E-02                 0.0000   180.00   LINEAR
   64.00    0.00   3.625E-02  156.45  0.000E+00    0.00      1.65094E-02                 0.0000   180.00   LINEAR
   66.00    0.00   3.339E-02  161.58  0.000E+00    0.00      1.40112E-02                 0.0000   180.00   LINEAR
   68.00    0.00   3.048E-02  166.33  0.000E+00    0.00      1.16716E-02                 0.0000   180.00   LINEAR
   70.00    0.00   2.754E-02  170.67  0.000E+00    0.00      9.52969E-03                 0.0000   180.00   LINEAR
   72.00    0.00   2.461E-02  174.62  0.000E+00    0.00      7.60851E-03                 0.0000   180.00   LINEAR
   74.00    0.00   2.170E-02  178.16  0.000E+00    0.00      5.91803E-03                 0.0000   180.00   LINEAR
   76.00    0.00   1.884E-02 -178.71  0.000E+00    0.00      4.45883E-03                 0.0000   180.00   LINEAR
   78.00    0.00   1.602E-02 -175.99  0.000E+00    0.00      3.22519E-03                 0.0000   180.00   LINEAR
   80.00    0.00   1.325E-02 -173.69  0.000E+00    0.00      2.20765E-03                 0.0000   180.00   LINEAR
   82.00    0.00   1.054E-02 -171.80  0.000E+00    0.00      1.39515E-03                 0.0000   180.00   LINEAR
   84.00    0.00   7.862E-03 -170.33  0.000E+00    0.00      7.76683E-04                 0.0000   180.00   LINEAR
   86.00    0.00   5.221E-03 -169.28  0.000E+00    0.00      3.42551E-04                 0.0000   180.00   LINEAR
   88.00    0.00   2.604E-03 -168.65  0.000E+00    0.00      8.52342E-05                 0.0000   180.00   LINEAR
   90.00    0.00   4.565E-18 -168.44  0.000E+00    0.00      2.61860E-34                 0.0000   180.00   LINEAR
   92.00    0.00   2.604E-03   11.35  0.000E+00    0.00      8.52342E-05                 0.0000     0.00   LINEAR
   94.00    0.00   5.221E-03   10.72  0.000E+00    0.00      3.42551E-04                 0.0000     0.00   LINEAR
   96.00    0.00   7.862E-03    9.67  0.000E+00    0.00      7.76683E-04                 0.0000     0.00   LINEAR
   98.00    0.00   1.054E-02    8.20  0.000E+00    0.00      1.39515E-03                 0.0000     0.00   LINEAR
  100.00    0.00   1.325E-02    6.31  0.000E+00    0.00      2.20765E-03                 0.0000     0.00   LINEAR
  102.00    0.00   1.602E-02    4.01  0.000E+00    0.00      3.22519E-03                 0.0000     0.00   LINEAR
  104.00    0.00   1.884E-02    1.29  0.000E+00    0.00      4.45883E-03                 0.0000     0.00   LINEAR
  106.00    0.00   2.170E-02   -1.84  0.000E+00    0.00      5.91803E-03                 0.0000     0.00   LINEAR
  108.00    0.00   2.461E-02   -5.38  0.000E+00    0.00      7.60851E-03                 0.0000     0.00   LINEAR
  110.00    0.00   2.754E-02   -9.33  0.000E+00    0.00      9.52969E-03                 0.0000     0.00   LINEAR
  112.00    0.00   3.048E-02  -13.67  0.000E+00    0.00      1.16716E-02                 0.0000     0.00   LINEAR
  114.00    0.00   3.339E-02  -18.42  0.000E+00    0.00      1.40112E-02                 0.0000     0.00   LINEAR
  116.00    0.00   3.625E-02  -23.55  0.000E+00    0.00      1.65094E-02                 0.0000     0.00   LINEAR
  118.00    0.00   3.899E-02  -29.07  0.000E+00    0.00      1.91065E-02                 0.0000     0.00   LINEAR
  120.00    0.00   4.157E-02  -34.97  0.000E+00    0.00      2.17200E-02                 0.0000     0.00   LINEAR
  122.00    0.00   4.392E-02  -41.25  0.000E+00    0.00      2.42427E-02                 0.0000     0.00   LINEAR
  124.00    0.00   4.596E-02  -47.89  0.000E+00    0.00      2.65424E-02                 0.0000     0.00   LINEAR
  126.00    0.00   4.759E-02  -54.88  0.000E+00    0.00      2.84656E-02                 0.0000     0.00   LINEAR
  128.00    0.00   4.873E-02  -62.22  0.000E+00    0.00      2.98436E-02                 0.0000     0.00   LINEAR
  130.00    0.00   4.927E-02  -69.89  0.000E+00    0.00      3.05041E-02                 0.0000     0.00   LINEAR
  132.00    0.00   4.909E-02  -77.89  0.000E+00    0.00      3.02878E-02                 0.0000     0.00   LINEAR
  134.00    0.00   4.810E-02  -86.19  0.000E+00    0.00      2.90692E-02                 0.0000     0.00   LINEAR
  136.00    0.00   4.617E-02  -94.78  0.000E+00    0.00      2.67834E-02                 0.0000     0.00   LINEAR
  138.00    0.00   4.320E-02 -103.63  0.000E+00    0.00      2.34541E-02                 0.0000     0.00   LINEAR
  140.00    0.00   3.911E-02 -112.70  0.000E+00    0.00      1.92227E-02                 0.0000     0.00   LINEAR
  142.00    0.00   3.382E-02 -121.93  0.000E+00    0.00      1.43735E-02                 0.0000     0.00   LINEAR
  144.00    0.00   2.728E-02 -131.17  0.000E+00    0.00      9.35080E-03                 0.0000     0.00   LINEAR
  146.00    0.00   1.947E-02 -140.00  0.000E+00    0.00      4.76233E-03                 0.0000   180.00   LINEAR
  148.00    0.00   1.042E-02 -146.45  0.000E+00    0.00      1.36515E-03                 0.0000   180.00   LINEAR
  150.00    0.00   1.529E-03  -75.22  0.000E+00    0.00      2.93866E-05                 0.0000     0.00   LINEAR
  152.00    0.00   1.156E-02   -3.97  0.000E+00    0.00      1.67870E-03                 0.0000     0.00   LINEAR
  154.00    0.00   2.395E-02  -11.09  0.000E+00    0.00      7.20876E-03                 0.0000     0.00   LINEAR
  156.00    0.00   3.720E-02  -21.06  0.000E+00    0.00      1.73886E-02                 0.0000     0.00   LINEAR
  158.00    0.00   5.105E-02  -31.88  0.000E+00    0.00      3.27538E-02                 0.0000     0.00   LINEAR
  160.00    0.00   6.525E-02  -43.14  0.000E+00    0.00      5.35036E-02                 0.0000     0.00   LINEAR
  162.00    0.00   7.950E-02  -54.69  0.000E+00    0.00      7.94155E-02                 0.0000     0.00   LINEAR
  164.00    0.00   9.347E-02  -66.47  0.000E+00    0.00      1.09794E-01                 0.0000     0.00   LINEAR
  166.00    0.00   1.068E-01  -78.42  0.000E+00    0.00      1.43461E-01                 0.0000     0.00   LINEAR
  168.00    0.00   1.193E-01  -90.52  0.000E+00    0.00      1.78807E-01                 0.0000     0.00   LINEAR
  170.00    0.00   1.305E-01 -102.75  0.000E+00    0.00      2.13883E-01                 0.0000     0.00   LINEAR
  172.00    0.00   1.401E-01 -115.08  0.000E+00    0.00      2.46560E-01                 0.0000     0.00   LINEAR
  174.00    0.00   1.479E-01 -127.49  0.000E+00    0.00      2.74706E-01                 0.0000     0.00   LINEAR
  176.00    0.00   1.536E-01 -139.97  0.000E+00    0.00      2.96388E-01                 0.0000   180.00   LINEAR
  178.00    0.00   1.571E-01 -152.50  0.000E+00    0.00      3.10063E-01                 0.0000   180.00   LINEAR
  180.00    0.00   1.583E-01 -165.06  0.000E+00    0.00      3.14735E-01                 0.0000   180.00   LINEAR
  182.00    0.00   1.571E-01 -177.64  0.000E+00    0.00      3.10062E-01                 0.0000   180.00   LINEAR
  184.00    0.00   1.536E-01  169.77  0.000E+00    0.00      2.96387E-01                 0.0000   180.00   LINEAR
  186.00    0.00   1.479E-01  157.20  0.000E+00    0.00      2.74706E-01                 0.0000   180.00   LINEAR
  188.00    0.00   1.401E-01  144.65  0.000E+00    0.00      2.46560E-01                 0.0000   180.00   LINEAR
  190.00    0.00   1.305E-01  132.14  0.000E+00    0.00      2.13883E-01                 0.0000   180.00   LINEAR
  192.00    0.00   1.193E-01  119.68  0.000E+00    0.00      1.78806E-01                 0.0000   180.00   LINEAR
  194.00    0.00   1.068E-01  107.27  0.000E+00    0.00      1.43461E-01                 0.0000   180.00   LINEAR
  196.00    0.00   9.347E-02   94.93  0.000E+00    0.00      1.09794E-01                 0.0000   180.00   LINEAR
  198.00    0.00   7.950E-02   82.66  0.000E+00    0.00      7.94153E-02                 0.0000   180.00   LINEAR
  200.00    0.00   6.525E-02   70.43  0.000E+00    0.00      5.35034E-02                 0.0000   180.00   LINEAR
  202.00    0.00   5.105E-02   58.22  0.000E+00    0.00      3.27537E-02                 0.0000   180.00   LINEAR
  204.00    0.00   3.720E-02   45.89  0.000E+00    0.00      1.73886E-02                 0.0000   180.00   LINEAR
  206.00    0.00   2.395E-02   33.06  0.000E+00    0.00      7.20873E-03                 0.0000     0.00   LINEAR
  208.00    0.00   1.156E-02   17.78  0.000E+00    0.00      1.67869E-03                 0.0000     0.00   LINEAR
  210.00    0.00   1.529E-03  -75.47  0.000E+00    0.00      2.93845E-05                 0.0000     0.00   LINEAR
  212.00    0.00   1.042E-02 -168.26  0.000E+00    0.00      1.36515E-03                 0.0000   180.00   LINEAR
  214.00    0.00   1.947E-02  177.10  0.000E+00    0.00      4.76231E-03                 0.0000   180.00   LINEAR
  216.00    0.00   2.728E-02  165.34  0.000E+00    0.00      9.35076E-03                 0.0000   180.00   LINEAR
  218.00    0.00   3.382E-02  154.49  0.000E+00    0.00      1.43735E-02                 0.0000   180.00   LINEAR
  220.00    0.00   3.911E-02  144.17  0.000E+00    0.00      1.92226E-02                 0.0000   180.00   LINEAR
  222.00    0.00   4.320E-02  134.26  0.000E+00    0.00      2.34540E-02                 0.0000   180.00   LINEAR
  224.00    0.00   4.617E-02  124.72  0.000E+00    0.00      2.67833E-02                 0.0000   180.00   LINEAR
  226.00    0.00   4.810E-02  115.53  0.000E+00    0.00      2.90691E-02                 0.0000   180.00   LINEAR
  228.00    0.00   4.909E-02  106.68  0.000E+00    0.00      3.02876E-02                 0.0000   180.00   LINEAR
  230.00    0.00   4.927E-02   98.17  0.000E+00    0.00      3.05040E-02                 0.0000   180.00   LINEAR
  232.00    0.00   4.873E-02   90.02  0.000E+00    0.00      2.98434E-02                 0.0000   180.00   LINEAR
  234.00    0.00   4.759E-02   82.23  0.000E+00    0.00      2.84654E-02                 0.0000   180.00   LINEAR
  236.00    0.00   4.596E-02   74.79  0.000E+00    0.00      2.65423E-02                 0.0000   180.00   LINEAR
  238.00    0.00   4.392E-02   67.73  0.000E+00    0.00      2.42425E-02                 0.0000   180.00   LINEAR
  240.00    0.00   4.157E-02   61.06  0.000E+00    0.00      2.17199E-02                 0.0000   180.00   LINEAR
  242.00    0.00   3.899E-02   54.76  0.000E+00    0.00      1.91063E-02                 0.0000   180.00   LINEAR
  244.00    0.00   3.625E-02   48.87  0.000E+00    0.00      1.65093E-02                 0.0000   180.00   LINEAR
  246.00    0.00   3.339E-02   43.37  0.000E+00    0.00      1.40112E-02                 0.0000     0.00   LINEAR
  248.00    0.00   3.048E-02   38.29  0.000E+00    0.00      1.16715E-02                 0.0000     0.00   LINEAR
  250.00    0.00   2.754E-02   33.62  0.000E+00    0.00      9.52963E-03                 0.0000     0.00   LINEAR
  252.00    0.00   2.461E-02   29.38  0.000E+00    0.00      7.60846E-03                 0.0000     0.00   LINEAR
  254.00    0.00   2.170E-02   25.57  0.000E+00    0.00      5.91799E-03                 0.0000     0.00   LINEAR
  256.00    0.00   1.884E-02   22.19  0.000E+00    0.00      4.45880E-03                 0.0000     0.00   LINEAR
  258.00    0.00   1.602E-02   19.25  0.000E+00    0.00      3.22517E-03                 0.0000     0.00   LINEAR
  260.00    0.00   1.325E-02   16.76  0.000E+00    0.00      2.20763E-03                 0.0000     0.00   LINEAR
  262.00    0.00   1.054E-02   14.71  0.000E+00    0.00      1.39514E-03                 0.0000     0.00   LINEAR
  264.00    0.00   7.862E-03   13.12  0.000E+00    0.00      7.76678E-04                 0.0000     0.00   LINEAR
  266.00    0.00   5.221E-03   11.98  0.000E+00    0.00      3.42548E-04                 0.0000     0.00   LINEAR
  268.00    0.00   2.604E-03   11.29  0.000E+00    0.00      8.52336E-05                 0.0000     0.00   LINEAR
  270.00    0.00   1.369E-17   11.07  0.000E+00    0.00      2.35672E-33                 0.0000     0.00   LINEAR
  272.00    0.00   2.604E-03 -168.71  0.000E+00    0.00      8.52336E-05                 0.0000   180.00   LINEAR
  274.00    0.00   5.221E-03 -168.02  0.000E+00    0.00      3.42548E-04                 0.0000   180.00   LINEAR
  276.00    0.00   7.862E-03 -166.88  0.000E+00    0.00      7.76678E-04                 0.0000   180.00   LINEAR
  278.00    0.00   1.054E-02 -165.29  0.000E+00    0.00      1.39514E-03                 0.0000   180.00   LINEAR
  280.00    0.00   1.325E-02 -163.24  0.000E+00    0.00      2.20763E-03                 0.0000   180.00   LINEAR
  282.00    0.00   1.602E-02 -160.75  0.000E+00    0.00      3.22517E-03                 0.0000   180.00   LINEAR
  284.00    0.00   1.884E-02 -157.81  0.000E+00    0.00      4.45880E-03                 0.0000   180.00   LINEAR
  286.00    0.00   2.170E-02 -154.43  0.000E+00    0.00      5.91799E-03                 0.0000   180.00   LINEAR
  288.00    0.00   2.461E-02 -150.62  0.000E+00    0.00      7.60846E-03                 0.0000   180.00   LINEAR
  290.00    0.00   2.754E-02 -146.38  0.000E+00    0.00      9.52963E-03                 0.0000   180.00   LINEAR
  292.00    0.00   3.048E-02 -141.71  0.000E+00    0.00      1.16715E-02                 0.0000   180.00   LINEAR
  294.00    0.00   3.339E-02 -136.63  0.000E+00    0.00      1.40112E-02                 0.0000   180.00   LINEAR
  296.00    0.00   3.625E-02 -131.13  0.000E+00    0.00      1.65093E-02                 0.0000     0.00   LINEAR
  298.00    0.00   3.899E-02 -125.24  0.000E+00    0.00      1.91063E-02                 0.0000     0.00   LINEAR
  300.00    0.00   4.157E-02 -118.94  0.000E+00    0.00      2.17199E-02                 0.0000     0.00   LINEAR
  302.00    0.00   4.392E-02 -112.27  0.000E+00    0.00      2.42425E-02                 0.0000     0.00   LINEAR
  304.00    0.00   4.596E-02 -105.21  0.000E+00    0.00      2.65423E-02                 0.0000     0.00   LINEAR
  306.00    0.00   4.759E-02  -97.77  0.000E+00    0.00      2.84654E-02                 0.0000     0.00   LINEAR
  308.00    0.00   4.873E-02  -89.98  0.000E+00    0.00      2.98434E-02                 0.0000     0.00   LINEAR
  310.00    0.00   4.927E-02  -81.83  0.000E+00    0.00      3.05040E-02                 0.0000     0.00   LINEAR
  312.00    0.00   4.909E-02  -73.32  0.000E+00    0.00      3.02876E-02                 0.0000     0.00   LINEAR
  314.00    0.00   4.810E-02  -64.47  0.000E+00    0.00      2.90691E-02                 0.0000     0.00   LINEAR
  316.00    0.00   4.617E-02  -55.28  0.000E+00    0.00      2.67833E-02                 0.0000     0.00   LINEAR
  318.00    0.00   4.320E-02  -45.74  0.000E+00    0.00      2.34540E-02                 0.0000     0.00   LINEAR
  320.00    0.00   3.911E-02  -35.83  0.000E+00    0.00      1.92226E-02                 0.0000     0.00   LINEAR
  322.00    0.00   3.382E-02  -25.51  0.000E+00    0.00      1.43735E-02                 0.0000     0.00   LINEAR
  324.00    0.00   2.728E-02  -14.66  0.000E+00    0.00      9.35076E-03                 0.0000     0.00   LINEAR
  326.00    0.00   1.947E-02   -2.90  0.000E+00    0.00      4.76231E-03                 0.0000     0.00   LINEAR
  328.00    0.00   1.042E-02   11.74  0.000E+00    0.00      1.36515E-03                 0.0000     0.00   LINEAR
  330.00    0.00   1.529E-03  104.53  0.000E+00    0.00      2.93839E-05                 0.0000   180.00   LINEAR
  332.00    0.00   1.156E-02 -162.22  0.000E+00    0.00      1.67869E-03                 0.0000   180.00   LINEAR
  334.00    0.00   2.395E-02 -146.94  0.000E+00    0.00      7.20873E-03                 0.0000   180.00   LINEAR
  336.00    0.00   3.720E-02 -134.11  0.000E+00    0.00      1.73886E-02                 0.0000     0.00   LINEAR
  338.00    0.00   5.105E-02 -121.78  0.000E+00    0.00      3.27537E-02                 0.0000     0.00   LINEAR
  340.00    0.00   6.525E-02 -109.57  0.000E+00    0.00      5.35034E-02                 0.0000     0.00   LINEAR
  342.00    0.00   7.950E-02  -97.34  0.000E+00    0.00      7.94153E-02                 0.0000     0.00   LINEAR
  344.00    0.00   9.347E-02  -85.07  0.000E+00    0.00      1.09794E-01                 0.0000     0.00   LINEAR
  346.00    0.00   1.068E-01  -72.73  0.000E+00    0.00      1.43461E-01                 0.0000     0.00   LINEAR
  348.00    0.00   1.193E-01  -60.32  0.000E+00    0.00      1.78806E-01                 0.0000     0.00   LINEAR
  350.00    0.00   1.305E-01  -47.86  0.000E+00    0.00      2.13883E-01                 0.0000     0.00   LINEAR
  352.00    0.00   1.401E-01  -35.35  0.000E+00    0.00      2.46560E-01                 0.0000     0.00   LINEAR
  354.00    0.00   1.479E-01  -22.80  0.000E+00    0.00      2.74706E-01                 0.0000     0.00   LINEAR
  356.00    0.00   1.536E-01  -10.23  0.000E+00    0.00      2.96387E-01                 0.0000     0.00   LINEAR
  358.00    0.00   1.571E-01    2.36  0.000E+00    0.00      3.10062E-01                 0.0000     0.00   LINEAR
  360.00    0.00   1.583E-01   14.94  0.000E+00    0.00      3.14735E-01                 0.0000     0.00   LINEAR