  0.00    0.00   4.135E-01   53.79  5.600E-06  169.01      2.14821E+00                 0.0000   180.00   LINEAR
    2.00    0.00   4.105E-01   66.31  7.128E-06  173.54      2.11736E+00                 0.0000   180.00   LINEAR
    4.00    0.00   4.016E-01   78.72  8.681E-06 -178.95      2.02707E+00                 0.0000   180.00   LINEAR
    6.00    0.00   3.872E-01   90.98  1.016E-05 -169.87      1.88377E+00                 0.0000   180.00   LINEAR
    8.00    0.00   3.675E-01  103.10  1.151E-05 -159.95      1.69744E+00                 0.0000   180.00   LINEAR
   10.00    0.00   3.433E-01  115.04  1.265E-05 -149.60      1.48058E+00                 0.0000   180.00   LINEAR
   12.00    0.00   3.150E-01  126.79  1.356E-05 -139.05      1.24699E+00                 0.0000   180.00   LINEAR
   14.00    0.00   2.836E-01  138.30  1.420E-05 -128.49      1.01050E+00                 0.0000   180.00   LINEAR
   16.00    0.00   2.497E-01  149.55  1.454E-05 -118.03      7.83791E-01                 0.0001   180.00   LINEAR
   18.00    0.00   2.144E-01  160.49  1.457E-05 -107.79      5.77458E-01                 0.0001   180.00   LINEAR
   20.00    0.00   1.783E-01  171.02  1.430E-05  -97.88      3.99343E-01                 0.0001   180.00   LINEAR
   22.00    0.00   1.422E-01 -178.99  1.372E-05  -88.41      2.54254E-01                 0.0001   180.00   LINEAR
   24.00    0.00   1.070E-01 -169.85  1.288E-05  -79.53      1.43997E-01                 0.0001   180.00   LINEAR
   26.00    0.00   7.340E-02 -162.32  1.180E-05  -71.48      6.76964E-02                 0.0002   180.00   LINEAR
   28.00    0.00   4.213E-02 -159.18  1.054E-05  -64.55      2.23089E-02                 0.0002   180.00   LINEAR
   30.00    0.00   1.609E-02  179.31  9.157E-06  -59.26      3.25394E-03                 0.0005   179.98   LINEAR
   32.00    0.00   2.008E-02   93.51  7.745E-06  -56.43      5.06690E-03                 0.0002   179.98   LINEAR
   34.00    0.00   4.185E-02   83.00  6.432E-06  -57.36      2.20048E-02                 0.0001   179.99   LINEAR
   36.00    0.00   6.216E-02   86.62  5.414E-06  -63.57      4.85511E-02                 0.0000   180.00   LINEAR
   38.00    0.00   7.968E-02   93.00  4.943E-06  -75.01      7.97922E-02                 0.0000   180.00   LINEAR
   40.00    0.00   9.426E-02  100.18  5.169E-06  -87.36      1.11655E-01                 0.0000   180.00   LINEAR
   42.00    0.00   1.059E-01  107.59  5.964E-06  -95.59      1.41020E-01                 0.0000   180.00   LINEAR
   44.00    0.00   1.148E-01  114.97  7.069E-06  -98.85      1.65720E-01                 0.0000   180.00   LINEAR
   46.00    0.00   1.212E-01  122.21  8.283E-06  -98.57      1.84471E-01                 0.0000   180.00   LINEAR
   48.00    0.00   1.251E-01  129.26  9.490E-06  -96.15      1.96736E-01                 0.0001   180.00   LINEAR
   50.00    0.00   1.270E-01  136.05  1.062E-05  -92.48      2.02574E-01                 0.0001   180.00   LINEAR
   52.00    0.00   1.269E-01  142.58  1.165E-05  -88.12      2.02479E-01                 0.0001   180.00   LINEAR
   54.00    0.00   1.253E-01  148.82  1.256E-05  -83.40      1.97229E-01                 0.0001   180.00   LINEAR
   56.00    0.00   1.222E-01  154.76  1.333E-05  -78.54      1.87758E-01                 0.0001   180.00   LINEAR
   58.00    0.00   1.180E-01  160.39  1.398E-05  -73.69      1.75048E-01                 0.0001   180.00   LINEAR
   60.00    0.00   1.129E-01  165.70  1.450E-05  -68.93      1.60056E-01                 0.0001   180.00   LINEAR
   62.00    0.00   1.069E-01  170.68  1.491E-05  -64.34      1.43656E-01                 0.0001   180.00   LINEAR
   64.00    0.00   1.004E-01  175.34  1.521E-05  -59.96      1.26611E-01                 0.0001   180.00   LINEAR
   66.00    0.00   9.337E-02  179.66  1.543E-05  -55.84      1.09553E-01                 0.0001   179.99   LINEAR
   68.00    0.00   8.602E-02 -176.36  1.557E-05  -51.99      9.29915E-02                 0.0001   179.99   LINEAR
   70.00    0.00   7.844E-02 -172.71  1.564E-05  -48.45      7.73114E-02                 0.0002   179.99   LINEAR
   72.00    0.00   7.069E-02 -169.40  1.567E-05  -45.22      6.27935E-02                 0.0002   179.99   LINEAR
   74.00    0.00   6.284E-02 -166.43  1.566E-05  -42.31      4.96293E-02                 0.0002   179.99   LINEAR
   76.00    0.00   5.495E-02 -163.80  1.562E-05  -39.73      3.79392E-02                 0.0002   179.99   LINEAR
   78.00    0.00   4.703E-02 -161.50  1.556E-05  -37.50      2.77907E-02                 0.0003   179.99   LINEAR
   80.00    0.00   3.910E-02 -159.53  1.550E-05  -35.60      1.92140E-02                 0.0003   179.99   LINEAR
   82.00    0.00   3.118E-02 -157.85  1.543E-05  -34.05      1.22169E-02                 0.0004   179.98   LINEAR
   84.00    0.00   2.326E-02 -156.42  1.536E-05  -32.85      6.79671E-03                 0.0006   179.98   LINEAR
   86.00    0.00   1.532E-02 -155.07  1.530E-05  -31.99      2.95022E-03                 0.0008   179.97   LINEAR
   88.00    0.00   7.365E-03 -152.86  1.525E-05  -31.47      6.81598E-04                 0.0018   179.94   LINEAR
   90.00    0.00   7.924E-04   -9.77  1.521E-05  -31.30      7.89233E-06                 0.0070     1.02   LINEAR
   92.00    0.00   8.752E-03   20.65  1.518E-05  -31.47      9.62574E-04                 0.0014     0.06   LINEAR
   94.00    0.00   1.692E-02   21.39  1.516E-05  -31.99      3.59697E-03                 0.0007     0.03   LINEAR
   96.00    0.00   2.520E-02   20.87  1.514E-05  -32.84      7.97949E-03                 0.0005     0.02   LINEAR
   98.00    0.00   3.361E-02   19.75  1.512E-05  -34.04      1.41924E-02                 0.0004     0.02   LINEAR
  100.00    0.00   4.215E-02   18.16  1.510E-05  -35.56      2.23261E-02                 0.0003     0.01   LINEAR
  102.00    0.00   5.083E-02   16.16  1.506E-05  -37.42      3.24697E-02                 0.0002     0.01   LINEAR
  104.00    0.00   5.964E-02   13.78  1.501E-05  -39.60      4.46994E-02                 0.0002     0.01   LINEAR
  106.00    0.00   6.856E-02   11.01  1.493E-05  -42.10      5.90615E-02                 0.0002     0.01   LINEAR
  108.00    0.00   7.754E-02    7.86  1.481E-05  -44.90      7.55527E-02                 0.0002     0.01   LINEAR
  110.00    0.00   8.653E-02    4.35  1.464E-05  -47.99      9.40963E-02                 0.0001     0.01   LINEAR
  112.00    0.00   9.546E-02    0.48  1.442E-05  -51.34      1.14514E-01                 0.0001     0.01   LINEAR
  114.00    0.00   1.042E-01   -3.76  1.413E-05  -54.94      1.36499E-01                 0.0001     0.00   LINEAR
  116.00    0.00   1.127E-01   -8.36  1.375E-05  -58.75      1.59585E-01                 0.0001     0.00   LINEAR
  118.00    0.00   1.207E-01  -13.30  1.329E-05  -62.72      1.83119E-01                 0.0001     0.00   LINEAR
  120.00    0.00   1.281E-01  -18.59  1.274E-05  -66.78      2.06249E-01                 0.0001     0.00   LINEAR
  122.00    0.00   1.347E-01  -24.23  1.208E-05  -70.86      2.27913E-01                 0.0001     0.00   LINEAR
  124.00    0.00   1.402E-01  -30.20  1.132E-05  -74.82      2.46858E-01                 0.0001     0.00   LINEAR
  126.00    0.00   1.443E-01  -36.49  1.047E-05  -78.48      2.61682E-01                 0.0000     0.00   LINEAR
  128.00    0.00   1.468E-01  -43.10  9.525E-06  -81.59      2.70907E-01                 0.0000     0.00   LINEAR
  130.00    0.00   1.474E-01  -50.01  8.526E-06  -83.75      2.73097E-01                 0.0000     0.00   LINEAR
  132.00    0.00   1.458E-01  -57.21  7.514E-06  -84.34      2.67013E-01                 0.0000     0.00   LINEAR
  134.00    0.00   1.416E-01  -64.67  6.568E-06  -82.52      2.51812E-01                 0.0000     0.00   LINEAR
  136.00    0.00   1.345E-01  -72.36  5.812E-06  -77.42      2.27273E-01                 0.0000     0.00   LINEAR
  138.00    0.00   1.243E-01  -80.21  5.417E-06  -69.00      1.94047E-01                 0.0000     0.00   LINEAR
  140.00    0.00   1.107E-01  -88.14  5.526E-06  -59.41      1.53884E-01                 0.0000     0.00   LINEAR
  142.00    0.00   9.349E-02  -95.94  6.138E-06  -52.03      1.09837E-01                 0.0000     0.00   LINEAR
  144.00    0.00   7.267E-02 -103.11  7.118E-06  -48.61      6.63706E-02                 0.0001     0.00   LINEAR
  146.00    0.00   4.833E-02 -108.01  8.298E-06  -48.87      2.93513E-02                 0.0001     0.01   LINEAR
  148.00    0.00   2.163E-02  -99.85  9.545E-06  -51.90      5.87980E-03                 0.0003     0.02   LINEAR
  150.00    0.00   1.768E-02   -0.80  1.076E-05  -56.87      3.92932E-03                 0.0005     0.02   LINEAR
  152.00    0.00   5.029E-02   15.56  1.186E-05  -63.21      3.17865E-02                 0.0002     0.00   LINEAR
  154.00    0.00   8.800E-02   10.63  1.280E-05  -70.53      9.73081E-02                 0.0001     0.00   LINEAR
  156.00    0.00   1.284E-01    2.21  1.353E-05  -78.56      2.07041E-01                 0.0001     0.00   LINEAR
  158.00    0.00   1.705E-01   -7.51  1.401E-05  -87.09      3.65281E-01                 0.0001     0.00   LINEAR
  160.00    0.00   2.136E-01  -17.93  1.421E-05  -95.97      5.73188E-01                 0.0001     0.00   LINEAR
  162.00    0.00   2.567E-01  -28.79  1.412E-05 -105.06      8.28058E-01                 0.0001     0.00   LINEAR
  164.00    0.00   2.989E-01  -40.00  1.375E-05 -114.22      1.12291E+00                 0.0000     0.00   LINEAR
  166.00    0.00   3.393E-01  -51.48  1.309E-05 -123.30      1.44645E+00                 0.0000     0.00   LINEAR
  168.00    0.00   3.767E-01  -63.18  1.217E-05 -132.10      1.78354E+00                 0.0000     0.00   LINEAR
  170.00    0.00   4.104E-01  -75.07  1.103E-05 -140.34      2.11613E+00                 0.0000     0.00   LINEAR
  172.00    0.00   4.393E-01  -87.14  9.725E-06 -147.61      2.42458E+00                 0.0000     0.00   LINEAR
  174.00    0.00   4.626E-01  -99.35  8.328E-06 -153.24      2.68937E+00                 0.0000     0.00   LINEAR
  176.00    0.00   4.798E-01 -111.68  6.950E-06 -156.14      2.89287E+00                 0.0000     0.00   LINEAR
  178.00    0.00   4.903E-01 -124.12  5.756E-06 -154.75      3.02101E+00                 0.0000     0.00   LINEAR
  180.00    0.00   4.938E-01 -136.66  4.987E-06 -147.95      3.06477E+00                 0.0000  -180.00   LINEAR
  182.00    0.00   4.903E-01 -149.27  4.869E-06 -138.06      3.02100E+00                 0.0000  -180.00   LINEAR
  184.00    0.00   4.798E-01 -161.94  5.393E-06 -130.80      2.89285E+00                 0.0000  -180.00   LINEAR
  186.00    0.00   4.626E-01 -174.66  6.309E-06 -129.09      2.68934E+00                 0.0000  -180.00   LINEAR
  188.00    0.00   4.392E-01  172.59  7.365E-06 -132.04      2.42454E+00                 0.0000  -180.00   LINEAR
  190.00    0.00   4.104E-01  159.82  8.400E-06 -138.05      2.11609E+00                 0.0000  -180.00   LINEAR
  192.00    0.00   3.767E-01  147.03  9.324E-06 -145.99      1.78350E+00                 0.0000  -180.00   LINEAR
  194.00    0.00   3.393E-01  134.23  1.009E-05 -155.14      1.44641E+00                 0.0000  -180.00   LINEAR
  196.00    0.00   2.989E-01  121.41  1.067E-05 -165.07      1.12287E+00                 0.0000  -180.00   LINEAR
  198.00    0.00   2.567E-01  108.57  1.107E-05 -175.50      8.28021E-01                 0.0000  -180.00   LINEAR
  200.00    0.00   2.136E-01   95.66  1.127E-05  173.77      5.73156E-01                 0.0001  -180.00   LINEAR
  202.00    0.00   1.705E-01   82.59  1.130E-05  162.88      3.65257E-01                 0.0001  -180.00   LINEAR
  204.00    0.00   1.284E-01   69.16  1.117E-05  151.95      2.07024E-01                 0.0001  -180.00   LINEAR
  206.00    0.00   8.799E-02   54.79  1.090E-05  141.07      9.72992E-02                 0.0001  -180.00   LINEAR
  208.00    0.00   5.029E-02   37.31  1.051E-05  130.32      3.17835E-02                 0.0002    -0.00   LINEAR
  210.00    0.00   1.768E-02   -1.06  1.002E-05  119.81      3.93015E-03                 0.0005    -0.02   LINEAR
  212.00    0.00   2.164E-02 -121.63  9.453E-06  109.62      5.88212E-03                 0.0003    -0.02   LINEAR
  214.00    0.00   4.833E-02 -150.89  8.827E-06   99.85      2.93526E-02                 0.0002   180.00   LINEAR
  216.00    0.00   7.267E-02 -166.59  8.161E-06   90.61      6.63684E-02                 0.0001   180.00   LINEAR
  218.00    0.00   9.349E-02 -179.50  7.472E-06   82.01      1.09830E-01                 0.0001   180.00   LINEAR
  220.00    0.00   1.107E-01  168.75  6.777E-06   74.22      1.53869E-01                 0.0001   180.00   LINEAR
  222.00    0.00   1.243E-01  157.70  6.091E-06   67.39      1.94024E-01                 0.0000   180.00   LINEAR
  224.00    0.00   1.345E-01  147.16  5.431E-06   61.75      2.27243E-01                 0.0000  -180.00   LINEAR
  226.00    0.00   1.415E-01  137.06  4.814E-06   57.55      2.51774E-01                 0.0000  -180.00   LINEAR
  228.00    0.00   1.458E-01  127.37  4.260E-06   55.06      2.66968E-01                 0.0000  -180.00   LINEAR
  230.00    0.00   1.474E-01  118.07  3.790E-06   54.55      2.73047E-01                 0.0000  -180.00   LINEAR
  232.00    0.00   1.468E-01  109.15  3.428E-06   56.08      2.70853E-01                 0.0000  -180.00   LINEAR
  234.00    0.00   1.443E-01  100.63  3.194E-06   59.37      2.61626E-01                 0.0000  -180.00   LINEAR
  236.00    0.00   1.401E-01   92.50  3.096E-06   63.66      2.46802E-01                 0.0000  -180.00   LINEAR
  238.00    0.00   1.347E-01   84.77  3.124E-06   67.95      2.27858E-01                 0.0000  -180.00   LINEAR
  240.00    0.00   1.281E-01   77.45  3.253E-06   71.44      2.06196E-01                 0.0000  -180.00   LINEAR
  242.00    0.00   1.207E-01   70.55  3.451E-06   73.75      1.83070E-01                 0.0000  -180.00   LINEAR
  244.00    0.00   1.127E-01   64.08  3.690E-06   74.94      1.59540E-01                 0.0000  -180.00   LINEAR
  246.00    0.00   1.042E-01   58.05  3.946E-06   75.19      1.36459E-01                 0.0000  -180.00   LINEAR
  248.00    0.00   9.545E-02   52.46  4.203E-06   74.78      1.14479E-01                 0.0000  -180.00   LINEAR
  250.00    0.00   8.652E-02   47.32  4.450E-06   73.91      9.40655E-02                 0.0000  -180.00   LINEAR
  252.00    0.00   7.753E-02   42.64  4.680E-06   72.78      7.55266E-02                 0.0000     0.00   LINEAR
  254.00    0.00   6.854E-02   38.43  4.889E-06   71.50      5.90398E-02                 0.0000     0.00   LINEAR
  256.00    0.00   5.963E-02   34.69  5.075E-06   70.19      4.46817E-02                 0.0000     0.00   LINEAR
  258.00    0.00   5.082E-02   31.43  5.236E-06   68.91      3.24557E-02                 0.0001     0.00   LINEAR
  260.00    0.00   4.214E-02   28.62  5.371E-06   67.71      2.23153E-02                 0.0001     0.01   LINEAR
  262.00    0.00   3.360E-02   26.27  5.480E-06   66.62      1.41844E-02                 0.0001     0.01   LINEAR
  264.00    0.00   2.519E-02   24.33  5.563E-06   65.68      7.97393E-03                 0.0001     0.01   LINEAR
  266.00    0.00   1.691E-02   22.65  5.621E-06   64.88      3.59350E-03                 0.0002     0.01   LINEAR
  268.00    0.00   8.745E-03   20.58  5.653E-06   64.24      9.60909E-04                 0.0004     0.03   LINEAR
  270.00    0.00   7.889E-04  -10.85  5.661E-06   63.76      7.82146E-06                 0.0069     0.11   LINEAR
  272.00    0.00   7.372E-03 -152.86  5.643E-06   63.42      6.82984E-04                 0.0005   179.96   LINEAR
  274.00    0.00   1.533E-02 -153.77  5.600E-06   63.21      2.95301E-03                 0.0002   179.98   LINEAR
  276.00    0.00   2.326E-02 -152.94  5.533E-06   63.12      6.80094E-03                 0.0001   179.99   LINEAR
  278.00    0.00   3.119E-02 -151.31  5.441E-06   63.10      1.22227E-02                 0.0001   179.99   LINEAR
  280.00    0.00   3.911E-02 -149.05  5.325E-06   63.13      1.92217E-02                 0.0001   179.99   LINEAR
  282.00    0.00   4.704E-02 -146.23  5.187E-06   63.14      2.78005E-02                 0.0001   179.99   LINEAR
  284.00    0.00   5.496E-02 -142.87  5.028E-06   63.08      3.79516E-02                 0.0000   180.00   LINEAR
  286.00    0.00   6.285E-02 -138.99  4.851E-06   62.86      4.96448E-02                 0.0000   180.00   LINEAR
  288.00    0.00   7.070E-02 -134.61  4.662E-06   62.36      6.28128E-02                 0.0000    -0.00   LINEAR
  290.00    0.00   7.845E-02 -129.73  4.467E-06   61.48      7.73352E-02                 0.0000    -0.00   LINEAR
  292.00    0.00   8.604E-02 -124.37  4.279E-06   60.06      9.30205E-02                 0.0000    -0.00   LINEAR
  294.00    0.00   9.339E-02 -118.53  4.111E-06   57.99      1.09588E-01                 0.0000    -0.00   LINEAR
  296.00    0.00   1.004E-01 -112.22  3.982E-06   55.20      1.26652E-01                 0.0000    -0.00   LINEAR
  298.00    0.00   1.069E-01 -105.46  3.917E-06   51.77      1.43705E-01                 0.0000    -0.00   LINEAR
  300.00    0.00   1.129E-01  -98.25  3.939E-06   47.98      1.60113E-01                 0.0000    -0.00   LINEAR
  302.00    0.00   1.180E-01  -90.61  4.066E-06   44.32      1.75112E-01                 0.0000    -0.00   LINEAR
  304.00    0.00   1.223E-01  -82.54  4.306E-06   41.35      1.87829E-01                 0.0000    -0.00   LINEAR
  306.00    0.00   1.253E-01  -74.05  4.658E-06   39.56      1.97306E-01                 0.0000    -0.00   LINEAR
  308.00    0.00   1.270E-01  -65.16  5.107E-06   39.22      2.02561E-01                 0.0000    -0.00   LINEAR
  310.00    0.00   1.270E-01  -55.86  5.635E-06   40.39      2.02658E-01                 0.0000    -0.00   LINEAR
  312.00    0.00   1.251E-01  -46.16  6.220E-06   43.00      1.96820E-01                 0.0000     0.00   LINEAR
  314.00    0.00   1.212E-01  -36.05  6.841E-06   46.93      1.84552E-01                 0.0001     0.00   LINEAR
  316.00    0.00   1.149E-01  -25.51  7.476E-06   52.02      1.65795E-01                 0.0001     0.00   LINEAR
  318.00    0.00   1.060E-01  -14.51  8.104E-06   58.13      1.41085E-01                 0.0001     0.00   LINEAR
  320.00    0.00   9.428E-02   -2.93  8.706E-06   65.14      1.11708E-01                 0.0001     0.00   LINEAR
  322.00    0.00   7.970E-02    9.43  9.262E-06   72.94      7.98314E-02                 0.0001     0.00   LINEAR
  324.00    0.00   6.217E-02   23.14  9.755E-06   81.44      4.85764E-02                 0.0001     0.00   LINEAR
  326.00    0.00   4.186E-02   40.11  1.017E-05   90.57      2.20172E-02                 0.0002     0.01   LINEAR
  328.00    0.00   2.009E-02   71.70  1.048E-05  100.24      5.06972E-03                 0.0002  -179.97   LINEAR
  330.00    0.00   1.609E-02  179.07  1.068E-05  110.39      3.25208E-03                 0.0006  -179.99   LINEAR
  332.00    0.00   4.213E-02 -137.42  1.076E-05  120.93      2.23089E-02                 0.0003   180.00   LINEAR
  334.00    0.00   7.340E-02 -118.15  1.071E-05  131.79      6.77056E-02                 0.0001    -0.00   LINEAR
  336.00    0.00   1.071E-01 -102.89  1.051E-05  142.87      1.44023E-01                 0.0001    -0.00   LINEAR
  338.00    0.00   1.423E-01  -88.88  1.016E-05  154.08      2.54304E-01                 0.0001    -0.00   LINEAR
  340.00    0.00   1.783E-01  -75.39  9.651E-06  165.26      3.99422E-01                 0.0000    -0.00   LINEAR
  342.00    0.00   2.144E-01  -62.15  8.988E-06  176.24      5.77568E-01                 0.0000    -0.00   LINEAR
  344.00    0.00   2.498E-01  -49.03  8.173E-06 -173.24      7.83930E-01                 0.0000    -0.00   LINEAR
  346.00    0.00   2.836E-01  -35.99  7.219E-06 -163.63      1.01066E+00                 0.0000    -0.00   LINEAR
  348.00    0.00   3.150E-01  -23.01  6.152E-06 -155.66      1.24716E+00                 0.0000    -0.00   LINEAR
  350.00    0.00   3.433E-01  -10.07  5.031E-06 -150.75      1.48076E+00                 0.0000    -0.00   LINEAR
  352.00    0.00   3.675E-01    2.83  3.982E-06 -151.67      1.69761E+00                 0.0000    -0.00   LINEAR
  354.00    0.00   3.872E-01   15.67  3.289E-06 -162.16      1.88391E+00                 0.0000    -0.00   LINEAR
  356.00    0.00   4.016E-01   28.46  3.361E-06 -179.18      2.02717E+00                 0.0000    -0.00   LINEAR
  358.00    0.00   4.105E-01   41.17  4.250E-06  170.18      2.11741E+00                 0.0000    -0.00   LINEAR
  360.00    0.00   4.135E-01   53.79  5.600E-06  169.01      2.14821E+00                 0.0000   180.00   LINEAR