  0.00    0.00   6.417E-01  165.12  3.343E-06   17.23      5.17394E+00                 0.0000   180.00   LINEAR
    2.00    0.00   6.369E-01  177.62  2.757E-05   72.22      5.09822E+00                 0.0000   180.00   LINEAR
    4.00    0.00   6.229E-01 -170.04  5.206E-05   87.34      4.87618E+00                 0.0001   180.00   LINEAR
    6.00    0.00   6.000E-01 -157.88  7.523E-05  100.79      4.52399E+00                 0.0001   180.00   LINEAR
    8.00    0.00   5.689E-01 -145.92  9.640E-05  113.70      4.06669E+00                 0.0002   180.00   LINEAR
   10.00    0.00   5.304E-01 -134.18  1.150E-04  126.30      3.53567E+00                 0.0002    -0.00   LINEAR
   12.00    0.00   4.858E-01 -122.69  1.306E-04  138.67      2.96550E+00                 0.0003    -0.00   LINEAR
   14.00    0.00   4.362E-01 -111.48  1.428E-04  150.81      2.39072E+00                 0.0003    -0.00   LINEAR
   16.00    0.00   3.829E-01 -100.59  1.516E-04  162.73      1.84277E+00                 0.0004    -0.00   LINEAR
   18.00    0.00   3.275E-01  -90.10  1.567E-04  174.42      1.34758E+00                 0.0005    -0.00   LINEAR
   20.00    0.00   2.712E-01  -80.08  1.584E-04 -174.14      9.23916E-01                 0.0006    -0.00   LINEAR
   22.00    0.00   2.153E-01  -70.74  1.567E-04 -162.96      5.82621E-01                 0.0007    -0.00   LINEAR
   24.00    0.00   1.613E-01  -62.42  1.520E-04 -152.06      3.26780E-01                 0.0009     0.00   LINEAR
   26.00    0.00   1.102E-01  -56.04  1.446E-04 -141.48      1.52621E-01                 0.0013     0.01   LINEAR
   28.00    0.00   6.369E-02  -54.83  1.350E-04 -131.23      5.09733E-02                 0.0021     0.03   LINEAR
   30.00    0.00   2.681E-02  -78.72  1.236E-04 -121.34      9.03315E-03                 0.0031     0.19   LINEAR
   32.00    0.00   3.114E-02 -153.79  1.108E-04 -111.85      1.21849E-02                 0.0024  -179.85   LINEAR
   34.00    0.00   6.029E-02 -167.78  9.703E-05 -102.80      4.56721E-02                 0.0015  -179.96   LINEAR
   36.00    0.00   8.738E-02 -166.24  8.273E-05  -94.26      9.59562E-02                 0.0009  -179.98   LINEAR
   38.00    0.00   1.099E-01 -161.47  6.824E-05  -86.31      1.51674E-01                 0.0006  -179.99   LINEAR
   40.00    0.00   1.275E-01 -155.78  5.388E-05  -79.13      2.04165E-01                 0.0004  -179.99   LINEAR
   42.00    0.00   1.404E-01 -149.92  3.991E-05  -73.09      2.47611E-01                 0.0003  -180.00   LINEAR
   44.00    0.00   1.490E-01 -144.19  2.656E-05  -69.21      2.78840E-01                 0.0002  -180.00   LINEAR
   46.00    0.00   1.537E-01 -138.76  1.417E-05  -71.81      2.96918E-01                 0.0001  -180.00   LINEAR
   48.00    0.00   1.552E-01 -133.73  5.086E-06 -120.62      3.02603E-01                 0.0000     0.00   LINEAR
   50.00    0.00   1.539E-01 -129.18  1.112E-05  167.81      2.97771E-01                 0.0001     0.00   LINEAR
   52.00    0.00   1.506E-01 -125.14  2.091E-05  160.97      2.84879E-01                 0.0001     0.00   LINEAR
   54.00    0.00   1.456E-01 -121.66  3.026E-05  162.16      2.66518E-01                 0.0002     0.00   LINEAR
   56.00    0.00   1.397E-01 -118.75  3.890E-05  165.13      2.45083E-01                 0.0003     0.00   LINEAR
   58.00    0.00   1.331E-01 -116.40  4.682E-05  168.57      2.22563E-01                 0.0003     0.01   LINEAR
   60.00    0.00   1.263E-01 -114.57  5.405E-05  172.08      2.00437E-01                 0.0004     0.01   LINEAR
   62.00    0.00   1.196E-01 -113.20  6.064E-05  175.47      1.79667E-01                 0.0005     0.01   LINEAR
   64.00    0.00   1.131E-01 -112.22  6.662E-05  178.66      1.60750E-01                 0.0006     0.01   LINEAR
   66.00    0.00   1.070E-01 -111.50  7.204E-05 -178.38      1.43807E-01                 0.0006     0.02   LINEAR
   68.00    0.00   1.012E-01 -110.92  7.694E-05 -175.69      1.28697E-01                 0.0007     0.02   LINEAR
   70.00    0.00   9.571E-02 -110.35  8.134E-05 -173.27      1.15122E-01                 0.0008     0.02   LINEAR
   72.00    0.00   9.041E-02 -109.63  8.527E-05 -171.13      1.02726E-01                 0.0008     0.03   LINEAR
   74.00    0.00   8.518E-02 -108.63  8.876E-05 -169.28      9.11759E-02                 0.0009     0.03   LINEAR
   76.00    0.00   7.990E-02 -107.18  9.180E-05 -167.72      8.02187E-02                 0.0010     0.03   LINEAR
   78.00    0.00   7.449E-02 -105.11  9.441E-05 -166.46      6.97246E-02                 0.0011     0.03   LINEAR
   80.00    0.00   6.893E-02 -102.20  9.659E-05 -165.51      5.97113E-02                 0.0013     0.04   LINEAR
   82.00    0.00   6.330E-02  -98.11  9.834E-05 -164.85      5.03556E-02                 0.0014     0.04   LINEAR
   84.00    0.00   5.781E-02  -92.44  9.963E-05 -164.50      4.19971E-02                 0.0016     0.03   LINEAR
   86.00    0.00   5.288E-02  -84.66  1.005E-04 -164.46      3.51342E-02                 0.0019     0.02   LINEAR
   88.00    0.00   4.920E-02  -74.35  1.008E-04 -164.73      3.04170E-02                 0.0020    -0.00   LINEAR
   90.00    0.00   4.774E-02  -61.68  1.007E-04 -165.31      2.86359E-02                 0.0021    -0.03   LINEAR
   92.00    0.00   4.943E-02  -47.96  1.001E-04 -166.20      3.07066E-02                 0.0018    -0.05   LINEAR
   94.00    0.00   5.474E-02  -35.27  9.885E-05 -167.39      3.76506E-02                 0.0013    -0.07   LINEAR
   96.00    0.00   6.344E-02  -25.11  9.705E-05 -168.87      5.05686E-02                 0.0009    -0.07   LINEAR
   98.00    0.00   7.496E-02  -17.78  9.465E-05 -170.63      7.06042E-02                 0.0006    -0.06   LINEAR
  100.00    0.00   8.871E-02  -12.90  9.159E-05 -172.65      9.88967E-02                 0.0004    -0.06   LINEAR
  102.00    0.00   1.042E-01   -9.95  8.786E-05 -174.91      1.36518E-01                 0.0002    -0.05   LINEAR
  104.00    0.00   1.211E-01   -8.46  8.343E-05 -177.37      1.84396E-01                 0.0001    -0.04   LINEAR
  106.00    0.00   1.391E-01   -8.11  7.828E-05 -179.97      2.43215E-01                 0.0001    -0.03   LINEAR
  108.00    0.00   1.579E-01   -8.66  7.243E-05  177.37      3.13310E-01                 0.0000    -0.03   LINEAR
  110.00    0.00   1.772E-01   -9.94  6.588E-05  174.80      3.94542E-01                 0.0000    -0.02   LINEAR
  112.00    0.00   1.967E-01  -11.84  5.870E-05  172.52      4.86168E-01                 0.0000    -0.02   LINEAR
  114.00    0.00   2.161E-01  -14.27  5.099E-05  170.89      5.86717E-01                 0.0000    -0.01   LINEAR
  116.00    0.00   2.350E-01  -17.16  4.294E-05  170.58      6.93878E-01                 0.0000    -0.01   LINEAR
  118.00    0.00   2.530E-01  -20.47  3.493E-05  172.83      8.04421E-01                 0.0000    -0.01   LINEAR
  120.00    0.00   2.697E-01  -24.16  2.770E-05  179.94      9.14160E-01                 0.0000    -0.01   LINEAR
  122.00    0.00   2.846E-01  -28.19  2.277E-05 -165.08      1.01799E+00                 0.0001    -0.00   LINEAR
  124.00    0.00   2.972E-01  -32.53  2.231E-05 -144.19      1.10998E+00                 0.0001    -0.00   LINEAR
  126.00    0.00   3.069E-01  -37.17  2.675E-05 -127.92      1.18365E+00                 0.0001    -0.00   LINEAR
  128.00    0.00   3.131E-01  -42.06  3.413E-05 -120.62      1.23223E+00                 0.0001     0.00   LINEAR
  130.00    0.00   3.153E-01  -47.20  4.269E-05 -119.61      1.24921E+00                 0.0001     0.00   LINEAR
  132.00    0.00   3.127E-01  -52.53  5.143E-05 -122.31      1.22898E+00                 0.0002     0.00   LINEAR
  134.00    0.00   3.048E-01  -58.01  5.978E-05 -127.28      1.16757E+00                 0.0002     0.00   LINEAR
  136.00    0.00   2.909E-01  -63.56  6.737E-05 -133.75      1.06365E+00                 0.0002     0.00   LINEAR
  138.00    0.00   2.705E-01  -69.07  7.389E-05 -141.30      9.19611E-01                 0.0003     0.00   LINEAR
  140.00    0.00   2.431E-01  -74.31  7.915E-05 -149.70      7.42653E-01                 0.0003     0.00   LINEAR
  142.00    0.00   2.084E-01  -78.82  8.296E-05 -158.80      5.45911E-01                 0.0004     0.00   LINEAR
  144.00    0.00   1.667E-01  -81.53  8.523E-05 -168.50      3.49331E-01                 0.0005     0.00   LINEAR
  146.00    0.00   1.197E-01  -79.33  8.592E-05 -178.74      1.80157E-01                 0.0007    -0.01   LINEAR
  148.00    0.00   7.609E-02  -61.02  8.504E-05  170.51      7.27536E-02                 0.0009    -0.04   LINEAR
  150.00    0.00   7.331E-02  -13.39  8.269E-05  159.28      6.75361E-02                 0.0001    -0.06   LINEAR
  152.00    0.00   1.289E-01   10.88  7.900E-05  147.56      2.08767E-01                 0.0004    -0.03   LINEAR
  154.00    0.00   2.075E-01   13.87  7.419E-05  135.35      5.41127E-01                 0.0003    -0.01   LINEAR
  156.00    0.00   2.966E-01    9.99  6.848E-05  122.65      1.10512E+00                 0.0002    -0.01   LINEAR
  158.00    0.00   3.921E-01    3.28  6.216E-05  109.44      1.93157E+00                 0.0002    -0.00   LINEAR
  160.00    0.00   4.915E-01   -4.91  5.550E-05   95.69      3.03581E+00                 0.0001    -0.00   LINEAR
  162.00    0.00   5.926E-01  -14.06  4.877E-05   81.39      4.41227E+00                 0.0001    -0.00   LINEAR
  164.00    0.00   6.927E-01  -23.87  4.223E-05   66.58      6.03041E+00                 0.0001    -0.00   LINEAR
  166.00    0.00   7.895E-01  -34.22  3.606E-05   51.29      7.83286E+00                 0.0000     0.00   LINEAR
  168.00    0.00   8.802E-01  -44.99  3.038E-05   35.69      9.73672E+00                 0.0000     0.00   LINEAR
  170.00    0.00   9.624E-01  -56.13  2.522E-05   20.02      1.16380E+01                 0.0000     0.00   LINEAR
  172.00    0.00   1.033E+00  -67.60  2.055E-05    4.68      1.34198E+01                 0.0000     0.00   LINEAR
  174.00    0.00   1.091E+00  -79.36  1.626E-05   -9.76      1.49624E+01                 0.0000     0.00   LINEAR
  176.00    0.00   1.134E+00  -91.37  1.222E-05  -22.36      1.61557E+01                 0.0000     0.00   LINEAR
  178.00    0.00   1.160E+00 -103.63  8.325E-06  -31.02      1.69104E+01                 0.0000     0.00   LINEAR
  180.00    0.00   1.169E+00 -116.10  4.661E-06  -27.75      1.71687E+01                 0.0000     0.00   LINEAR
  182.00    0.00   1.160E+00 -128.77  2.872E-06   23.64      1.69105E+01                 0.0000    -0.00   LINEAR
  184.00    0.00   1.134E+00 -141.63  5.848E-06   61.22      1.61559E+01                 0.0000   180.00   LINEAR
  186.00    0.00   1.091E+00 -154.67  1.039E-05   63.06      1.49627E+01                 0.0000   180.00   LINEAR
  188.00    0.00   1.033E+00 -167.87  1.551E-05   57.85      1.34202E+01                 0.0000   180.00   LINEAR
  190.00    0.00   9.624E-01  178.76  2.112E-05   50.73      1.16384E+01                 0.0000   180.00   LINEAR
  192.00    0.00   8.803E-01  165.21  2.719E-05   42.93      9.73709E+00                 0.0000   180.00   LINEAR
  194.00    0.00   7.895E-01  151.48  3.370E-05   34.83      7.83320E+00                 0.0000   180.00   LINEAR
  196.00    0.00   6.928E-01  137.53  4.059E-05   26.52      6.03068E+00                 0.0001   180.00   LINEAR
  198.00    0.00   5.926E-01  123.30  4.774E-05   18.07      4.41249E+00                 0.0001   180.00   LINEAR
  200.00    0.00   4.915E-01  108.66  5.499E-05    9.48      3.03596E+00                 0.0001   180.00   LINEAR
  202.00    0.00   3.921E-01   93.39  6.214E-05    0.78      1.93166E+00                 0.0002   180.00   LINEAR
  204.00    0.00   2.966E-01   76.94  6.894E-05   -8.01      1.10516E+00                 0.0002  -180.00   LINEAR
  206.00    0.00   2.075E-01   58.03  7.515E-05  -16.84      5.41144E-01                 0.0003  -179.99   LINEAR
  208.00    0.00   1.289E-01   32.64  8.050E-05  -25.69      2.08764E-01                 0.0005     0.02   LINEAR
  210.00    0.00   7.330E-02  -13.63  8.476E-05  -34.51      6.75231E-02                 0.0004     0.06   LINEAR
  212.00    0.00   7.608E-02  -82.82  8.771E-05  -43.26      7.27368E-02                 0.0007     0.05   LINEAR
  214.00    0.00   1.197E-01 -122.23  8.919E-05  -51.90      1.80140E-01                 0.0007     0.01   LINEAR
  216.00    0.00   1.667E-01 -145.03  8.909E-05  -60.39      3.49317E-01                 0.0005  -180.00   LINEAR
  218.00    0.00   2.084E-01 -162.41  8.735E-05  -68.68      5.45901E-01                 0.0004   180.00   LINEAR
  220.00    0.00   2.431E-01 -177.44  8.398E-05  -76.74      7.42649E-01                 0.0003   180.00   LINEAR
  222.00    0.00   2.705E-01  168.82  7.904E-05  -84.49      9.19615E-01                 0.0003   180.00   LINEAR
  224.00    0.00   2.909E-01  155.94  7.264E-05  -91.88      1.06367E+00                 0.0002   179.99   LINEAR
  226.00    0.00   3.048E-01  143.71  6.493E-05  -98.81      1.16760E+00                 0.0002   179.99   LINEAR
  228.00    0.00   3.127E-01  132.04  5.610E-05 -105.13      1.22903E+00                 0.0002   179.99   LINEAR
  230.00    0.00   3.153E-01  120.87  4.640E-05 -110.58      1.24928E+00                 0.0001   179.99   LINEAR
  232.00    0.00   3.132E-01  110.17  3.606E-05 -114.58      1.23232E+00                 0.0001   180.00   LINEAR
  234.00    0.00   3.069E-01   99.94  2.544E-05 -115.66      1.18376E+00                 0.0000   180.00   LINEAR
  236.00    0.00   2.972E-01   90.14  1.516E-05 -108.41      1.11012E+00                 0.0000   180.00   LINEAR
  238.00    0.00   2.846E-01   80.79  8.143E-06  -67.17      1.01814E+00                 0.0000   180.00   LINEAR
  240.00    0.00   2.697E-01   71.87  1.252E-05  -11.46      9.14321E-01                 0.0000  -180.00   LINEAR
  242.00    0.00   2.530E-01   63.36  2.201E-05    1.71      8.04590E-01                 0.0001  -180.00   LINEAR
  244.00    0.00   2.350E-01   55.25  3.195E-05    3.66      6.94049E-01                 0.0001  -180.00   LINEAR
  246.00    0.00   2.161E-01   47.51  4.156E-05    2.59      5.86885E-01                 0.0001  -179.99   LINEAR
  248.00    0.00   1.967E-01   40.12  5.060E-05    0.52      4.86328E-01                 0.0002     0.01   LINEAR
  250.00    0.00   1.772E-01   33.00  5.896E-05   -1.85      3.94691E-01                 0.0002     0.02   LINEAR
  252.00    0.00   1.579E-01   26.10  6.658E-05   -4.22      3.13446E-01                 0.0002     0.02   LINEAR
  254.00    0.00   1.392E-01   19.29  7.341E-05   -6.41      2.43335E-01                 0.0002     0.03   LINEAR
  256.00    0.00   1.212E-01   12.43  7.944E-05   -8.34      1.84501E-01                 0.0002     0.04   LINEAR
  258.00    0.00   1.043E-01    5.29  8.467E-05   -9.95      1.36610E-01                 0.0002     0.04   LINEAR
  260.00    0.00   8.875E-02   -2.47  8.911E-05  -11.20      9.89765E-02                 0.0002     0.06   LINEAR
  262.00    0.00   7.499E-02  -11.28  9.279E-05  -12.07      7.06744E-02                 0.0000     0.07   LINEAR
  264.00    0.00   6.348E-02  -21.68  9.573E-05  -12.54      5.06323E-02                 0.0002     0.09   LINEAR
  266.00    0.00   5.478E-02  -34.03  9.796E-05  -12.58      3.77113E-02                 0.0007     0.10   LINEAR
  268.00    0.00   4.948E-02  -48.03  9.951E-05  -12.19      3.07677E-02                 0.0012     0.09   LINEAR
  270.00    0.00   4.779E-02  -62.18  1.004E-04  -11.35      2.87010E-02                 0.0016     0.08   LINEAR
  272.00    0.00   4.926E-02  -74.40  1.007E-04  -10.06      3.04897E-02                 0.0018     0.05   LINEAR
  274.00    0.00   5.294E-02  -83.38  1.004E-04   -8.30      3.52179E-02                 0.0018     0.03   LINEAR
  276.00    0.00   5.788E-02  -88.96  9.946E-05   -6.07      4.20953E-02                 0.0017     0.01   LINEAR
  278.00    0.00   6.338E-02  -91.57  9.799E-05   -3.36      5.04716E-02                 0.0015     0.00   LINEAR
  280.00    0.00   6.901E-02  -91.72  9.598E-05   -0.17      5.98484E-02                 0.0014    -0.00   LINEAR
  282.00    0.00   7.457E-02  -89.84  9.342E-05    3.52      6.98863E-02                 0.0013    -0.00   LINEAR
  284.00    0.00   7.999E-02  -86.25  9.033E-05    7.71      8.04084E-02                 0.0011    -0.00   LINEAR
  286.00    0.00   8.528E-02  -81.18  8.672E-05   12.40      9.13973E-02                 0.0010    -0.00   LINEAR
  288.00    0.00   9.053E-02  -74.84  8.258E-05   17.60      1.02983E-01                 0.0009    -0.00   LINEAR
  290.00    0.00   9.584E-02  -67.37  7.794E-05   23.31      1.15418E-01                 0.0008    -0.00   LINEAR
  292.00    0.00   1.013E-01  -58.93  7.278E-05   29.53      1.29037E-01                 0.0007     0.00   LINEAR
  294.00    0.00   1.071E-01  -49.69  6.712E-05   36.25      1.44195E-01                 0.0006     0.00   LINEAR
  296.00    0.00   1.133E-01  -39.78  6.096E-05   43.48      1.61189E-01                 0.0005     0.00   LINEAR
  298.00    0.00   1.197E-01  -29.35  5.430E-05   51.19      1.80162E-01                 0.0004     0.00   LINEAR
  300.00    0.00   1.265E-01  -18.53  4.714E-05   59.36      2.00990E-01                 0.0004     0.00   LINEAR
  302.00    0.00   1.333E-01   -7.41  3.947E-05   67.93      2.23175E-01                 0.0003     0.00   LINEAR
  304.00    0.00   1.398E-01    3.93  3.129E-05   76.80      2.45755E-01                 0.0002     0.00   LINEAR
  306.00    0.00   1.458E-01   15.44  2.260E-05   85.72      2.67247E-01                 0.0001     0.00   LINEAR
  308.00    0.00   1.508E-01   27.10  1.338E-05   93.75      2.85661E-01                 0.0001     0.00   LINEAR
  310.00    0.00   1.541E-01   38.89  3.736E-06   90.01      2.98597E-01                 0.0000     0.00   LINEAR
  312.00    0.00   1.554E-01   50.83  6.971E-06  -48.69      3.03462E-01                 0.0000   180.00   LINEAR
  314.00    0.00   1.539E-01   62.96  1.784E-05  -43.75      2.97793E-01                 0.0001   180.00   LINEAR
  316.00    0.00   1.492E-01   75.31  2.932E-05  -33.71      2.79711E-01                 0.0002   180.00   LINEAR
  318.00    0.00   1.406E-01   87.97  4.132E-05  -22.55      2.48451E-01                 0.0003   179.99   LINEAR
  320.00    0.00   1.277E-01  101.08  5.375E-05  -10.87      2.04944E-01                 0.0004   179.99   LINEAR
  322.00    0.00   1.101E-01  114.94  6.650E-05    1.14      1.52356E-01                 0.0006   179.99   LINEAR
  324.00    0.00   8.763E-02  130.24  7.937E-05   13.38      9.65053E-02                 0.0008   179.98   LINEAR
  326.00    0.00   6.053E-02  149.27  9.214E-05   25.80      4.60483E-02                 0.0013   179.95   LINEAR
  328.00    0.00   3.135E-02 -175.86  1.045E-04   38.35      1.23501E-02                 0.0019   179.84   LINEAR
  330.00    0.00   2.669E-02  -79.45  1.162E-04   51.02      8.95285E-03                 0.0033    -0.16   LINEAR
  332.00    0.00   6.347E-02  -33.20  1.267E-04   63.77      5.06198E-02                 0.0020    -0.01   LINEAR
  334.00    0.00   1.100E-01  -11.93  1.356E-04   76.59      1.51977E-01                 0.0012     0.00   LINEAR
  336.00    0.00   1.610E-01    4.51  1.426E-04   89.48      3.25841E-01                 0.0009     0.00   LINEAR
  338.00    0.00   2.151E-01   19.34  1.471E-04  102.43      5.81399E-01                 0.0007     0.00   LINEAR
  340.00    0.00   2.709E-01   33.48  1.489E-04  115.42      9.22439E-01                 0.0005     0.00   LINEAR
  342.00    0.00   3.273E-01   47.25  1.476E-04  128.45      1.34590E+00                 0.0004  -180.00   LINEAR
  344.00    0.00   3.827E-01   60.80  1.430E-04  141.53      1.84094E+00                 0.0004  -180.00   LINEAR
  346.00    0.00   4.360E-01   74.21  1.349E-04  154.64      2.38883E+00                 0.0003  -180.00   LINEAR
  348.00    0.00   4.856E-01   87.50  1.234E-04  167.79      2.96364E+00                 0.0003  -180.00   LINEAR
  350.00    0.00   5.303E-01  100.70  1.085E-04 -179.00      3.53392E+00                 0.0002  -180.00   LINEAR
  352.00    0.00   5.688E-01  113.80  9.051E-05 -165.71      4.06516E+00                 0.0002  -180.00   LINEAR
  354.00    0.00   5.999E-01  126.80  6.991E-05 -152.24      4.52275E+00                 0.0001  -180.00   LINEAR
  356.00    0.00   6.229E-01  139.70  4.717E-05 -138.29      4.87532E+00                 0.0001  -180.00   LINEAR
  358.00    0.00   6.369E-01  152.47  2.296E-05 -122.20      5.09777E+00                 0.0000  -180.00   LINEAR
  360.00    0.00   6.417E-01  165.12  3.343E-06   17.23      5.17394E+00                 0.0000   180.00   LINEAR