  0.00    0.00   1.491E-01   14.20  2.800E-08   70.76      2.79386E-01                 0.0000     0.00   LINEAR
    2.00    0.00   1.480E-01   26.76  3.009E-08   80.14      2.75322E-01                 0.0000     0.00   LINEAR
    4.00    0.00   1.448E-01   39.29  3.171E-08   89.63      2.63425E-01                 0.0000     0.00   LINEAR
    6.00    0.00   1.395E-01   51.76  3.275E-08   99.09      2.44541E-01                 0.0000  -180.00   LINEAR
    8.00    0.00   1.323E-01   64.17  3.317E-08  108.37      2.19988E-01                 0.0000  -180.00   LINEAR
   10.00    0.00   1.234E-01   76.50  3.293E-08  117.33      1.91419E-01                 0.0000  -180.00   LINEAR
   12.00    0.00   1.131E-01   88.72  3.205E-08  125.80      1.60663E-01                 0.0000  -180.00   LINEAR
   14.00    0.00   1.015E-01  100.82  3.057E-08  133.58      1.29558E-01                 0.0000  -180.00   LINEAR
   16.00    0.00   8.912E-02  112.78  2.859E-08  140.40      9.97969E-02                 0.0000  -180.00   LINEAR
   18.00    0.00   7.611E-02  124.56  2.625E-08  145.91      7.27935E-02                 0.0000  -180.00   LINEAR
   20.00    0.00   6.282E-02  136.12  2.373E-08  149.63      4.95983E-02                 0.0000  -180.00   LINEAR
   22.00    0.00   4.955E-02  147.41  2.132E-08  151.00      3.08540E-02                 0.0000  -180.00   LINEAR
   24.00    0.00   3.656E-02  158.30  1.935E-08  149.55      1.67969E-02                 0.0000  -180.00   LINEAR
   26.00    0.00   2.410E-02  168.46  1.823E-08  145.47      7.29744E-03                 0.0000  -180.00   LINEAR
   28.00    0.00   1.239E-02  176.44  1.823E-08  140.13      1.92832E-03                 0.0000  -180.00   LINEAR
   30.00    0.00   1.998E-03  150.66  1.938E-08  135.58      5.01546E-05                 0.0000  -180.00   LINEAR
   32.00    0.00   8.471E-03   33.44  2.141E-08  133.22      9.01640E-04                 0.0000    -0.00   LINEAR
   34.00    0.00   1.712E-02   39.12  2.397E-08  133.26      3.68435E-03                 0.0000    -0.00   LINEAR
   36.00    0.00   2.465E-02   47.84  2.675E-08  135.26      7.63440E-03                 0.0000  -180.00   LINEAR
   38.00    0.00   3.100E-02   57.04  2.952E-08  138.67      1.20763E-02                 0.0000  -180.00   LINEAR
   40.00    0.00   3.619E-02   66.25  3.213E-08  143.02      1.64572E-02                 0.0000  -180.00   LINEAR
   42.00    0.00   4.025E-02   75.31  3.447E-08  147.96      2.03628E-02                 0.0000  -180.00   LINEAR
   44.00    0.00   4.326E-02   84.14  3.649E-08  153.25      2.35172E-02                 0.0000  -180.00   LINEAR
   46.00    0.00   4.529E-02   92.72  3.816E-08  158.71      2.57710E-02                 0.0000  -180.00   LINEAR
   48.00    0.00   4.642E-02  101.01  3.946E-08  164.22      2.70808E-02                 0.0000  -180.00   LINEAR
   50.00    0.00   4.677E-02  109.00  4.039E-08  169.70      2.74859E-02                 0.0000  -180.00   LINEAR
   52.00    0.00   4.642E-02  116.67  4.099E-08  175.06      2.70837E-02                 0.0000  -180.00   LINEAR
   54.00    0.00   4.549E-02  124.00  4.126E-08 -179.74      2.60067E-02                 0.0000  -180.00   LINEAR
   56.00    0.00   4.407E-02  130.98  4.125E-08 -174.73      2.44032E-02                 0.0000  -180.00   LINEAR
   58.00    0.00   4.224E-02  137.62  4.098E-08 -169.96      2.24224E-02                 0.0000  -180.00   LINEAR
   60.00    0.00   4.010E-02  143.89  4.049E-08 -165.44      2.02034E-02                 0.0000  -180.00   LINEAR
   62.00    0.00   3.771E-02  149.78  3.982E-08 -161.19      1.78682E-02                 0.0000  -180.00   LINEAR
   64.00    0.00   3.514E-02  155.30  3.900E-08 -157.22      1.55181E-02                 0.0000  -180.00   LINEAR
   66.00    0.00   3.245E-02  160.43  3.807E-08 -153.54      1.32333E-02                 0.0000  -180.00   LINEAR
   68.00    0.00   2.968E-02  165.18  3.706E-08 -150.17      1.10731E-02                 0.0000  -180.00   LINEAR
   70.00    0.00   2.688E-02  169.52  3.600E-08 -147.09      9.07888E-03                 0.0000  -180.00   LINEAR
   72.00    0.00   2.406E-02  173.47  3.492E-08 -144.31      7.27651E-03                 0.0000  -180.00   LINEAR
   74.00    0.00   2.126E-02  177.01  3.384E-08 -141.82      5.67963E-03                 0.0000  -180.00   LINEAR
   76.00    0.00   1.848E-02 -179.86  3.278E-08 -139.62      4.29267E-03                 0.0000  -180.00   LINEAR
   78.00    0.00   1.574E-02 -177.14  3.176E-08 -137.69      3.11358E-03                 0.0000  -180.00   LINEAR
   80.00    0.00   1.304E-02 -174.83  3.079E-08 -136.03      2.13630E-03                 0.0000  -180.00   LINEAR
   82.00    0.00   1.038E-02 -172.94  2.990E-08 -134.63      1.35270E-03                 0.0000  -180.00   LINEAR
   84.00    0.00   7.747E-03 -171.47  2.909E-08 -133.46      7.54213E-04                 0.0000  -180.00   LINEAR
   86.00    0.00   5.148E-03 -170.42  2.836E-08 -132.52      3.33009E-04                 0.0000  -180.00   LINEAR
   88.00    0.00   2.569E-03 -169.79  2.774E-08 -131.79      8.29157E-05                 0.0000  -180.00   LINEAR
   90.00    0.00   4.582E-08  118.58  2.722E-08 -131.27      3.56944E-14                 0.5264   163.84   LEFT  
   92.00    0.00   2.569E-03   10.22  2.681E-08 -130.94      8.29140E-05                 0.0000    -0.00   LINEAR
   94.00    0.00   5.148E-03    9.58  2.652E-08 -130.82      3.33007E-04                 0.0000    -0.00   LINEAR
   96.00    0.00   7.747E-03    8.53  2.634E-08 -130.91      7.54213E-04                 0.0000    -0.00   LINEAR
   98.00    0.00   1.038E-02    7.06  2.628E-08 -131.23      1.35271E-03                 0.0000    -0.00   LINEAR
  100.00    0.00   1.304E-02    5.17  2.635E-08 -131.79      2.13631E-03                 0.0000    -0.00   LINEAR
  102.00    0.00   1.574E-02    2.86  2.653E-08 -132.62      3.11361E-03                 0.0000    -0.00   LINEAR
  104.00    0.00   1.848E-02    0.14  2.683E-08 -133.75      4.29273E-03                 0.0000    -0.00   LINEAR
  106.00    0.00   2.126E-02   -2.99  2.723E-08 -135.23      5.67973E-03                 0.0000    -0.00   LINEAR
  108.00    0.00   2.406E-02   -6.53  2.774E-08 -137.07      7.27665E-03                 0.0000    -0.00   LINEAR
  110.00    0.00   2.688E-02  -10.48  2.832E-08 -139.32      9.07908E-03                 0.0000    -0.00   LINEAR
  112.00    0.00   2.968E-02  -14.82  2.897E-08 -141.99      1.10734E-02                 0.0000    -0.00   LINEAR
  114.00    0.00   3.245E-02  -19.57  2.967E-08 -145.13      1.32336E-02                 0.0000    -0.00   LINEAR
  116.00    0.00   3.514E-02  -24.70  3.038E-08 -148.74      1.55186E-02                 0.0000    -0.00   LINEAR
  118.00    0.00   3.771E-02  -30.22  3.108E-08 -152.84      1.78688E-02                 0.0000    -0.00   LINEAR
  120.00    0.00   4.010E-02  -36.11  3.175E-08 -157.44      2.02041E-02                 0.0000    -0.00   LINEAR
  122.00    0.00   4.224E-02  -42.38  3.234E-08 -162.55      2.24232E-02                 0.0000    -0.00   LINEAR
  124.00    0.00   4.407E-02  -49.02  3.283E-08 -168.16      2.44041E-02                 0.0000    -0.00   LINEAR
  126.00    0.00   4.549E-02  -56.00  3.317E-08 -174.29      2.60077E-02                 0.0000    -0.00   LINEAR
  128.00    0.00   4.643E-02  -63.33  3.335E-08  179.08      2.70849E-02                 0.0000    -0.00   LINEAR
  130.00    0.00   4.677E-02  -71.00  3.331E-08  171.94      2.74872E-02                 0.0000    -0.00   LINEAR
  132.00    0.00   4.642E-02  -78.99  3.306E-08  164.29      2.70820E-02                 0.0000    -0.00   LINEAR
  134.00    0.00   4.529E-02  -87.28  3.255E-08  156.15      2.57722E-02                 0.0000    -0.00   LINEAR
  136.00    0.00   4.326E-02  -95.86  3.178E-08  147.50      2.35184E-02                 0.0000    -0.00   LINEAR
  138.00    0.00   4.026E-02 -104.69  3.074E-08  138.35      2.03639E-02                 0.0000    -0.00   LINEAR
  140.00    0.00   3.619E-02 -113.75  2.945E-08  128.70      1.64581E-02                 0.0000    -0.00   LINEAR
  142.00    0.00   3.100E-02 -122.96  2.790E-08  118.56      1.20770E-02                 0.0000    -0.00   LINEAR
  144.00    0.00   2.465E-02 -132.16  2.615E-08  107.91      7.63485E-03                 0.0000    -0.00   LINEAR
  146.00    0.00   1.712E-02 -140.88  2.421E-08   96.77      3.68458E-03                 0.0000   180.00   LINEAR
  148.00    0.00   8.471E-03 -146.56  2.214E-08   85.16      9.01702E-04                 0.0000   180.00   LINEAR
  150.00    0.00   1.998E-03  -29.34  1.999E-08   73.12      5.01528E-05                 0.0000    -0.00   LINEAR
  152.00    0.00   1.239E-02   -3.56  1.782E-08   60.72      1.92841E-03                 0.0000     0.00   LINEAR
  154.00    0.00   2.410E-02  -11.54  1.568E-08   48.11      7.29786E-03                 0.0000     0.00   LINEAR
  156.00    0.00   3.656E-02  -21.70  1.364E-08   35.56      1.67979E-02                 0.0000     0.00   LINEAR
  158.00    0.00   4.955E-02  -32.59  1.174E-08   23.50      3.08559E-02                 0.0000     0.00   LINEAR
  160.00    0.00   6.283E-02  -43.88  1.002E-08   12.62      4.96014E-02                 0.0000     0.00   LINEAR
  162.00    0.00   7.611E-02  -55.44  8.559E-09    3.98      7.27982E-02                 0.0000     0.00   LINEAR
  164.00    0.00   8.912E-02  -67.22  7.450E-09   -1.19      9.98034E-02                 0.0000     0.00   LINEAR
  166.00    0.00   1.015E-01  -79.18  6.878E-09   -2.29      1.29567E-01                 0.0000     0.00   LINEAR
  168.00    0.00   1.131E-01  -91.28  7.042E-09   -0.98      1.60673E-01                 0.0000    -0.00   LINEAR
  170.00    0.00   1.234E-01 -103.50  8.012E-09   -0.88      1.91432E-01                 0.0000    -0.00   LINEAR
  172.00    0.00   1.323E-01 -115.83  9.663E-09   -4.19      2.20003E-01                 0.0000    -0.00   LINEAR
  174.00    0.00   1.395E-01 -128.24  1.180E-08  -10.72      2.44558E-01                 0.0000    -0.00   LINEAR
  176.00    0.00   1.448E-01 -140.71  1.425E-08  -19.49      2.63443E-01                 0.0000   180.00   LINEAR
  178.00    0.00   1.480E-01 -153.24  1.686E-08  -29.62      2.75341E-01                 0.0000   180.00   LINEAR
  180.00    0.00   1.491E-01 -165.80  1.948E-08  -40.52      2.79406E-01                 0.0000   180.00   LINEAR
  182.00    0.00   1.480E-01 -178.39  2.200E-08  -51.82      2.75343E-01                 0.0000   180.00   LINEAR
  184.00    0.00   1.448E-01  169.03  2.427E-08  -63.28      2.63446E-01                 0.0000   180.00   LINEAR
  186.00    0.00   1.395E-01  156.45  2.619E-08  -74.74      2.44563E-01                 0.0000   180.00   LINEAR
  188.00    0.00   1.323E-01  143.90  2.765E-08  -86.08      2.20009E-01                 0.0000   180.00   LINEAR
  190.00    0.00   1.234E-01  131.39  2.857E-08  -97.21      1.91438E-01                 0.0000   180.00   LINEAR
  192.00    0.00   1.131E-01  118.92  2.889E-08 -108.01      1.60680E-01                 0.0000   180.00   LINEAR
  194.00    0.00   1.015E-01  106.52  2.857E-08 -118.40      1.29573E-01                 0.0000   180.00   LINEAR
  196.00    0.00   8.912E-02   94.18  2.760E-08 -128.23      9.98090E-02                 0.0000   180.00   LINEAR
  198.00    0.00   7.611E-02   81.91  2.602E-08 -137.31      7.28027E-02                 0.0000   180.00   LINEAR
  200.00    0.00   6.283E-02   69.70  2.390E-08 -145.35      4.96049E-02                 0.0000   180.00   LINEAR
  202.00    0.00   4.955E-02   57.51  2.135E-08 -151.93      3.08583E-02                 0.0000   180.00   LINEAR
  204.00    0.00   3.656E-02   45.24  1.854E-08 -156.31      1.67994E-02                 0.0000   180.00   LINEAR
  206.00    0.00   2.410E-02   32.61  1.574E-08 -157.36      7.29863E-03                 0.0000    -0.00   LINEAR
  208.00    0.00   1.239E-02   18.18  1.336E-08 -153.55      1.92870E-03                 0.0000    -0.00   LINEAR
  210.00    0.00   1.999E-03  -29.62  1.204E-08 -144.22      5.02179E-05                 0.0000    -0.00   LINEAR
  212.00    0.00   8.471E-03 -168.36  1.230E-08 -132.47      9.01802E-04                 0.0000  -180.00   LINEAR
  214.00    0.00   1.712E-02  176.23  1.408E-08 -123.78      3.68493E-03                 0.0000  -180.00   LINEAR
  216.00    0.00   2.465E-02  164.35  1.682E-08 -120.12      7.63562E-03                 0.0000  -180.00   LINEAR
  218.00    0.00   3.100E-02  153.46  1.999E-08 -120.40      1.20782E-02                 0.0000  -180.00   LINEAR
  220.00    0.00   3.619E-02  143.12  2.323E-08 -123.15      1.64599E-02                 0.0000   180.00   LINEAR
  222.00    0.00   4.026E-02  133.20  2.635E-08 -127.34      2.03663E-02                 0.0000   180.00   LINEAR
  224.00    0.00   4.326E-02  123.64  2.922E-08 -132.33      2.35214E-02                 0.0000   180.00   LINEAR
  226.00    0.00   4.529E-02  114.44  3.176E-08 -137.75      2.57756E-02                 0.0000   180.00   LINEAR
  228.00    0.00   4.643E-02  105.58  3.394E-08 -143.36      2.70857E-02                 0.0000   180.00   LINEAR
  230.00    0.00   4.677E-02   97.07  3.574E-08 -148.98      2.74910E-02                 0.0000   180.00   LINEAR
  232.00    0.00   4.643E-02   88.91  3.716E-08 -154.52      2.70888E-02                 0.0000   180.00   LINEAR
  234.00    0.00   4.550E-02   81.10  3.822E-08 -159.90      2.60116E-02                 0.0000   180.00   LINEAR
  236.00    0.00   4.407E-02   73.66  3.893E-08 -165.07      2.44078E-02                 0.0000   180.00   LINEAR
  238.00    0.00   4.225E-02   66.60  3.932E-08 -169.98      2.24267E-02                 0.0000   180.00   LINEAR
  240.00    0.00   4.010E-02   59.91  3.943E-08 -174.62      2.02073E-02                 0.0000   180.00   LINEAR
  242.00    0.00   3.771E-02   53.62  3.930E-08 -178.96      1.78716E-02                 0.0000   180.00   LINEAR
  244.00    0.00   3.514E-02   47.72  3.896E-08  177.01      1.55211E-02                 0.0000   180.00   LINEAR
  246.00    0.00   3.245E-02   42.23  3.846E-08  173.31      1.32358E-02                 0.0000    -0.00   LINEAR
  248.00    0.00   2.969E-02   37.14  3.781E-08  169.93      1.10752E-02                 0.0000    -0.00   LINEAR
  250.00    0.00   2.688E-02   32.48  3.706E-08  166.87      9.08064E-03                 0.0000    -0.00   LINEAR
  252.00    0.00   2.407E-02   28.23  3.625E-08  164.13      7.27792E-03                 0.0000    -0.00   LINEAR
  254.00    0.00   2.126E-02   24.42  3.538E-08  161.70      5.68073E-03                 0.0000    -0.00   LINEAR
  256.00    0.00   1.848E-02   21.05  3.450E-08  159.58      4.29349E-03                 0.0000    -0.00   LINEAR
  258.00    0.00   1.574E-02   18.11  3.361E-08  157.76      3.11417E-03                 0.0000    -0.00   LINEAR
  260.00    0.00   1.304E-02   15.62  3.274E-08  156.21      2.13670E-03                 0.0000    -0.00   LINEAR
  262.00    0.00   1.038E-02   13.57  3.190E-08  154.94      1.35295E-03                 0.0000    -0.00   LINEAR
  264.00    0.00   7.748E-03   11.98  3.111E-08  153.91      7.54352E-04                 0.0000    -0.00   LINEAR
  266.00    0.00   5.148E-03   10.84  3.038E-08  153.12      3.33069E-04                 0.0000    -0.00   LINEAR
  268.00    0.00   2.569E-03   10.16  2.971E-08  152.55      8.29301E-05                 0.0000    -0.00   LINEAR
  270.00    0.00   4.210E-08   96.32  2.911E-08  152.19      3.29222E-14                 0.4743  -151.97   LEFT  
  272.00    0.00   2.569E-03 -169.85  2.859E-08  152.04      8.29296E-05                 0.0000  -180.00   LINEAR
  274.00    0.00   5.148E-03 -169.16  2.815E-08  152.10      3.33067E-04                 0.0000  -180.00   LINEAR
  276.00    0.00   7.748E-03 -168.02  2.780E-08  152.36      7.54345E-04                 0.0000  -180.00   LINEAR
  278.00    0.00   1.038E-02 -166.43  2.755E-08  152.84      1.35294E-03                 0.0000  -180.00   LINEAR
  280.00    0.00   1.304E-02 -164.38  2.738E-08  153.55      2.13667E-03                 0.0000  -180.00   LINEAR
  282.00    0.00   1.574E-02 -161.89  2.731E-08  154.52      3.11412E-03                 0.0000  -180.00   LINEAR
  284.00    0.00   1.848E-02 -158.95  2.733E-08  155.78      4.29341E-03                 0.0000  -180.00   LINEAR
  286.00    0.00   2.126E-02 -155.58  2.743E-08  157.37      5.68061E-03                 0.0000  -180.00   LINEAR
  288.00    0.00   2.407E-02 -151.77  2.760E-08  159.31      7.27775E-03                 0.0000  -180.00   LINEAR
  290.00    0.00   2.688E-02 -147.52  2.783E-08  161.65      9.08041E-03                 0.0000  -180.00   LINEAR
  292.00    0.00   2.969E-02 -142.86  2.810E-08  164.43      1.10749E-02                 0.0000  -180.00   LINEAR
  294.00    0.00   3.245E-02 -137.77  2.840E-08  167.67      1.32355E-02                 0.0000  -180.00   LINEAR
  296.00    0.00   3.514E-02 -132.28  2.869E-08  171.41      1.55207E-02                 0.0000     0.00   LINEAR
  298.00    0.00   3.771E-02 -126.38  2.896E-08  175.68      1.78710E-02                 0.0000     0.00   LINEAR
  300.00    0.00   4.010E-02 -120.08  2.916E-08 -179.51      2.02066E-02                 0.0000     0.00   LINEAR
  302.00    0.00   4.224E-02 -113.40  2.927E-08 -174.13      2.24259E-02                 0.0000     0.00   LINEAR
  304.00    0.00   4.407E-02 -106.34  2.927E-08 -168.18      2.44068E-02                 0.0000     0.00   LINEAR
  306.00    0.00   4.550E-02  -98.90  2.912E-08 -161.64      2.60105E-02                 0.0000     0.00   LINEAR
  308.00    0.00   4.643E-02  -91.09  2.881E-08 -154.49      2.70876E-02                 0.0000     0.00   LINEAR
  310.00    0.00   4.677E-02  -82.93  2.832E-08 -146.73      2.74897E-02                 0.0000     0.00   LINEAR
  312.00    0.00   4.643E-02  -74.42  2.763E-08 -138.34      2.70844E-02                 0.0000     0.00   LINEAR
  314.00    0.00   4.529E-02  -65.56  2.676E-08 -129.31      2.57743E-02                 0.0000     0.00   LINEAR
  316.00    0.00   4.326E-02  -56.36  2.572E-08 -119.61      2.35201E-02                 0.0000     0.00   LINEAR
  318.00    0.00   4.026E-02  -46.80  2.451E-08 -109.23      2.03652E-02                 0.0000     0.00   LINEAR
  320.00    0.00   3.619E-02  -36.88  2.319E-08  -98.17      1.64590E-02                 0.0000     0.00   LINEAR
  322.00    0.00   3.100E-02  -26.54  2.178E-08  -86.43      1.20776E-02                 0.0000     0.00   LINEAR
  324.00    0.00   2.465E-02  -15.65  2.034E-08  -74.04      7.63517E-03                 0.0000     0.00   LINEAR
  326.00    0.00   1.712E-02   -3.77  1.892E-08  -61.08      3.68470E-03                 0.0000     0.00   LINEAR
  328.00    0.00   8.471E-03   11.64  1.755E-08  -47.71      9.01742E-04                 0.0000     0.00   LINEAR
  330.00    0.00   1.999E-03  150.38  1.627E-08  -34.17      5.02192E-05                 0.0000   180.00   LINEAR
  332.00    0.00   1.239E-02 -161.82  1.509E-08  -20.81      1.92860E-03                 0.0000   180.00   LINEAR
  334.00    0.00   2.410E-02 -147.39  1.403E-08   -8.07      7.29820E-03                 0.0000   180.00   LINEAR
  336.00    0.00   3.656E-02 -134.76  1.307E-08    3.50      1.67984E-02                 0.0000    -0.00   LINEAR
  338.00    0.00   4.955E-02 -122.49  1.222E-08   13.31      3.08564E-02                 0.0000    -0.00   LINEAR
  340.00    0.00   6.283E-02 -110.30  1.154E-08   20.79      4.96017E-02                 0.0000    -0.00   LINEAR
  342.00    0.00   7.611E-02  -98.09  1.113E-08   25.62      7.27980E-02                 0.0000    -0.00   LINEAR
  344.00    0.00   8.912E-02  -85.82  1.116E-08   28.06      9.98024E-02                 0.0000    -0.00   LINEAR
  346.00    0.00   1.015E-01  -73.48  1.179E-08   29.28      1.29564E-01                 0.0000    -0.00   LINEAR
  348.00    0.00   1.131E-01  -61.08  1.310E-08   30.86      1.60669E-01                 0.0000    -0.00   LINEAR
  350.00    0.00   1.234E-01  -48.61  1.502E-08   33.97      1.91425E-01                 0.0000     0.00   LINEAR
  352.00    0.00   1.323E-01  -36.10  1.741E-08   38.91      2.19994E-01                 0.0000     0.00   LINEAR
  354.00    0.00   1.395E-01  -23.55  2.007E-08   45.43      2.44546E-01                 0.0000     0.00   LINEAR
  356.00    0.00   1.448E-01  -10.97  2.284E-08   53.15      2.63428E-01                 0.0000     0.00   LINEAR
  358.00    0.00   1.480E-01    1.61  2.553E-08   61.69      2.75324E-01                 0.0000     0.00   LINEAR
  360.00    0.00   1.491E-01   14.20  2.800E-08   70.76      2.79386E-01                 0.0000     0.00   LINEAR