 0.00    0.00   4.517E-01   46.62  0.000E+00    0.00      2.56435E+00                 0.0000   180.00   LINEAR
    2.00    0.00   4.485E-01   59.16  0.000E+00    0.00      2.52739E+00                 0.0000   180.00   LINEAR
    4.00    0.00   4.388E-01   71.61  0.000E+00    0.00      2.41919E+00                 0.0000   180.00   LINEAR
    6.00    0.00   4.229E-01   83.97  0.000E+00    0.00      2.24746E+00                 0.0000   180.00   LINEAR
    8.00    0.00   4.013E-01   96.21  0.000E+00    0.00      2.02419E+00                 0.0000   180.00   LINEAR
   10.00    0.00   3.747E-01  108.32  0.000E+00    0.00      1.76438E+00                 0.0000   180.00   LINEAR
   12.00    0.00   3.437E-01  120.27  0.000E+00    0.00      1.48463E+00                 0.0000   180.00   LINEAR
   14.00    0.00   3.092E-01  132.03  0.000E+00    0.00      1.20158E+00                 0.0000   180.00   LINEAR
   16.00    0.00   2.721E-01  143.59  0.000E+00    0.00      9.30458E-01                 0.0000   180.00   LINEAR
   18.00    0.00   2.333E-01  154.88  0.000E+00    0.00      6.83984E-01                 0.0000   180.00   LINEAR
   20.00    0.00   1.937E-01  165.86  0.000E+00    0.00      4.71554E-01                 0.0000   180.00   LINEAR
   22.00    0.00   1.542E-01  176.42  0.000E+00    0.00      2.98883E-01                 0.0000   180.00   LINEAR
   24.00    0.00   1.156E-01 -173.66  0.000E+00    0.00      1.68053E-01                 0.0000   180.00   LINEAR
   26.00    0.00   7.873E-02 -164.93  0.000E+00    0.00      7.78915E-02                 0.0000   180.00   LINEAR
   28.00    0.00   4.425E-02 -159.46  0.000E+00    0.00      2.46054E-02                 0.0000   180.00   LINEAR
   30.00    0.00   1.426E-02 -176.08  0.000E+00    0.00      2.55462E-03                 0.0000   180.00   LINEAR
   32.00    0.00   2.006E-02   78.76  0.000E+00    0.00      5.05439E-03                 0.0000   180.00   LINEAR
   34.00    0.00   4.471E-02   73.73  0.000E+00    0.00      2.51204E-02                 0.0000   180.00   LINEAR
   36.00    0.00   6.681E-02   79.43  0.000E+00    0.00      5.60899E-02                 0.0000   180.00   LINEAR
   38.00    0.00   8.560E-02   86.96  0.000E+00    0.00      9.20802E-02                 0.0000   180.00   LINEAR
   40.00    0.00   1.010E-01   94.97  0.000E+00    0.00      1.28276E-01                 0.0000   180.00   LINEAR
   42.00    0.00   1.132E-01  103.03  0.000E+00    0.00      1.61056E-01                 0.0000   180.00   LINEAR
   44.00    0.00   1.223E-01  110.98  0.000E+00    0.00      1.87981E-01                 0.0000   180.00   LINEAR
   46.00    0.00   1.286E-01  118.73  0.000E+00    0.00      2.07688E-01                 0.0000   180.00   LINEAR
   48.00    0.00   1.322E-01  126.24  0.000E+00    0.00      2.19717E-01                 0.0000   180.00   LINEAR
   50.00    0.00   1.336E-01  133.47  0.000E+00    0.00      2.24308E-01                 0.0000   180.00   LINEAR
   52.00    0.00   1.330E-01  140.40  0.000E+00    0.00      2.22193E-01                 0.0000   180.00   LINEAR
   54.00    0.00   1.306E-01  147.02  0.000E+00    0.00      2.14413E-01                 0.0000   180.00   LINEAR
   56.00    0.00   1.268E-01  153.31  0.000E+00    0.00      2.02148E-01                 0.0000   180.00   LINEAR
   58.00    0.00   1.219E-01  159.27  0.000E+00    0.00      1.86601E-01                 0.0000   180.00   LINEAR
   60.00    0.00   1.159E-01  164.89  0.000E+00    0.00      1.68904E-01                 0.0000   180.00   LINEAR
   62.00    0.00   1.093E-01  170.16  0.000E+00    0.00      1.50058E-01                 0.0000   180.00   LINEAR
   64.00    0.00   1.021E-01  175.08  0.000E+00    0.00      1.30907E-01                 0.0000   180.00   LINEAR
   66.00    0.00   9.446E-02  179.64  0.000E+00    0.00      1.12127E-01                 0.0000   180.00   LINEAR
   68.00    0.00   8.659E-02 -176.16  0.000E+00    0.00      9.42307E-02                 0.0000   180.00   LINEAR
   70.00    0.00   7.857E-02 -172.31  0.000E+00    0.00      7.75851E-02                 0.0000   180.00   LINEAR
   72.00    0.00   7.049E-02 -168.83  0.000E+00    0.00      6.24332E-02                 0.0000   180.00   LINEAR
   74.00    0.00   6.239E-02 -165.72  0.000E+00    0.00      4.89169E-02                 0.0000   180.00   LINEAR
   76.00    0.00   5.434E-02 -162.96  0.000E+00    0.00      3.71013E-02                 0.0000   180.00   LINEAR
   78.00    0.00   4.635E-02 -160.58  0.000E+00    0.00      2.69960E-02                 0.0000   180.00   LINEAR
   80.00    0.00   3.845E-02 -158.56  0.000E+00    0.00      1.85742E-02                 0.0000   180.00   LINEAR
   82.00    0.00   3.063E-02 -156.91  0.000E+00    0.00      1.17888E-02                 0.0000   180.00   LINEAR
   84.00    0.00   2.289E-02 -155.62  0.000E+00    0.00      6.58530E-03                 0.0000   180.00   LINEAR
   86.00    0.00   1.522E-02 -154.71  0.000E+00    0.00      2.91158E-03                 0.0000   180.00   LINEAR
   88.00    0.00   7.599E-03 -154.15  0.000E+00    0.00      7.25548E-04                 0.0000   180.00   LINEAR
   90.00    0.00   1.332E-17 -153.97  0.000E+00    0.00      2.23017E-33                 0.0000   180.00   LINEAR
   92.00    0.00   7.599E-03   25.85  0.000E+00    0.00      7.25548E-04                 0.0000     0.00   LINEAR
   94.00    0.00   1.522E-02   25.29  0.000E+00    0.00      2.91158E-03                 0.0000     0.00   LINEAR
   96.00    0.00   2.289E-02   24.38  0.000E+00    0.00      6.58530E-03                 0.0000     0.00   LINEAR
   98.00    0.00   3.063E-02   23.09  0.000E+00    0.00      1.17888E-02                 0.0000     0.00   LINEAR
  100.00    0.00   3.845E-02   21.44  0.000E+00    0.00      1.85742E-02                 0.0000     0.00   LINEAR
  102.00    0.00   4.635E-02   19.42  0.000E+00    0.00      2.69960E-02                 0.0000     0.00   LINEAR
  104.00    0.00   5.434E-02   17.04  0.000E+00    0.00      3.71013E-02                 0.0000     0.00   LINEAR
  106.00    0.00   6.239E-02   14.28  0.000E+00    0.00      4.89169E-02                 0.0000     0.00   LINEAR
  108.00    0.00   7.049E-02   11.17  0.000E+00    0.00      6.24332E-02                 0.0000     0.00   LINEAR
  110.00    0.00   7.857E-02    7.69  0.000E+00    0.00      7.75851E-02                 0.0000     0.00   LINEAR
  112.00    0.00   8.659E-02    3.84  0.000E+00    0.00      9.42307E-02                 0.0000     0.00   LINEAR
  114.00    0.00   9.446E-02   -0.36  0.000E+00    0.00      1.12127E-01                 0.0000     0.00   LINEAR
  116.00    0.00   1.021E-01   -4.92  0.000E+00    0.00      1.30907E-01                 0.0000     0.00   LINEAR
  118.00    0.00   1.093E-01   -9.84  0.000E+00    0.00      1.50058E-01                 0.0000     0.00   LINEAR
  120.00    0.00   1.159E-01  -15.11  0.000E+00    0.00      1.68904E-01                 0.0000     0.00   LINEAR
  122.00    0.00   1.219E-01  -20.73  0.000E+00    0.00      1.86601E-01                 0.0000     0.00   LINEAR
  124.00    0.00   1.268E-01  -26.69  0.000E+00    0.00      2.02148E-01                 0.0000     0.00   LINEAR
  126.00    0.00   1.306E-01  -32.98  0.000E+00    0.00      2.14412E-01                 0.0000     0.00   LINEAR
  128.00    0.00   1.330E-01  -39.60  0.000E+00    0.00      2.22193E-01                 0.0000     0.00   LINEAR
  130.00    0.00   1.336E-01  -46.53  0.000E+00    0.00      2.24308E-01                 0.0000     0.00   LINEAR
  132.00    0.00   1.322E-01  -53.76  0.000E+00    0.00      2.19717E-01                 0.0000     0.00   LINEAR
  134.00    0.00   1.286E-01  -61.27  0.000E+00    0.00      2.07688E-01                 0.0000     0.00   LINEAR
  136.00    0.00   1.223E-01  -69.02  0.000E+00    0.00      1.87981E-01                 0.0000     0.00   LINEAR
  138.00    0.00   1.132E-01  -76.97  0.000E+00    0.00      1.61056E-01                 0.0000     0.00   LINEAR
  140.00    0.00   1.010E-01  -85.03  0.000E+00    0.00      1.28276E-01                 0.0000     0.00   LINEAR
  142.00    0.00   8.560E-02  -93.04  0.000E+00    0.00      9.20803E-02                 0.0000     0.00   LINEAR
  144.00    0.00   6.681E-02 -100.57  0.000E+00    0.00      5.60899E-02                 0.0000     0.00   LINEAR
  146.00    0.00   4.471E-02 -106.27  0.000E+00    0.00      2.51204E-02                 0.0000     0.00   LINEAR
  148.00    0.00   2.006E-02 -101.24  0.000E+00    0.00      5.05439E-03                 0.0000     0.00   LINEAR
  150.00    0.00   1.426E-02    3.92  0.000E+00    0.00      2.55462E-03                 0.0000     0.00   LINEAR
  152.00    0.00   4.425E-02   20.54  0.000E+00    0.00      2.46054E-02                 0.0000     0.00   LINEAR
  154.00    0.00   7.873E-02   15.07  0.000E+00    0.00      7.78915E-02                 0.0000     0.00   LINEAR
  156.00    0.00   1.156E-01    6.34  0.000E+00    0.00      1.68054E-01                 0.0000     0.00   LINEAR
  158.00    0.00   1.542E-01   -3.58  0.000E+00    0.00      2.98884E-01                 0.0000     0.00   LINEAR
  160.00    0.00   1.937E-01  -14.14  0.000E+00    0.00      4.71554E-01                 0.0000     0.00   LINEAR
  162.00    0.00   2.333E-01  -25.12  0.000E+00    0.00      6.83985E-01                 0.0000     0.00   LINEAR
  164.00    0.00   2.721E-01  -36.41  0.000E+00    0.00      9.30458E-01                 0.0000     0.00   LINEAR
  166.00    0.00   3.092E-01  -47.97  0.000E+00    0.00      1.20158E+00                 0.0000     0.00   LINEAR
  168.00    0.00   3.437E-01  -59.73  0.000E+00    0.00      1.48463E+00                 0.0000     0.00   LINEAR
  170.00    0.00   3.747E-01  -71.68  0.000E+00    0.00      1.76438E+00                 0.0000     0.00   LINEAR
  172.00    0.00   4.013E-01  -83.79  0.000E+00    0.00      2.02419E+00                 0.0000     0.00   LINEAR
  174.00    0.00   4.229E-01  -96.03  0.000E+00    0.00      2.24746E+00                 0.0000     0.00   LINEAR
  176.00    0.00   4.388E-01 -108.39  0.000E+00    0.00      2.41919E+00                 0.0000     0.00   LINEAR
  178.00    0.00   4.485E-01 -120.84  0.000E+00    0.00      2.52739E+00                 0.0000     0.00   LINEAR
  180.00    0.00   4.517E-01 -133.38  0.000E+00    0.00      2.56435E+00                 0.0000     0.00   LINEAR
  182.00    0.00   4.485E-01 -145.99  0.000E+00    0.00      2.52739E+00                 0.0000   180.00   LINEAR
  184.00    0.00   4.388E-01 -158.65  0.000E+00    0.00      2.41919E+00                 0.0000   180.00   LINEAR
  186.00    0.00   4.229E-01 -171.34  0.000E+00    0.00      2.24746E+00                 0.0000   180.00   LINEAR
  188.00    0.00   4.013E-01  175.94  0.000E+00    0.00      2.02419E+00                 0.0000   180.00   LINEAR
  190.00    0.00   3.747E-01  163.21  0.000E+00    0.00      1.76438E+00                 0.0000   180.00   LINEAR
  192.00    0.00   3.437E-01  150.47  0.000E+00    0.00      1.48463E+00                 0.0000   180.00   LINEAR
  194.00    0.00   3.092E-01  137.73  0.000E+00    0.00      1.20158E+00                 0.0000   180.00   LINEAR
  196.00    0.00   2.721E-01  124.99  0.000E+00    0.00      9.30458E-01                 0.0000   180.00   LINEAR
  198.00    0.00   2.333E-01  112.24  0.000E+00    0.00      6.83985E-01                 0.0000   180.00   LINEAR
  200.00    0.00   1.937E-01   99.44  0.000E+00    0.00      4.71554E-01                 0.0000   180.00   LINEAR
  202.00    0.00   1.542E-01   86.52  0.000E+00    0.00      2.98883E-01                 0.0000   180.00   LINEAR
  204.00    0.00   1.156E-01   73.29  0.000E+00    0.00      1.68053E-01                 0.0000   180.00   LINEAR
  206.00    0.00   7.873E-02   59.22  0.000E+00    0.00      7.78915E-02                 0.0000   180.00   LINEAR
  208.00    0.00   4.425E-02   42.28  0.000E+00    0.00      2.46053E-02                 0.0000     0.00   LINEAR
  210.00    0.00   1.426E-02    3.67  0.000E+00    0.00      2.55461E-03                 0.0000     0.00   LINEAR
  212.00    0.00   2.006E-02 -123.04  0.000E+00    0.00      5.05440E-03                 0.0000     0.00   LINEAR
  214.00    0.00   4.471E-02 -149.16  0.000E+00    0.00      2.51204E-02                 0.0000   180.00   LINEAR
  216.00    0.00   6.681E-02 -164.07  0.000E+00    0.00      5.60899E-02                 0.0000   180.00   LINEAR
  218.00    0.00   8.560E-02 -176.62  0.000E+00    0.00      9.20803E-02                 0.0000   180.00   LINEAR
  220.00    0.00   1.010E-01  171.84  0.000E+00    0.00      1.28276E-01                 0.0000   180.00   LINEAR
  222.00    0.00   1.132E-01  160.92  0.000E+00    0.00      1.61056E-01                 0.0000   180.00   LINEAR
  224.00    0.00   1.223E-01  150.48  0.000E+00    0.00      1.87981E-01                 0.0000   180.00   LINEAR
  226.00    0.00   1.286E-01  140.45  0.000E+00    0.00      2.07688E-01                 0.0000   180.00   LINEAR
  228.00    0.00   1.322E-01  130.81  0.000E+00    0.00      2.19717E-01                 0.0000   180.00   LINEAR
  230.00    0.00   1.336E-01  121.53  0.000E+00    0.00      2.24308E-01                 0.0000   180.00   LINEAR
  232.00    0.00   1.330E-01  112.64  0.000E+00    0.00      2.22193E-01                 0.0000   180.00   LINEAR
  234.00    0.00   1.306E-01  104.12  0.000E+00    0.00      2.14412E-01                 0.0000   180.00   LINEAR
  236.00    0.00   1.268E-01   95.99  0.000E+00    0.00      2.02148E-01                 0.0000   180.00   LINEAR
  238.00    0.00   1.219E-01   88.25  0.000E+00    0.00      1.86601E-01                 0.0000   180.00   LINEAR
  240.00    0.00   1.159E-01   80.92  0.000E+00    0.00      1.68903E-01                 0.0000   180.00   LINEAR
  242.00    0.00   1.093E-01   73.99  0.000E+00    0.00      1.50058E-01                 0.0000   180.00   LINEAR
  244.00    0.00   1.021E-01   67.50  0.000E+00    0.00      1.30907E-01                 0.0000   180.00   LINEAR
  246.00    0.00   9.446E-02   61.43  0.000E+00    0.00      1.12127E-01                 0.0000   180.00   LINEAR
  248.00    0.00   8.659E-02   55.81  0.000E+00    0.00      9.42306E-02                 0.0000   180.00   LINEAR
  250.00    0.00   7.857E-02   50.64  0.000E+00    0.00      7.75851E-02                 0.0000   180.00   LINEAR
  252.00    0.00   7.049E-02   45.93  0.000E+00    0.00      6.24332E-02                 0.0000   180.00   LINEAR
  254.00    0.00   6.239E-02   41.70  0.000E+00    0.00      4.89169E-02                 0.0000     0.00   LINEAR
  256.00    0.00   5.434E-02   37.94  0.000E+00    0.00      3.71013E-02                 0.0000     0.00   LINEAR
  258.00    0.00   4.635E-02   34.67  0.000E+00    0.00      2.69960E-02                 0.0000     0.00   LINEAR
  260.00    0.00   3.845E-02   31.89  0.000E+00    0.00      1.85742E-02                 0.0000     0.00   LINEAR
  262.00    0.00   3.063E-02   29.61  0.000E+00    0.00      1.17888E-02                 0.0000     0.00   LINEAR
  264.00    0.00   2.289E-02   27.83  0.000E+00    0.00      6.58529E-03                 0.0000     0.00   LINEAR
  266.00    0.00   1.522E-02   26.55  0.000E+00    0.00      2.91158E-03                 0.0000     0.00   LINEAR
  268.00    0.00   7.599E-03   25.79  0.000E+00    0.00      7.25548E-04                 0.0000     0.00   LINEAR
  270.00    0.00   3.997E-17   25.53  0.000E+00    0.00      2.00716E-32                 0.0000     0.00   LINEAR
  272.00    0.00   7.599E-03 -154.21  0.000E+00    0.00      7.25548E-04                 0.0000   180.00   LINEAR
  274.00    0.00   1.522E-02 -153.45  0.000E+00    0.00      2.91158E-03                 0.0000   180.00   LINEAR
  276.00    0.00   2.289E-02 -152.17  0.000E+00    0.00      6.58529E-03                 0.0000   180.00   LINEAR
  278.00    0.00   3.063E-02 -150.39  0.000E+00    0.00      1.17888E-02                 0.0000   180.00   LINEAR
  280.00    0.00   3.845E-02 -148.11  0.000E+00    0.00      1.85742E-02                 0.0000   180.00   LINEAR
  282.00    0.00   4.635E-02 -145.33  0.000E+00    0.00      2.69960E-02                 0.0000   180.00   LINEAR
  284.00    0.00   5.434E-02 -142.06  0.000E+00    0.00      3.71013E-02                 0.0000   180.00   LINEAR
  286.00    0.00   6.239E-02 -138.30  0.000E+00    0.00      4.89169E-02                 0.0000   180.00   LINEAR
  288.00    0.00   7.049E-02 -134.07  0.000E+00    0.00      6.24331E-02                 0.0000     0.00   LINEAR
  290.00    0.00   7.857E-02 -129.36  0.000E+00    0.00      7.75851E-02                 0.0000     0.00   LINEAR
  292.00    0.00   8.659E-02 -124.19  0.000E+00    0.00      9.42306E-02                 0.0000     0.00   LINEAR
  294.00    0.00   9.446E-02 -118.57  0.000E+00    0.00      1.12127E-01                 0.0000     0.00   LINEAR
  296.00    0.00   1.021E-01 -112.50  0.000E+00    0.00      1.30907E-01                 0.0000     0.00   LINEAR
  298.00    0.00   1.093E-01 -106.01  0.000E+00    0.00      1.50058E-01                 0.0000     0.00   LINEAR
  300.00    0.00   1.159E-01  -99.08  0.000E+00    0.00      1.68903E-01                 0.0000     0.00   LINEAR
  302.00    0.00   1.219E-01  -91.75  0.000E+00    0.00      1.86601E-01                 0.0000     0.00   LINEAR
  304.00    0.00   1.268E-01  -84.01  0.000E+00    0.00      2.02148E-01                 0.0000     0.00   LINEAR
  306.00    0.00   1.306E-01  -75.88  0.000E+00    0.00      2.14412E-01                 0.0000     0.00   LINEAR
  308.00    0.00   1.330E-01  -67.36  0.000E+00    0.00      2.22193E-01                 0.0000     0.00   LINEAR
  310.00    0.00   1.336E-01  -58.47  0.000E+00    0.00      2.24308E-01                 0.0000     0.00   LINEAR
  312.00    0.00   1.322E-01  -49.19  0.000E+00    0.00      2.19717E-01                 0.0000     0.00   LINEAR
  314.00    0.00   1.286E-01  -39.55  0.000E+00    0.00      2.07688E-01                 0.0000     0.00   LINEAR
  316.00    0.00   1.223E-01  -29.52  0.000E+00    0.00      1.87981E-01                 0.0000     0.00   LINEAR
  318.00    0.00   1.132E-01  -19.08  0.000E+00    0.00      1.61056E-01                 0.0000     0.00   LINEAR
  320.00    0.00   1.010E-01   -8.16  0.000E+00    0.00      1.28276E-01                 0.0000     0.00   LINEAR
  322.00    0.00   8.560E-02    3.38  0.000E+00    0.00      9.20803E-02                 0.0000     0.00   LINEAR
  324.00    0.00   6.681E-02   15.93  0.000E+00    0.00      5.60899E-02                 0.0000     0.00   LINEAR
  326.00    0.00   4.471E-02   30.84  0.000E+00    0.00      2.51204E-02                 0.0000     0.00   LINEAR
  328.00    0.00   2.006E-02   56.96  0.000E+00    0.00      5.05440E-03                 0.0000   180.00   LINEAR
  330.00    0.00   1.426E-02 -176.33  0.000E+00    0.00      2.55461E-03                 0.0000   180.00   LINEAR
  332.00    0.00   4.425E-02 -137.72  0.000E+00    0.00      2.46053E-02                 0.0000   180.00   LINEAR
  334.00    0.00   7.873E-02 -120.78  0.000E+00    0.00      7.78915E-02                 0.0000     0.00   LINEAR
  336.00    0.00   1.156E-01 -106.71  0.000E+00    0.00      1.68053E-01                 0.0000     0.00   LINEAR
  338.00    0.00   1.542E-01  -93.48  0.000E+00    0.00      2.98883E-01                 0.0000     0.00   LINEAR
  340.00    0.00   1.937E-01  -80.56  0.000E+00    0.00      4.71554E-01                 0.0000     0.00   LINEAR
  342.00    0.00   2.333E-01  -67.76  0.000E+00    0.00      6.83984E-01                 0.0000     0.00   LINEAR
  344.00    0.00   2.721E-01  -55.01  0.000E+00    0.00      9.30458E-01                 0.0000     0.00   LINEAR
  346.00    0.00   3.092E-01  -42.27  0.000E+00    0.00      1.20158E+00                 0.0000     0.00   LINEAR
  348.00    0.00   3.437E-01  -29.53  0.000E+00    0.00      1.48463E+00                 0.0000     0.00   LINEAR
  350.00    0.00   3.747E-01  -16.79  0.000E+00    0.00      1.76438E+00                 0.0000     0.00   LINEAR
  352.00    0.00   4.013E-01   -4.06  0.000E+00    0.00      2.02419E+00                 0.0000     0.00   LINEAR
  354.00    0.00   4.229E-01    8.66  0.000E+00    0.00      2.24746E+00                 0.0000     0.00   LINEAR
  356.00    0.00   4.388E-01   21.35  0.000E+00    0.00      2.41919E+00                 0.0000     0.00   LINEAR
  358.00    0.00   4.485E-01   34.01  0.000E+00    0.00      2.52739E+00                 0.0000     0.00   LINEAR
  360.00    0.00   4.517E-01   46.62  0.000E+00    0.00      2.56435E+00                 0.0000   180.00   LINEAR