 0.00    0.00   2.822E-01   27.45  0.000E+00    0.00      1.00106E+00                 0.0000     0.00   LINEAR
    2.00    0.00   2.802E-01   40.01  0.000E+00    0.00      9.86490E-01                 0.0000     0.00   LINEAR
    4.00    0.00   2.741E-01   52.51  0.000E+00    0.00      9.43825E-01                 0.0000   180.00   LINEAR
    6.00    0.00   2.640E-01   64.96  0.000E+00    0.00      8.76126E-01                 0.0000   180.00   LINEAR
    8.00    0.00   2.504E-01   77.31  0.000E+00    0.00      7.88134E-01                 0.0000   180.00   LINEAR
   10.00    0.00   2.336E-01   89.57  0.000E+00    0.00      6.85797E-01                 0.0000   180.00   LINEAR
   12.00    0.00   2.140E-01  101.71  0.000E+00    0.00      5.75689E-01                 0.0000   180.00   LINEAR
   14.00    0.00   1.922E-01  113.70  0.000E+00    0.00      4.64403E-01                 0.0000   180.00   LINEAR
   16.00    0.00   1.688E-01  125.52  0.000E+00    0.00      3.57984E-01                 0.0000   180.00   LINEAR
   18.00    0.00   1.442E-01  137.14  0.000E+00    0.00      2.61472E-01                 0.0000   180.00   LINEAR
   20.00    0.00   1.192E-01  148.51  0.000E+00    0.00      1.78587E-01                 0.0000   180.00   LINEAR
   22.00    0.00   9.423E-02  159.53  0.000E+00    0.00      1.11583E-01                 0.0000   180.00   LINEAR
   24.00    0.00   6.982E-02  170.04  0.000E+00    0.00      6.12580E-02                 0.0000   180.00   LINEAR
   26.00    0.00   4.645E-02  179.58  0.000E+00    0.00      2.71090E-02                 0.0000   180.00   LINEAR
   28.00    0.00   2.456E-02 -173.76  0.000E+00    0.00      7.58171E-03                 0.0000   180.00   LINEAR
   30.00    0.00   5.509E-03  161.70  0.000E+00    0.00      3.81427E-04                 0.0000   180.00   LINEAR
   32.00    0.00   1.492E-02   51.32  0.000E+00    0.00      2.79652E-03                 0.0000   180.00   LINEAR
   34.00    0.00   3.090E-02   53.73  0.000E+00    0.00      1.20003E-02                 0.0000   180.00   LINEAR
   36.00    0.00   4.487E-02   61.44  0.000E+00    0.00      2.53033E-02                 0.0000   180.00   LINEAR
   38.00    0.00   5.666E-02   70.08  0.000E+00    0.00      4.03401E-02                 0.0000   180.00   LINEAR
   40.00    0.00   6.627E-02   78.89  0.000E+00    0.00      5.51862E-02                 0.0000   180.00   LINEAR
   42.00    0.00   7.378E-02   87.62  0.000E+00    0.00      6.84087E-02                 0.0000   180.00   LINEAR
   44.00    0.00   7.932E-02   96.18  0.000E+00    0.00      7.90616E-02                 0.0000   180.00   LINEAR
   46.00    0.00   8.303E-02  104.50  0.000E+00    0.00      8.66393E-02                 0.0000   180.00   LINEAR
   48.00    0.00   8.510E-02  112.55  0.000E+00    0.00      9.10040E-02                 0.0000   180.00   LINEAR
   50.00    0.00   8.570E-02  120.30  0.000E+00    0.00      9.23004E-02                 0.0000   180.00   LINEAR
   52.00    0.00   8.504E-02  127.74  0.000E+00    0.00      9.08696E-02                 0.0000   180.00   LINEAR
   54.00    0.00   8.329E-02  134.85  0.000E+00    0.00      8.71700E-02                 0.0000   180.00   LINEAR
   56.00    0.00   8.064E-02  141.62  0.000E+00    0.00      8.17103E-02                 0.0000   180.00   LINEAR
   58.00    0.00   7.725E-02  148.04  0.000E+00    0.00      7.49989E-02                 0.0000   180.00   LINEAR
   60.00    0.00   7.329E-02  154.10  0.000E+00    0.00      6.75063E-02                 0.0000   180.00   LINEAR
   62.00    0.00   6.889E-02  159.80  0.000E+00    0.00      5.96433E-02                 0.0000   180.00   LINEAR
   64.00    0.00   6.417E-02  165.13  0.000E+00    0.00      5.17493E-02                 0.0000   180.00   LINEAR
   66.00    0.00   5.923E-02  170.08  0.000E+00    0.00      4.40902E-02                 0.0000   180.00   LINEAR
   68.00    0.00   5.416E-02  174.64  0.000E+00    0.00      3.68624E-02                 0.0000   180.00   LINEAR
   70.00    0.00   4.902E-02  178.83  0.000E+00    0.00      3.02008E-02                 0.0000   180.00   LINEAR
   72.00    0.00   4.387E-02 -177.38  0.000E+00    0.00      2.41889E-02                 0.0000   180.00   LINEAR
   74.00    0.00   3.875E-02 -173.98  0.000E+00    0.00      1.88692E-02                 0.0000   180.00   LINEAR
   76.00    0.00   3.368E-02 -170.98  0.000E+00    0.00      1.42539E-02                 0.0000   180.00   LINEAR
   78.00    0.00   2.868E-02 -168.37  0.000E+00    0.00      1.03342E-02                 0.0000   180.00   LINEAR
   80.00    0.00   2.375E-02 -166.16  0.000E+00    0.00      7.08788E-03                 0.0000   180.00   LINEAR
   82.00    0.00   1.890E-02 -164.35  0.000E+00    0.00      4.48671E-03                 0.0000   180.00   LINEAR
   84.00    0.00   1.411E-02 -162.94  0.000E+00    0.00      2.50104E-03                 0.0000   180.00   LINEAR
   86.00    0.00   9.373E-03 -161.94  0.000E+00    0.00      1.10411E-03                 0.0000   180.00   LINEAR
   88.00    0.00   4.677E-03 -161.33  0.000E+00    0.00      2.74883E-04                 0.0000   180.00   LINEAR
   90.00    0.00   8.199E-18 -161.13  0.000E+00    0.00      8.44668E-34                 0.0000   180.00   LINEAR
   92.00    0.00   4.677E-03   18.67  0.000E+00    0.00      2.74883E-04                 0.0000     0.00   LINEAR
   94.00    0.00   9.373E-03   18.06  0.000E+00    0.00      1.10411E-03                 0.0000     0.00   LINEAR
   96.00    0.00   1.411E-02   17.06  0.000E+00    0.00      2.50104E-03                 0.0000     0.00   LINEAR
   98.00    0.00   1.890E-02   15.65  0.000E+00    0.00      4.48671E-03                 0.0000     0.00   LINEAR
  100.00    0.00   2.375E-02   13.84  0.000E+00    0.00      7.08788E-03                 0.0000     0.00   LINEAR
  102.00    0.00   2.868E-02   11.63  0.000E+00    0.00      1.03342E-02                 0.0000     0.00   LINEAR
  104.00    0.00   3.368E-02    9.02  0.000E+00    0.00      1.42539E-02                 0.0000     0.00   LINEAR
  106.00    0.00   3.875E-02    6.02  0.000E+00    0.00      1.88692E-02                 0.0000     0.00   LINEAR
  108.00    0.00   4.387E-02    2.62  0.000E+00    0.00      2.41889E-02                 0.0000     0.00   LINEAR
  110.00    0.00   4.902E-02   -1.17  0.000E+00    0.00      3.02008E-02                 0.0000     0.00   LINEAR
  112.00    0.00   5.416E-02   -5.36  0.000E+00    0.00      3.68624E-02                 0.0000     0.00   LINEAR
  114.00    0.00   5.923E-02   -9.92  0.000E+00    0.00      4.40902E-02                 0.0000     0.00   LINEAR
  116.00    0.00   6.417E-02  -14.87  0.000E+00    0.00      5.17493E-02                 0.0000     0.00   LINEAR
  118.00    0.00   6.889E-02  -20.20  0.000E+00    0.00      5.96433E-02                 0.0000     0.00   LINEAR
  120.00    0.00   7.329E-02  -25.90  0.000E+00    0.00      6.75063E-02                 0.0000     0.00   LINEAR
  122.00    0.00   7.725E-02  -31.96  0.000E+00    0.00      7.49989E-02                 0.0000     0.00   LINEAR
  124.00    0.00   8.064E-02  -38.38  0.000E+00    0.00      8.17103E-02                 0.0000     0.00   LINEAR
  126.00    0.00   8.329E-02  -45.15  0.000E+00    0.00      8.71700E-02                 0.0000     0.00   LINEAR
  128.00    0.00   8.504E-02  -52.26  0.000E+00    0.00      9.08696E-02                 0.0000     0.00   LINEAR
  130.00    0.00   8.570E-02  -59.70  0.000E+00    0.00      9.23004E-02                 0.0000     0.00   LINEAR
  132.00    0.00   8.510E-02  -67.45  0.000E+00    0.00      9.10040E-02                 0.0000     0.00   LINEAR
  134.00    0.00   8.303E-02  -75.50  0.000E+00    0.00      8.66393E-02                 0.0000     0.00   LINEAR
  136.00    0.00   7.932E-02  -83.82  0.000E+00    0.00      7.90616E-02                 0.0000     0.00   LINEAR
  138.00    0.00   7.378E-02  -92.38  0.000E+00    0.00      6.84087E-02                 0.0000     0.00   LINEAR
  140.00    0.00   6.627E-02 -101.11  0.000E+00    0.00      5.51862E-02                 0.0000     0.00   LINEAR
  142.00    0.00   5.666E-02 -109.92  0.000E+00    0.00      4.03401E-02                 0.0000     0.00   LINEAR
  144.00    0.00   4.487E-02 -118.56  0.000E+00    0.00      2.53033E-02                 0.0000     0.00   LINEAR
  146.00    0.00   3.090E-02 -126.27  0.000E+00    0.00      1.20003E-02                 0.0000     0.00   LINEAR
  148.00    0.00   1.492E-02 -128.68  0.000E+00    0.00      2.79652E-03                 0.0000     0.00   LINEAR
  150.00    0.00   5.509E-03  -18.30  0.000E+00    0.00      3.81429E-04                 0.0000     0.00   LINEAR
  152.00    0.00   2.456E-02    6.24  0.000E+00    0.00      7.58171E-03                 0.0000     0.00   LINEAR
  154.00    0.00   4.645E-02   -0.42  0.000E+00    0.00      2.71090E-02                 0.0000     0.00   LINEAR
  156.00    0.00   6.982E-02   -9.96  0.000E+00    0.00      6.12580E-02                 0.0000     0.00   LINEAR
  158.00    0.00   9.423E-02  -20.47  0.000E+00    0.00      1.11583E-01                 0.0000     0.00   LINEAR
  160.00    0.00   1.192E-01  -31.49  0.000E+00    0.00      1.78587E-01                 0.0000     0.00   LINEAR
  162.00    0.00   1.442E-01  -42.86  0.000E+00    0.00      2.61472E-01                 0.0000     0.00   LINEAR
  164.00    0.00   1.688E-01  -54.48  0.000E+00    0.00      3.57984E-01                 0.0000     0.00   LINEAR
  166.00    0.00   1.922E-01  -66.30  0.000E+00    0.00      4.64403E-01                 0.0000     0.00   LINEAR
  168.00    0.00   2.140E-01  -78.29  0.000E+00    0.00      5.75689E-01                 0.0000     0.00   LINEAR
  170.00    0.00   2.336E-01  -90.43  0.000E+00    0.00      6.85797E-01                 0.0000     0.00   LINEAR
  172.00    0.00   2.504E-01 -102.69  0.000E+00    0.00      7.88134E-01                 0.0000     0.00   LINEAR
  174.00    0.00   2.640E-01 -115.04  0.000E+00    0.00      8.76126E-01                 0.0000     0.00   LINEAR
  176.00    0.00   2.741E-01 -127.49  0.000E+00    0.00      9.43825E-01                 0.0000     0.00   LINEAR
  178.00    0.00   2.802E-01 -139.99  0.000E+00    0.00      9.86490E-01                 0.0000   180.00   LINEAR
  180.00    0.00   2.822E-01 -152.55  0.000E+00    0.00      1.00106E+00                 0.0000   180.00   LINEAR
  182.00    0.00   2.802E-01 -165.14  0.000E+00    0.00      9.86490E-01                 0.0000   180.00   LINEAR
  184.00    0.00   2.741E-01 -177.75  0.000E+00    0.00      9.43825E-01                 0.0000   180.00   LINEAR
  186.00    0.00   2.640E-01  169.64  0.000E+00    0.00      8.76126E-01                 0.0000   180.00   LINEAR
  188.00    0.00   2.504E-01  157.04  0.000E+00    0.00      7.88134E-01                 0.0000   180.00   LINEAR
  190.00    0.00   2.336E-01  144.46  0.000E+00    0.00      6.85797E-01                 0.0000   180.00   LINEAR
  192.00    0.00   2.140E-01  131.91  0.000E+00    0.00      5.75689E-01                 0.0000   180.00   LINEAR
  194.00    0.00   1.922E-01  119.40  0.000E+00    0.00      4.64403E-01                 0.0000   180.00   LINEAR
  196.00    0.00   1.688E-01  106.93  0.000E+00    0.00      3.57984E-01                 0.0000   180.00   LINEAR
  198.00    0.00   1.442E-01   94.50  0.000E+00    0.00      2.61472E-01                 0.0000   180.00   LINEAR
  200.00    0.00   1.192E-01   82.08  0.000E+00    0.00      1.78587E-01                 0.0000   180.00   LINEAR
  202.00    0.00   9.423E-02   69.63  0.000E+00    0.00      1.11583E-01                 0.0000   180.00   LINEAR
  204.00    0.00   6.982E-02   56.99  0.000E+00    0.00      6.12580E-02                 0.0000   180.00   LINEAR
  206.00    0.00   4.645E-02   43.73  0.000E+00    0.00      2.71090E-02                 0.0000     0.00   LINEAR
  208.00    0.00   2.456E-02   27.98  0.000E+00    0.00      7.58172E-03                 0.0000     0.00   LINEAR
  210.00    0.00   5.509E-03  -18.55  0.000E+00    0.00      3.81433E-04                 0.0000     0.00   LINEAR
  212.00    0.00   1.492E-02 -150.49  0.000E+00    0.00      2.79651E-03                 0.0000   180.00   LINEAR
  214.00    0.00   3.090E-02 -169.17  0.000E+00    0.00      1.20003E-02                 0.0000   180.00   LINEAR
  216.00    0.00   4.487E-02  177.94  0.000E+00    0.00      2.53033E-02                 0.0000   180.00   LINEAR
  218.00    0.00   5.666E-02  166.49  0.000E+00    0.00      4.03400E-02                 0.0000   180.00   LINEAR
  220.00    0.00   6.627E-02  155.76  0.000E+00    0.00      5.51861E-02                 0.0000   180.00   LINEAR
  222.00    0.00   7.378E-02  145.52  0.000E+00    0.00      6.84086E-02                 0.0000   180.00   LINEAR
  224.00    0.00   7.932E-02  135.68  0.000E+00    0.00      7.90615E-02                 0.0000   180.00   LINEAR
  226.00    0.00   8.303E-02  126.22  0.000E+00    0.00      8.66392E-02                 0.0000   180.00   LINEAR
  228.00    0.00   8.510E-02  117.11  0.000E+00    0.00      9.10038E-02                 0.0000   180.00   LINEAR
  230.00    0.00   8.570E-02  108.37  0.000E+00    0.00      9.23002E-02                 0.0000   180.00   LINEAR
  232.00    0.00   8.504E-02   99.98  0.000E+00    0.00      9.08695E-02                 0.0000   180.00   LINEAR
  234.00    0.00   8.329E-02   91.95  0.000E+00    0.00      8.71698E-02                 0.0000   180.00   LINEAR
  236.00    0.00   8.064E-02   84.30  0.000E+00    0.00      8.17102E-02                 0.0000   180.00   LINEAR
  238.00    0.00   7.725E-02   77.02  0.000E+00    0.00      7.49987E-02                 0.0000   180.00   LINEAR
  240.00    0.00   7.329E-02   70.13  0.000E+00    0.00      6.75062E-02                 0.0000   180.00   LINEAR
  242.00    0.00   6.889E-02   63.64  0.000E+00    0.00      5.96432E-02                 0.0000   180.00   LINEAR
  244.00    0.00   6.417E-02   57.55  0.000E+00    0.00      5.17492E-02                 0.0000   180.00   LINEAR
  246.00    0.00   5.923E-02   51.87  0.000E+00    0.00      4.40901E-02                 0.0000   180.00   LINEAR
  248.00    0.00   5.416E-02   46.61  0.000E+00    0.00      3.68623E-02                 0.0000   180.00   LINEAR
  250.00    0.00   4.902E-02   41.78  0.000E+00    0.00      3.02008E-02                 0.0000     0.00   LINEAR
  252.00    0.00   4.387E-02   37.38  0.000E+00    0.00      2.41889E-02                 0.0000     0.00   LINEAR
  254.00    0.00   3.875E-02   33.43  0.000E+00    0.00      1.88692E-02                 0.0000     0.00   LINEAR
  256.00    0.00   3.368E-02   29.93  0.000E+00    0.00      1.42539E-02                 0.0000     0.00   LINEAR
  258.00    0.00   2.868E-02   26.88  0.000E+00    0.00      1.03341E-02                 0.0000     0.00   LINEAR
  260.00    0.00   2.375E-02   24.29  0.000E+00    0.00      7.08787E-03                 0.0000     0.00   LINEAR
  262.00    0.00   1.890E-02   22.16  0.000E+00    0.00      4.48670E-03                 0.0000     0.00   LINEAR
  264.00    0.00   1.411E-02   20.51  0.000E+00    0.00      2.50103E-03                 0.0000     0.00   LINEAR
  266.00    0.00   9.373E-03   19.32  0.000E+00    0.00      1.10411E-03                 0.0000     0.00   LINEAR
  268.00    0.00   4.677E-03   18.61  0.000E+00    0.00      2.74883E-04                 0.0000     0.00   LINEAR
  270.00    0.00   2.460E-17   18.37  0.000E+00    0.00      7.60200E-33                 0.0000     0.00   LINEAR
  272.00    0.00   4.677E-03 -161.39  0.000E+00    0.00      2.74883E-04                 0.0000   180.00   LINEAR
  274.00    0.00   9.373E-03 -160.68  0.000E+00    0.00      1.10411E-03                 0.0000   180.00   LINEAR
  276.00    0.00   1.411E-02 -159.49  0.000E+00    0.00      2.50103E-03                 0.0000   180.00   LINEAR
  278.00    0.00   1.890E-02 -157.84  0.000E+00    0.00      4.48670E-03                 0.0000   180.00   LINEAR
  280.00    0.00   2.375E-02 -155.71  0.000E+00    0.00      7.08787E-03                 0.0000   180.00   LINEAR
  282.00    0.00   2.868E-02 -153.12  0.000E+00    0.00      1.03341E-02                 0.0000   180.00   LINEAR
  284.00    0.00   3.368E-02 -150.07  0.000E+00    0.00      1.42539E-02                 0.0000   180.00   LINEAR
  286.00    0.00   3.875E-02 -146.57  0.000E+00    0.00      1.88692E-02                 0.0000   180.00   LINEAR
  288.00    0.00   4.387E-02 -142.62  0.000E+00    0.00      2.41889E-02                 0.0000   180.00   LINEAR
  290.00    0.00   4.902E-02 -138.22  0.000E+00    0.00      3.02008E-02                 0.0000   180.00   LINEAR
  292.00    0.00   5.416E-02 -133.39  0.000E+00    0.00      3.68623E-02                 0.0000     0.00   LINEAR
  294.00    0.00   5.923E-02 -128.13  0.000E+00    0.00      4.40901E-02                 0.0000     0.00   LINEAR
  296.00    0.00   6.417E-02 -122.45  0.000E+00    0.00      5.17492E-02                 0.0000     0.00   LINEAR
  298.00    0.00   6.889E-02 -116.36  0.000E+00    0.00      5.96432E-02                 0.0000     0.00   LINEAR
  300.00    0.00   7.329E-02 -109.87  0.000E+00    0.00      6.75062E-02                 0.0000     0.00   LINEAR
  302.00    0.00   7.725E-02 -102.98  0.000E+00    0.00      7.49987E-02                 0.0000     0.00   LINEAR
  304.00    0.00   8.064E-02  -95.70  0.000E+00    0.00      8.17102E-02                 0.0000     0.00   LINEAR
  306.00    0.00   8.329E-02  -88.05  0.000E+00    0.00      8.71698E-02                 0.0000     0.00   LINEAR
  308.00    0.00   8.504E-02  -80.02  0.000E+00    0.00      9.08695E-02                 0.0000     0.00   LINEAR
  310.00    0.00   8.570E-02  -71.63  0.000E+00    0.00      9.23002E-02                 0.0000     0.00   LINEAR
  312.00    0.00   8.510E-02  -62.89  0.000E+00    0.00      9.10038E-02                 0.0000     0.00   LINEAR
  314.00    0.00   8.303E-02  -53.78  0.000E+00    0.00      8.66392E-02                 0.0000     0.00   LINEAR
  316.00    0.00   7.932E-02  -44.32  0.000E+00    0.00      7.90615E-02                 0.0000     0.00   LINEAR
  318.00    0.00   7.378E-02  -34.48  0.000E+00    0.00      6.84086E-02                 0.0000     0.00   LINEAR
  320.00    0.00   6.627E-02  -24.24  0.000E+00    0.00      5.51861E-02                 0.0000     0.00   LINEAR
  322.00    0.00   5.666E-02  -13.51  0.000E+00    0.00      4.03400E-02                 0.0000     0.00   LINEAR
  324.00    0.00   4.487E-02   -2.06  0.000E+00    0.00      2.53032E-02                 0.0000     0.00   LINEAR
  326.00    0.00   3.090E-02   10.83  0.000E+00    0.00      1.20003E-02                 0.0000     0.00   LINEAR
  328.00    0.00   1.492E-02   29.51  0.000E+00    0.00      2.79651E-03                 0.0000     0.00   LINEAR
  330.00    0.00   5.509E-03  161.45  0.000E+00    0.00      3.81431E-04                 0.0000   180.00   LINEAR
  332.00    0.00   2.456E-02 -152.02  0.000E+00    0.00      7.58172E-03                 0.0000   180.00   LINEAR
  334.00    0.00   4.645E-02 -136.27  0.000E+00    0.00      2.71090E-02                 0.0000   180.00   LINEAR
  336.00    0.00   6.982E-02 -123.01  0.000E+00    0.00      6.12580E-02                 0.0000     0.00   LINEAR
  338.00    0.00   9.423E-02 -110.37  0.000E+00    0.00      1.11583E-01                 0.0000     0.00   LINEAR
  340.00    0.00   1.192E-01  -97.92  0.000E+00    0.00      1.78587E-01                 0.0000     0.00   LINEAR
  342.00    0.00   1.442E-01  -85.50  0.000E+00    0.00      2.61472E-01                 0.0000     0.00   LINEAR
  344.00    0.00   1.688E-01  -73.07  0.000E+00    0.00      3.57984E-01                 0.0000     0.00   LINEAR
  346.00    0.00   1.922E-01  -60.60  0.000E+00    0.00      4.64403E-01                 0.0000     0.00   LINEAR
  348.00    0.00   2.140E-01  -48.09  0.000E+00    0.00      5.75689E-01                 0.0000     0.00   LINEAR
  350.00    0.00   2.336E-01  -35.54  0.000E+00    0.00      6.85797E-01                 0.0000     0.00   LINEAR
  352.00    0.00   2.504E-01  -22.96  0.000E+00    0.00      7.88134E-01                 0.0000     0.00   LINEAR
  354.00    0.00   2.640E-01  -10.36  0.000E+00    0.00      8.76126E-01                 0.0000     0.00   LINEAR
  356.00    0.00   2.741E-01    2.25  0.000E+00    0.00      9.43825E-01                 0.0000     0.00   LINEAR
  358.00    0.00   2.802E-01   14.86  0.000E+00    0.00      9.86490E-01                 0.0000     0.00   LINEAR
  360.00    0.00   2.822E-01   27.45  0.000E+00    0.00      1.00106E+00                 0.0000     0.00   LINEAR