 0.00    0.00   1.718E-01   16.42  5.803E-08   -2.06      3.70913E-01                 0.0000     0.00   LINEAR
    2.00    0.00   1.706E-01   28.98  6.057E-08   10.22      3.65533E-01                 0.0000     0.00   LINEAR
    4.00    0.00   1.668E-01   41.50  6.254E-08   22.06      3.49774E-01                 0.0000     0.00   LINEAR
    6.00    0.00   1.608E-01   53.97  6.387E-08   33.48      3.24757E-01                 0.0000  -180.00   LINEAR
    8.00    0.00   1.525E-01   66.37  6.447E-08   44.47      2.92222E-01                 0.0000  -180.00   LINEAR
   10.00    0.00   1.423E-01   78.68  6.427E-08   55.01      2.54357E-01                 0.0000  -180.00   LINEAR
   12.00    0.00   1.304E-01   90.88  6.326E-08   65.09      2.13584E-01                 0.0000  -180.00   LINEAR
   14.00    0.00   1.171E-01  102.96  6.143E-08   74.65      1.72335E-01                 0.0000  -180.00   LINEAR
   16.00    0.00   1.028E-01  114.88  5.881E-08   83.62      1.32850E-01                 0.0000  -180.00   LINEAR
   18.00    0.00   8.786E-02  126.63  5.548E-08   91.91      9.70056E-02                 0.0000  -180.00   LINEAR
   20.00    0.00   7.258E-02  138.15  5.156E-08   99.37      6.61937E-02                 0.0000  -180.00   LINEAR
   22.00    0.00   5.731E-02  149.38  4.718E-08  105.83      4.12692E-02                 0.0000  -180.00   LINEAR
   24.00    0.00   4.236E-02  160.18  4.256E-08  111.02      2.25495E-02                 0.0000  -180.00   LINEAR
   26.00    0.00   2.802E-02  170.19  3.792E-08  114.61      9.86706E-03                 0.0000  -180.00   LINEAR
   28.00    0.00   1.455E-02  177.87  3.356E-08  116.18      2.66049E-03                 0.0000  -180.00   LINEAR
   30.00    0.00   2.627E-03  153.58  2.984E-08  115.38      8.67497E-05                 0.0000  -180.00   LINEAR
   32.00    0.00   9.527E-03   36.84  2.712E-08  112.15      1.14049E-03                 0.0000     0.00   LINEAR
   34.00    0.00   1.948E-02   41.72  2.570E-08  107.13      4.76623E-03                 0.0000     0.00   LINEAR
   36.00    0.00   2.814E-02   50.20  2.563E-08  101.72      9.95311E-03                 0.0000  -180.00   LINEAR
   38.00    0.00   3.547E-02   59.27  2.670E-08   97.32      1.58063E-02                 0.0000  -180.00   LINEAR
   40.00    0.00   4.145E-02   68.38  2.852E-08   94.64      2.15927E-02                 0.0000  -180.00   LINEAR
   42.00    0.00   4.615E-02   77.37  3.070E-08   93.70      2.67617E-02                 0.0000  -180.00   LINEAR
   44.00    0.00   4.962E-02   86.15  3.293E-08   94.13      3.09459E-02                 0.0000  -180.00   LINEAR
   46.00    0.00   5.197E-02   94.68  3.501E-08   95.53      3.39448E-02                 0.0000  -180.00   LINEAR
   48.00    0.00   5.330E-02  102.92  3.683E-08   97.56      3.56987E-02                 0.0000  -180.00   LINEAR
   50.00    0.00   5.371E-02  110.86  3.833E-08   99.96      3.62576E-02                 0.0000  -180.00   LINEAR
   52.00    0.00   5.334E-02  118.48  3.949E-08  102.53      3.57484E-02                 0.0000  -180.00   LINEAR
   54.00    0.00   5.228E-02  125.77  4.030E-08  105.16      3.43451E-02                 0.0000  -180.00   LINEAR
   56.00    0.00   5.065E-02  132.71  4.081E-08  107.73      3.22430E-02                 0.0000  -180.00   LINEAR
   58.00    0.00   4.857E-02  139.31  4.103E-08  110.19      2.96389E-02                 0.0000  -180.00   LINEAR
   60.00    0.00   4.611E-02  145.54  4.102E-08  112.50      2.67166E-02                 0.0000  -180.00   LINEAR
   62.00    0.00   4.337E-02  151.40  4.080E-08  114.62      2.36374E-02                 0.0000  -180.00   LINEAR
   64.00    0.00   4.043E-02  156.88  4.041E-08  116.54      2.05358E-02                 0.0000  -180.00   LINEAR
   66.00    0.00   3.734E-02  161.98  3.991E-08  118.25      1.75178E-02                 0.0000  -180.00   LINEAR
   68.00    0.00   3.416E-02  166.69  3.931E-08  119.76      1.46627E-02                 0.0000  -180.00   LINEAR
   70.00    0.00   3.093E-02  171.01  3.864E-08  121.07      1.20253E-02                 0.0000  -180.00   LINEAR
   72.00    0.00   2.770E-02  174.93  3.795E-08  122.20      9.64050E-03                 0.0000  -180.00   LINEAR
   74.00    0.00   2.447E-02  178.44  3.724E-08  123.15      7.52659E-03                 0.0000  -180.00   LINEAR
   76.00    0.00   2.128E-02 -178.45  3.654E-08  123.95      5.68978E-03                 0.0000  -180.00   LINEAR
   78.00    0.00   1.812E-02 -175.74  3.586E-08  124.61      4.12771E-03                 0.0000  -180.00   LINEAR
   80.00    0.00   1.501E-02 -173.46  3.523E-08  125.17      2.83257E-03                 0.0000  -180.00   LINEAR
   82.00    0.00   1.195E-02 -171.58  3.465E-08  125.63      1.79383E-03                 0.0000  -180.00   LINEAR
   84.00    0.00   8.922E-03 -170.12  3.415E-08  126.03      1.00028E-03                 0.0000  -180.00   LINEAR
   86.00    0.00   5.929E-03 -169.07  3.373E-08  126.39      4.41698E-04                 0.0000  -180.00   LINEAR
   88.00    0.00   2.958E-03 -168.45  3.340E-08  126.72      1.09990E-04                 0.0000  -180.00   LINEAR
   90.00    0.00   1.907E-07 -171.99  3.319E-08  127.03      4.70757E-13                 0.1511  -175.06   RIGHT 
   92.00    0.00   2.958E-03   11.55  3.310E-08  127.33      1.09963E-04                 0.0000    -0.00   LINEAR
   94.00    0.00   5.928E-03   10.93  3.315E-08  127.61      4.41653E-04                 0.0000    -0.00   LINEAR
   96.00    0.00   8.922E-03    9.88  3.335E-08  127.86      1.00024E-03                 0.0000    -0.00   LINEAR
   98.00    0.00   1.195E-02    8.42  3.371E-08  128.05      1.79381E-03                 0.0000    -0.00   LINEAR
  100.00    0.00   1.501E-02    6.54  3.425E-08  128.14      2.83262E-03                 0.0000    -0.00   LINEAR
  102.00    0.00   1.812E-02    4.25  3.498E-08  128.08      4.12787E-03                 0.0000    -0.00   LINEAR
  104.00    0.00   2.128E-02    1.55  3.589E-08  127.82      5.69012E-03                 0.0000    -0.00   LINEAR
  106.00    0.00   2.447E-02   -1.56  3.698E-08  127.30      7.52716E-03                 0.0000    -0.00   LINEAR
  108.00    0.00   2.770E-02   -5.07  3.825E-08  126.46      9.64140E-03                 0.0000    -0.00   LINEAR
  110.00    0.00   3.094E-02   -8.99  3.966E-08  125.25      1.20267E-02                 0.0000    -0.00   LINEAR
  112.00    0.00   3.416E-02  -13.31  4.119E-08  123.63      1.46645E-02                 0.0000    -0.00   LINEAR
  114.00    0.00   3.734E-02  -18.02  4.280E-08  121.55      1.75203E-02                 0.0000    -0.00   LINEAR
  116.00    0.00   4.043E-02  -23.12  4.443E-08  119.01      2.05389E-02                 0.0000    -0.00   LINEAR
  118.00    0.00   4.337E-02  -28.60  4.602E-08  115.98      2.36414E-02                 0.0000    -0.00   LINEAR
  120.00    0.00   4.611E-02  -34.46  4.750E-08  112.45      2.67214E-02                 0.0000    -0.00   LINEAR
  122.00    0.00   4.857E-02  -40.70  4.880E-08  108.43      2.96447E-02                 0.0000    -0.00   LINEAR
  124.00    0.00   5.066E-02  -47.29  4.983E-08  103.92      3.22497E-02                 0.0000    -0.00   LINEAR
  126.00    0.00   5.228E-02  -54.23  5.051E-08   98.94      3.43526E-02                 0.0000    -0.00   LINEAR
  128.00    0.00   5.334E-02  -61.52  5.074E-08   93.48      3.57568E-02                 0.0000    -0.00   LINEAR
  130.00    0.00   5.372E-02  -69.14  5.045E-08   87.58      3.62665E-02                 0.0000    -0.00   LINEAR
  132.00    0.00   5.331E-02  -77.08  4.957E-08   81.24      3.57079E-02                 0.0000    -0.00   LINEAR
  134.00    0.00   5.198E-02  -85.33  4.802E-08   74.48      3.39539E-02                 0.0000    -0.00   LINEAR
  136.00    0.00   4.963E-02  -93.85  4.575E-08   67.33      3.09546E-02                 0.0000    -0.00   LINEAR
  138.00    0.00   4.615E-02 -102.63  4.274E-08   59.79      2.67696E-02                 0.0000    -0.00   LINEAR
  140.00    0.00   4.146E-02 -111.62  3.897E-08   51.90      2.15993E-02                 0.0000    -0.00   LINEAR
  142.00    0.00   3.547E-02 -120.74  3.445E-08   43.67      1.58114E-02                 0.0000    -0.00   LINEAR
  144.00    0.00   2.815E-02 -129.80  2.922E-08   35.14      9.95648E-03                 0.0000    -0.00   LINEAR
  146.00    0.00   1.948E-02 -138.28  2.336E-08   26.36      4.76796E-03                 0.0000   180.00   LINEAR
  148.00    0.00   9.529E-03 -143.16  1.695E-08   17.43      1.14098E-03                 0.0000   180.00   LINEAR
  150.00    0.00   2.627E-03  -26.42  1.010E-08    8.69      8.67305E-05                 0.0000     0.00   LINEAR
  152.00    0.00   1.455E-02   -2.13  2.975E-09    3.75      2.66113E-03                 0.0000     0.00   LINEAR
  154.00    0.00   2.803E-02   -9.81  4.350E-09  162.03      9.86991E-03                 0.0000    -0.00   LINEAR
  156.00    0.00   4.237E-02  -19.83  1.162E-08  154.67      2.25565E-02                 0.0000    -0.00   LINEAR
  158.00    0.00   5.732E-02  -30.63  1.872E-08  144.79      4.12826E-02                 0.0000    -0.00   LINEAR
  160.00    0.00   7.259E-02  -41.85  2.549E-08  134.33      6.62159E-02                 0.0000    -0.00   LINEAR
  162.00    0.00   8.788E-02  -53.37  3.179E-08  123.54      9.70389E-02                 0.0000    -0.00   LINEAR
  164.00    0.00   1.028E-01  -65.12  3.750E-08  112.51      1.32897E-01                 0.0000    -0.00   LINEAR
  166.00    0.00   1.171E-01  -77.04  4.251E-08  101.29      1.72396E-01                 0.0000    -0.00   LINEAR
  168.00    0.00   1.304E-01  -89.12  4.676E-08   89.89      2.13660E-01                 0.0000    -0.00   LINEAR
  170.00    0.00   1.423E-01 -101.32  5.020E-08   78.34      2.54450E-01                 0.0000    -0.00   LINEAR
  172.00    0.00   1.525E-01 -113.63  5.282E-08   66.67      2.92329E-01                 0.0000    -0.00   LINEAR
  174.00    0.00   1.608E-01 -126.03  5.465E-08   54.88      3.24876E-01                 0.0000    -0.00   LINEAR
  176.00    0.00   1.669E-01 -138.50  5.570E-08   43.01      3.49903E-01                 0.0000   180.00   LINEAR
  178.00    0.00   1.706E-01 -151.02  5.605E-08   31.06      3.65668E-01                 0.0000   180.00   LINEAR
  180.00    0.00   1.718E-01 -163.58  5.577E-08   19.07      3.71050E-01                 0.0000   180.00   LINEAR
  182.00    0.00   1.706E-01 -176.17  5.492E-08    7.06      3.65662E-01                 0.0000   180.00   LINEAR
  184.00    0.00   1.669E-01  171.24  5.358E-08   -4.93      3.49891E-01                 0.0000   180.00   LINEAR
  186.00    0.00   1.608E-01  158.66  5.183E-08  -16.88      3.24859E-01                 0.0000   180.00   LINEAR
  188.00    0.00   1.525E-01  146.10  4.974E-08  -28.73      2.92309E-01                 0.0000   180.00   LINEAR
  190.00    0.00   1.423E-01  133.57  4.735E-08  -40.44      2.54428E-01                 0.0000   180.00   LINEAR
  192.00    0.00   1.304E-01  121.08  4.471E-08  -51.96      2.13638E-01                 0.0000   180.00   LINEAR
  194.00    0.00   1.171E-01  108.65  4.185E-08  -63.20      1.72375E-01                 0.0000   180.00   LINEAR
  196.00    0.00   1.028E-01   96.29  3.880E-08  -74.11      1.32879E-01                 0.0000   180.00   LINEAR
  198.00    0.00   8.787E-02   83.98  3.557E-08  -84.57      9.70241E-02                 0.0000   180.00   LINEAR
  200.00    0.00   7.258E-02   71.72  3.219E-08  -94.46      6.62047E-02                 0.0000   180.00   LINEAR
  202.00    0.00   5.731E-02   59.47  2.869E-08 -103.60      4.12750E-02                 0.0000   180.00   LINEAR
  204.00    0.00   4.236E-02   47.12  2.510E-08 -111.71      2.25519E-02                 0.0000   180.00   LINEAR
  206.00    0.00   2.802E-02   34.34  2.148E-08 -118.37      9.86775E-03                 0.0000    -0.00   LINEAR
  208.00    0.00   1.455E-02   19.62  1.794E-08 -122.87      2.66048E-03                 0.0000    -0.00   LINEAR
  210.00    0.00   2.626E-03  -26.66  1.465E-08 -123.99      8.66891E-05                 0.0000    -0.00   LINEAR
  212.00    0.00   9.527E-03 -164.97  1.194E-08 -119.96      1.14067E-03                 0.0000  -180.00   LINEAR
  214.00    0.00   1.948E-02  178.82  1.033E-08 -109.54      4.76664E-03                 0.0000  -180.00   LINEAR
  216.00    0.00   2.814E-02  166.70  1.031E-08  -95.84      9.95360E-03                 0.0000   180.00   LINEAR
  218.00    0.00   3.547E-02  155.68  1.180E-08  -85.49      1.58066E-02                 0.0000   180.00   LINEAR
  220.00    0.00   4.145E-02  145.26  1.418E-08  -80.94      2.15925E-02                 0.0000   180.00   LINEAR
  222.00    0.00   4.615E-02  135.26  1.692E-08  -80.77      2.67608E-02                 0.0000   180.00   LINEAR
  224.00    0.00   4.962E-02  125.65  1.972E-08  -83.23      3.09441E-02                 0.0000   180.00   LINEAR
  226.00    0.00   5.197E-02  116.39  2.239E-08  -87.20      3.39419E-02                 0.0000   180.00   LINEAR
  228.00    0.00   5.330E-02  107.48  2.483E-08  -92.02      3.56949E-02                 0.0000   180.00   LINEAR
  230.00    0.00   5.371E-02   98.93  2.699E-08  -97.28      3.62529E-02                 0.0000   180.00   LINEAR
  232.00    0.00   5.333E-02   90.72  2.884E-08 -102.75      3.57430E-02                 0.0000   180.00   LINEAR
  234.00    0.00   5.227E-02   82.87  3.037E-08 -108.28      3.43391E-02                 0.0000   180.00   LINEAR
  236.00    0.00   5.065E-02   75.40  3.158E-08 -113.76      3.22366E-02                 0.0000   180.00   LINEAR
  238.00    0.00   4.856E-02   68.29  3.248E-08 -119.12      2.96324E-02                 0.0000   180.00   LINEAR
  240.00    0.00   4.610E-02   61.57  3.309E-08 -124.32      2.67102E-02                 0.0000   180.00   LINEAR
  242.00    0.00   4.336E-02   55.24  3.345E-08 -129.32      2.36312E-02                 0.0000   180.00   LINEAR
  244.00    0.00   4.042E-02   49.30  3.359E-08 -134.10      2.05300E-02                 0.0000   180.00   LINEAR
  246.00    0.00   3.733E-02   43.77  3.353E-08 -138.63      1.75125E-02                 0.0000    -0.00   LINEAR
  248.00    0.00   3.415E-02   38.66  3.333E-08 -142.90      1.46579E-02                 0.0000    -0.00   LINEAR
  250.00    0.00   3.093E-02   33.96  3.301E-08 -146.91      1.20212E-02                 0.0000    -0.00   LINEAR
  252.00    0.00   2.769E-02   29.70  3.261E-08 -150.64      9.63700E-03                 0.0000    -0.00   LINEAR
  254.00    0.00   2.447E-02   25.86  3.216E-08 -154.08      7.52370E-03                 0.0000    -0.00   LINEAR
  256.00    0.00   2.127E-02   22.46  3.171E-08 -157.22      5.68749E-03                 0.0000    -0.00   LINEAR
  258.00    0.00   1.812E-02   19.50  3.127E-08 -160.05      4.12596E-03                 0.0000    -0.00   LINEAR
  260.00    0.00   1.501E-02   16.99  3.087E-08 -162.55      2.83131E-03                 0.0000    -0.00   LINEAR
  262.00    0.00   1.194E-02   14.94  3.053E-08 -164.71      1.79298E-03                 0.0000    -0.00   LINEAR
  264.00    0.00   8.920E-03   13.33  3.028E-08 -166.51      9.99780E-04                 0.0000    -0.00   LINEAR
  266.00    0.00   5.927E-03   12.19  3.013E-08 -167.93      4.41458E-04                 0.0000    -0.00   LINEAR
  268.00    0.00   2.958E-03   11.50  3.009E-08 -168.93      1.09920E-04                 0.0000    -0.00   LINEAR
  270.00    0.00   5.489E-08  177.62  3.017E-08 -169.50      4.92968E-14                 0.0949  -151.53   LEFT  
  272.00    0.00   2.958E-03 -168.50  3.037E-08 -169.62      1.09926E-04                 0.0000  -180.00   LINEAR
  274.00    0.00   5.927E-03 -167.81  3.070E-08 -169.27      4.41463E-04                 0.0000  -180.00   LINEAR
  276.00    0.00   8.920E-03 -166.67  3.114E-08 -168.41      9.99764E-04                 0.0000  -180.00   LINEAR
  278.00    0.00   1.194E-02 -165.06  3.169E-08 -167.05      1.79292E-03                 0.0000  -180.00   LINEAR
  280.00    0.00   1.501E-02 -163.00  3.233E-08 -165.18      2.83116E-03                 0.0000  -180.00   LINEAR
  282.00    0.00   1.812E-02 -160.50  3.306E-08 -162.77      4.12568E-03                 0.0000  -180.00   LINEAR
  284.00    0.00   2.127E-02 -157.54  3.384E-08 -159.84      5.68702E-03                 0.0000  -180.00   LINEAR
  286.00    0.00   2.447E-02 -154.14  3.466E-08 -156.39      7.52297E-03                 0.0000  -180.00   LINEAR
  288.00    0.00   2.769E-02 -150.30  3.549E-08 -152.41      9.63593E-03                 0.0000  -180.00   LINEAR
  290.00    0.00   3.093E-02 -146.03  3.629E-08 -147.90      1.20197E-02                 0.0000  -180.00   LINEAR
  292.00    0.00   3.415E-02 -141.34  3.704E-08 -142.88      1.46559E-02                 0.0000  -180.00   LINEAR
  294.00    0.00   3.733E-02 -136.22  3.769E-08 -137.34      1.75099E-02                 0.0000  -180.00   LINEAR
  296.00    0.00   4.042E-02 -130.70  3.821E-08 -131.28      2.05266E-02                 0.0000     0.00   LINEAR
  298.00    0.00   4.336E-02 -124.76  3.857E-08 -124.69      2.36271E-02                 0.0000     0.00   LINEAR
  300.00    0.00   4.610E-02 -118.43  3.872E-08 -117.58      2.67051E-02                 0.0000     0.00   LINEAR
  302.00    0.00   4.856E-02 -111.71  3.864E-08 -109.92      2.96265E-02                 0.0000     0.00   LINEAR
  304.00    0.00   5.064E-02 -104.60  3.830E-08 -101.70      3.22298E-02                 0.0000     0.00   LINEAR
  306.00    0.00   5.227E-02  -97.12  3.768E-08  -92.90      3.43314E-02                 0.0000     0.00   LINEAR
  308.00    0.00   5.333E-02  -89.28  3.676E-08  -83.48      3.57346E-02                 0.0000     0.00   LINEAR
  310.00    0.00   5.370E-02  -81.07  3.555E-08  -73.39      3.62440E-02                 0.0000     0.00   LINEAR
  312.00    0.00   5.329E-02  -72.51  3.406E-08  -62.57      3.56857E-02                 0.0000     0.00   LINEAR
  314.00    0.00   5.196E-02  -63.60  3.231E-08  -50.93      3.39328E-02                 0.0000     0.00   LINEAR
  316.00    0.00   4.962E-02  -54.35  3.034E-08  -38.38      3.09354E-02                 0.0000     0.00   LINEAR
  318.00    0.00   4.614E-02  -44.73  2.821E-08  -24.77      2.67530E-02                 0.0000     0.00   LINEAR
  320.00    0.00   4.145E-02  -34.74  2.601E-08   -9.91      2.15860E-02                 0.0000     0.00   LINEAR
  322.00    0.00   3.546E-02  -24.31  2.382E-08    6.40      1.58017E-02                 0.0000     0.00   LINEAR
  324.00    0.00   2.814E-02  -13.30  2.177E-08   24.42      9.95036E-03                 0.0000     0.00   LINEAR
  326.00    0.00   1.947E-02   -1.18  2.001E-08   44.35      4.76501E-03                 0.0000     0.00   LINEAR
  328.00    0.00   9.526E-03   15.04  1.870E-08   66.18      1.14024E-03                 0.0000     0.00   LINEAR
  330.00    0.00   2.627E-03  153.33  1.800E-08   89.60      8.67002E-05                 0.0000  -180.00   LINEAR
  332.00    0.00   1.455E-02 -160.38  1.801E-08  113.84      2.65976E-03                 0.0000  -180.00   LINEAR
  334.00    0.00   2.802E-02 -145.66  1.876E-08  137.91      9.86469E-03                 0.0000  -180.00   LINEAR
  336.00    0.00   4.236E-02 -132.87  2.017E-08  161.02      2.25446E-02                 0.0000     0.00   LINEAR
  338.00    0.00   5.730E-02 -120.53  2.213E-08 -177.21      4.12611E-02                 0.0000     0.00   LINEAR
  340.00    0.00   7.257E-02 -108.28  2.455E-08 -156.83      6.61819E-02                 0.0000     0.00   LINEAR
  342.00    0.00   8.785E-02  -96.02  2.733E-08 -137.70      9.69901E-02                 0.0000     0.00   LINEAR
  344.00    0.00   1.028E-01  -83.71  3.040E-08 -119.67      1.32832E-01                 0.0000     0.00   LINEAR
  346.00    0.00   1.171E-01  -71.34  3.372E-08 -102.59      1.72313E-01                 0.0000     0.00   LINEAR
  348.00    0.00   1.304E-01  -58.91  3.722E-08  -86.34      2.13561E-01                 0.0000     0.00   LINEAR
  350.00    0.00   1.423E-01  -46.43  4.085E-08  -70.81      2.54335E-01                 0.0000     0.00   LINEAR
  352.00    0.00   1.525E-01  -33.90  4.453E-08  -55.95      2.92202E-01                 0.0000     0.00   LINEAR
  354.00    0.00   1.608E-01  -21.34  4.819E-08  -41.69      3.24739E-01                 0.0000     0.00   LINEAR
  356.00    0.00   1.668E-01   -8.76  5.174E-08  -27.98      3.49761E-01                 0.0000     0.00   LINEAR
  358.00    0.00   1.706E-01    3.83  5.505E-08  -14.78      3.65526E-01                 0.0000     0.00   LINEAR
  360.00    0.00   1.718E-01   16.42  5.803E-08   -2.06      3.70913E-01                 0.0000     0.00   LINEAR