 0.00    0.00   2.378E-01   23.17  8.800E-08  -87.87      7.10824E-01                 0.0000    -0.00   LINEAR
    2.00    0.00   2.361E-01   35.73  1.141E-07  -92.23      7.00568E-01                 0.0000    -0.00   LINEAR
    4.00    0.00   2.310E-01   48.23  1.414E-07  -89.71      6.70540E-01                 0.0000   180.00   LINEAR
    6.00    0.00   2.226E-01   60.68  1.654E-07  -83.71      6.22865E-01                 0.0000   180.00   LINEAR
    8.00    0.00   2.113E-01   73.04  1.835E-07  -75.92      5.60845E-01                 0.0000   180.00   LINEAR
   10.00    0.00   1.972E-01   85.30  1.942E-07  -67.18      4.88629E-01                 0.0000   180.00   LINEAR
   12.00    0.00   1.808E-01   97.44  1.967E-07  -58.00      4.10815E-01                 0.0000   180.00   LINEAR
   14.00    0.00   1.625E-01  109.45  1.908E-07  -48.69      3.32027E-01                 0.0000   180.00   LINEAR
   16.00    0.00   1.429E-01  121.28  1.767E-07  -39.56      2.56522E-01                 0.0000   180.00   LINEAR
   18.00    0.00   1.223E-01  132.92  1.553E-07  -30.98      1.87875E-01                 0.0000   180.00   LINEAR
   20.00    0.00   1.012E-01  144.30  1.278E-07  -23.56      1.28747E-01                 0.0000   180.00   LINEAR
   22.00    0.00   8.018E-02  155.35  9.585E-08  -18.76      8.07811E-02                 0.0000   180.00   LINEAR
   24.00    0.00   5.958E-02  165.91  6.247E-08  -21.08      4.46024E-02                 0.0000   180.00   LINEAR
   26.00    0.00   3.981E-02  175.54  3.689E-08  -47.67      1.99160E-02                 0.0000   180.00   LINEAR
   28.00    0.00   2.126E-02 -177.52  4.464E-08  -95.88      5.67726E-03                 0.0000  -180.00   LINEAR
   30.00    0.00   4.913E-03  161.73  7.579E-08 -109.91      3.03294E-04                 0.0000  -180.00   LINEAR
   32.00    0.00   1.229E-02   47.10  1.101E-07 -109.17      1.89845E-03                 0.0000   180.00   LINEAR
   34.00    0.00   2.596E-02   49.42  1.426E-07 -104.07      8.46619E-03                 0.0000   180.00   LINEAR
   36.00    0.00   3.794E-02   57.17  1.713E-07  -97.34      1.80890E-02                 0.0000   180.00   LINEAR
   38.00    0.00   4.809E-02   65.85  1.954E-07  -89.97      2.90642E-02                 0.0000   180.00   LINEAR
   40.00    0.00   5.641E-02   74.70  2.144E-07  -82.38      3.99915E-02                 0.0000   180.00   LINEAR
   42.00    0.00   6.296E-02   83.47  2.280E-07  -74.80      4.98141E-02                 0.0000   180.00   LINEAR
   44.00    0.00   6.783E-02   92.07  2.362E-07  -67.36      5.78204E-02                 0.0000   180.00   LINEAR
   46.00    0.00   7.115E-02  100.42  2.394E-07  -60.17      6.36153E-02                 0.0000   180.00   LINEAR
   48.00    0.00   7.306E-02  108.51  2.379E-07  -53.29      6.70713E-02                 0.0000   180.00   LINEAR
   50.00    0.00   7.371E-02  116.30  2.322E-07  -46.78      6.82705E-02                 0.0000   180.00   LINEAR
   52.00    0.00   7.326E-02  123.78  2.231E-07  -40.71      6.74427E-02                 0.0000   180.00   LINEAR
   54.00    0.00   7.187E-02  130.94  2.110E-07  -35.15      6.49097E-02                 0.0000   180.00   LINEAR
   56.00    0.00   6.969E-02  137.75  1.968E-07  -30.16      6.10364E-02                 0.0000   180.00   LINEAR
   58.00    0.00   6.687E-02  144.22  1.810E-07  -25.83      5.61924E-02                 0.0000   180.00   LINEAR
   60.00    0.00   6.353E-02  150.33  1.644E-07  -22.26      5.07247E-02                 0.0000   180.00   LINEAR
   62.00    0.00   5.980E-02  156.07  1.476E-07  -19.57      4.49394E-02                 0.0000   180.00   LINEAR
   64.00    0.00   5.578E-02  161.44  1.311E-07  -17.92      3.90927E-02                 0.0000   180.00   LINEAR
   66.00    0.00   5.155E-02  166.44  1.155E-07  -17.50      3.33882E-02                 0.0000   180.00   LINEAR
   68.00    0.00   4.719E-02  171.05  1.013E-07  -18.49      2.79786E-02                 0.0000   180.00   LINEAR
   70.00    0.00   4.275E-02  175.28  8.893E-08  -21.07      2.29710E-02                 0.0000   180.00   LINEAR
   72.00    0.00   3.830E-02  179.11  7.886E-08  -25.31      1.84341E-02                 0.0000   180.00   LINEAR
   74.00    0.00   3.386E-02 -177.46  7.135E-08  -31.01      1.44055E-02                 0.0000   180.00   LINEAR
   76.00    0.00   2.945E-02 -174.42  6.646E-08  -37.66      1.08993E-02                 0.0000   180.00   LINEAR
   78.00    0.00   2.509E-02 -171.78  6.392E-08  -44.46      7.91314E-03                 0.0000   180.00   LINEAR
   80.00    0.00   2.079E-02 -169.54  6.323E-08  -50.67      5.43400E-03                 0.0000   180.00   LINEAR
   82.00    0.00   1.655E-02 -167.71  6.373E-08  -55.79      3.44332E-03                 0.0000   180.00   LINEAR
   84.00    0.00   1.236E-02 -166.29  6.481E-08  -59.64      1.92102E-03                 0.0000   180.00   LINEAR
   86.00    0.00   8.218E-03 -165.27  6.598E-08  -62.28      8.48589E-04                 0.0000   180.00   LINEAR
   88.00    0.00   4.101E-03 -164.66  6.692E-08  -63.78      2.11351E-04                 0.0000   180.00   LINEAR
   90.00    0.00   3.198E-07  -10.96  6.745E-08  -64.27      1.34208E-12                 0.1664     7.39   RIGHT 
   92.00    0.00   4.102E-03   15.34  6.749E-08  -63.78      2.11483E-04                 0.0000     0.00   LINEAR
   94.00    0.00   8.221E-03   14.73  6.711E-08  -62.30      8.49296E-04                 0.0000     0.00   LINEAR
   96.00    0.00   1.237E-02   13.70  6.648E-08  -59.77      1.92319E-03                 0.0000     0.00   LINEAR
   98.00    0.00   1.657E-02   12.28  6.590E-08  -56.14      3.44832E-03                 0.0000     0.00   LINEAR
  100.00    0.00   2.081E-02   10.44  6.581E-08  -51.40      5.44368E-03                 0.0000     0.00   LINEAR
  102.00    0.00   2.512E-02    8.20  6.676E-08  -45.70      7.92985E-03                 0.0000     0.00   LINEAR
  104.00    0.00   2.949E-02    5.56  6.934E-08  -39.45      1.09259E-02                 0.0000     0.00   LINEAR
  106.00    0.00   3.390E-02    2.52  7.406E-08  -33.28      1.44454E-02                 0.0000     0.00   LINEAR
  108.00    0.00   3.836E-02   -0.92  8.118E-08  -27.86      1.84912E-02                 0.0000     0.00   LINEAR
  110.00    0.00   4.283E-02   -4.76  9.072E-08  -23.69      2.30496E-02                 0.0000     0.00   LINEAR
  112.00    0.00   4.727E-02   -8.98  1.025E-07  -21.01      2.80832E-02                 0.0000     0.00   LINEAR
  114.00    0.00   5.165E-02  -13.60  1.160E-07  -19.80      3.35236E-02                 0.0000     0.00   LINEAR
  116.00    0.00   5.590E-02  -18.60  1.310E-07  -19.96      3.92634E-02                 0.0000     0.00   LINEAR
  118.00    0.00   5.994E-02  -23.97  1.468E-07  -21.31      4.51492E-02                 0.0000     0.00   LINEAR
  120.00    0.00   6.369E-02  -29.72  1.630E-07  -23.69      5.09767E-02                 0.0000     0.00   LINEAR
  122.00    0.00   6.705E-02  -35.83  1.790E-07  -26.94      5.64880E-02                 0.0000     0.00   LINEAR
  124.00    0.00   6.989E-02  -42.30  1.941E-07  -30.95      6.13750E-02                 0.0000     0.00   LINEAR
  126.00    0.00   7.208E-02  -49.12  2.077E-07  -35.60      6.52879E-02                 0.0000     0.00   LINEAR
  128.00    0.00   7.348E-02  -56.28  2.193E-07  -40.80      6.78540E-02                 0.0000     0.00   LINEAR
  130.00    0.00   7.394E-02  -63.77  2.280E-07  -46.47      6.87050E-02                 0.0000     0.00   LINEAR
  132.00    0.00   7.330E-02  -71.56  2.332E-07  -52.53      6.75156E-02                 0.0000     0.00   LINEAR
  134.00    0.00   7.139E-02  -79.66  2.345E-07  -58.89      6.40528E-02                 0.0000     0.00   LINEAR
  136.00    0.00   6.807E-02  -88.02  2.313E-07  -65.47      5.82325E-02                 0.0000     0.00   LINEAR
  138.00    0.00   6.319E-02  -96.62  2.233E-07  -72.15      5.01814E-02                 0.0000     0.00   LINEAR
  140.00    0.00   5.663E-02 -105.40  2.102E-07  -78.76      4.02963E-02                 0.0000     0.00   LINEAR
  142.00    0.00   4.828E-02 -114.26  1.923E-07  -85.06      2.92931E-02                 0.0000     0.00   LINEAR
  144.00    0.00   3.809E-02 -122.95  1.700E-07  -90.67      1.82364E-02                 0.0000     0.00   LINEAR
  146.00    0.00   2.607E-02 -130.71  1.441E-07  -94.84      8.53797E-03                 0.0000     0.00   LINEAR
  148.00    0.00   1.235E-02 -133.09  1.163E-07  -96.17      1.91524E-03                 0.0000     0.00   LINEAR
  150.00    0.00   4.913E-03  -18.27  8.995E-08  -91.78      3.03350E-04                 0.0000     0.00   LINEAR
  152.00    0.00   2.133E-02    2.43  7.197E-08  -77.44      5.71812E-03                 0.0000     0.00   LINEAR
  154.00    0.00   3.997E-02   -4.53  7.192E-08  -56.20      2.00745E-02                 0.0000     0.00   LINEAR
  156.00    0.00   5.982E-02  -14.18  8.960E-08  -42.29      4.49724E-02                 0.0000     0.00   LINEAR
  158.00    0.00   8.052E-02  -24.74  1.151E-07  -38.69      8.14692E-02                 0.0000     0.00   LINEAR
  160.00    0.00   1.017E-01  -35.80  1.412E-07  -41.16      1.29865E-01                 0.0000     0.00   LINEAR
  162.00    0.00   1.228E-01  -47.19  1.640E-07  -46.82      1.89533E-01                 0.0000     0.00   LINEAR
  164.00    0.00   1.435E-01  -58.83  1.811E-07  -54.24      2.58816E-01                 0.0000     0.00   LINEAR
  166.00    0.00   1.633E-01  -70.66  1.912E-07  -62.66      3.35027E-01                 0.0000     0.00   LINEAR
  168.00    0.00   1.816E-01  -82.67  1.934E-07  -71.63      4.14561E-01                 0.0000     0.00   LINEAR
  170.00    0.00   1.981E-01  -94.81  1.871E-07  -80.82      4.93118E-01                 0.0000     0.00   LINEAR
  172.00    0.00   2.122E-01 -107.08  1.727E-07  -89.91      5.66027E-01                 0.0000     0.00   LINEAR
  174.00    0.00   2.237E-01 -119.44  1.505E-07  -98.46      6.28646E-01                 0.0000     0.00   LINEAR
  176.00    0.00   2.321E-01 -131.89  1.220E-07 -105.63      6.76784E-01                 0.0000     0.00   LINEAR
  178.00    0.00   2.372E-01 -144.39  8.902E-08 -109.36      7.07105E-01                 0.0000  -180.00   LINEAR
  180.00    0.00   2.389E-01 -156.95  5.600E-08 -102.68      7.17460E-01                 0.0000  -180.00   LINEAR
  182.00    0.00   2.372E-01 -169.54  3.838E-08  -65.52      7.07107E-01                 0.0000   180.00   LINEAR
  184.00    0.00   2.321E-01  177.86  5.773E-08  -29.80      6.76790E-01                 0.0000   180.00   LINEAR
  186.00    0.00   2.237E-01  165.25  9.205E-08  -23.86      6.28654E-01                 0.0000   180.00   LINEAR
  188.00    0.00   2.122E-01  152.65  1.268E-07  -27.83      5.66036E-01                 0.0000   180.00   LINEAR
  190.00    0.00   1.981E-01  140.07  1.577E-07  -35.14      4.93127E-01                 0.0000   180.00   LINEAR
  192.00    0.00   1.816E-01  127.53  1.828E-07  -43.82      4.14571E-01                 0.0000   180.00   LINEAR
  194.00    0.00   1.633E-01  115.03  2.010E-07  -53.08      3.35036E-01                 0.0000   180.00   LINEAR
  196.00    0.00   1.435E-01  102.58  2.115E-07  -62.55      2.58823E-01                 0.0000   180.00   LINEAR
  198.00    0.00   1.228E-01   90.17  2.142E-07  -71.96      1.89538E-01                 0.0000   180.00   LINEAR
  200.00    0.00   1.017E-01   77.78  2.093E-07  -81.11      1.29869E-01                 0.0000   180.00   LINEAR
  202.00    0.00   8.052E-02   65.36  1.973E-07  -89.78      8.14713E-02                 0.0000   180.00   LINEAR
  204.00    0.00   5.982E-02   52.77  1.794E-07  -97.68      4.49732E-02                 0.0000   180.00   LINEAR
  206.00    0.00   3.997E-02   39.62  1.567E-07 -104.37      2.00745E-02                 0.0000    -0.00   LINEAR
  208.00    0.00   2.133E-02   24.18  1.309E-07 -109.08      5.71778E-03                 0.0000    -0.00   LINEAR
  210.00    0.00   4.912E-03  -18.52  1.044E-07 -110.32      3.03160E-04                 0.0000    -0.00   LINEAR
  212.00    0.00   1.235E-02 -154.90  8.072E-08 -105.35      1.91564E-03                 0.0000  -180.00   LINEAR
  214.00    0.00   2.607E-02 -173.61  6.572E-08  -90.99      8.53931E-03                 0.0000  -180.00   LINEAR
  216.00    0.00   3.810E-02  173.56  6.587E-08  -71.40      1.82389E-02                 0.0000   180.00   LINEAR
  218.00    0.00   4.828E-02  162.16  7.949E-08  -58.27      2.92969E-02                 0.0000   180.00   LINEAR
  220.00    0.00   5.663E-02  151.47  9.897E-08  -53.71      4.03014E-02                 0.0000   180.00   LINEAR
  222.00    0.00   6.320E-02  141.27  1.192E-07  -54.31      5.01877E-02                 0.0000   180.00   LINEAR
  224.00    0.00   6.808E-02  131.48  1.376E-07  -57.60      5.82399E-02                 0.0000   180.00   LINEAR
  226.00    0.00   7.140E-02  122.06  1.532E-07  -62.28      6.40609E-02                 0.0000   180.00   LINEAR
  228.00    0.00   7.330E-02  113.00  1.656E-07  -67.67      6.75243E-02                 0.0000   180.00   LINEAR
  230.00    0.00   7.395E-02  104.30  1.744E-07  -73.40      6.87139E-02                 0.0000   180.00   LINEAR
  232.00    0.00   7.349E-02   95.96  1.800E-07  -79.24      6.78629E-02                 0.0000   180.00   LINEAR
  234.00    0.00   7.208E-02   87.98  1.824E-07  -85.04      6.52966E-02                 0.0000   180.00   LINEAR
  236.00    0.00   6.989E-02   80.38  1.820E-07  -90.72      6.13832E-02                 0.0000   180.00   LINEAR
  238.00    0.00   6.705E-02   73.15  1.792E-07  -96.21      5.64957E-02                 0.0000   180.00   LINEAR
  240.00    0.00   6.370E-02   66.31  1.744E-07 -101.45      5.09837E-02                 0.0000   180.00   LINEAR
  242.00    0.00   5.994E-02   59.87  1.681E-07 -106.41      4.51555E-02                 0.0000   180.00   LINEAR
  244.00    0.00   5.590E-02   53.83  1.605E-07 -111.07      3.92689E-02                 0.0000   180.00   LINEAR
  246.00    0.00   5.165E-02   48.20  1.522E-07 -115.41      3.35284E-02                 0.0000   180.00   LINEAR
  248.00    0.00   4.728E-02   42.98  1.435E-07 -119.40      2.80873E-02                 0.0000    -0.00   LINEAR
  250.00    0.00   4.283E-02   38.20  1.346E-07 -123.05      2.30529E-02                 0.0000    -0.00   LINEAR
  252.00    0.00   3.836E-02   33.85  1.258E-07 -126.34      1.84939E-02                 0.0000    -0.00   LINEAR
  254.00    0.00   3.391E-02   29.94  1.174E-07 -129.28      1.44475E-02                 0.0000    -0.00   LINEAR
  256.00    0.00   2.949E-02   26.47  1.096E-07 -131.87      1.09275E-02                 0.0000    -0.00   LINEAR
  258.00    0.00   2.512E-02   23.45  1.025E-07 -134.12      7.93104E-03                 0.0000    -0.00   LINEAR
  260.00    0.00   2.081E-02   20.89  9.617E-08 -136.04      5.44450E-03                 0.0000    -0.00   LINEAR
  262.00    0.00   1.657E-02   18.79  9.082E-08 -137.64      3.44885E-03                 0.0000    -0.00   LINEAR
  264.00    0.00   1.237E-02   17.16  8.647E-08 -138.95      1.92349E-03                 0.0000    -0.00   LINEAR
  266.00    0.00   8.222E-03   15.98  8.320E-08 -139.97      8.49426E-04                 0.0000    -0.00   LINEAR
  268.00    0.00   4.103E-03   15.28  8.103E-08 -140.70      2.11516E-04                 0.0000    -0.00   LINEAR
  270.00    0.00   3.129E-07   -6.80  8.000E-08 -141.16      1.31058E-12                 0.1769   -10.47   RIGHT 
  272.00    0.00   4.101E-03 -164.71  8.011E-08 -141.32      2.11383E-04                 0.0000  -180.00   LINEAR
  274.00    0.00   8.218E-03 -164.01  8.139E-08 -141.16      8.48718E-04                 0.0000  -180.00   LINEAR
  276.00    0.00   1.237E-02 -162.83  8.381E-08 -140.65      1.92131E-03                 0.0000  -180.00   LINEAR
  278.00    0.00   1.655E-02 -161.19  8.735E-08 -139.77      3.44384E-03                 0.0000  -180.00   LINEAR
  280.00    0.00   2.080E-02 -159.09  9.198E-08 -138.49      5.43482E-03                 0.0000  -180.00   LINEAR
  282.00    0.00   2.510E-02 -156.53  9.762E-08 -136.79      7.91433E-03                 0.0000  -180.00   LINEAR
  284.00    0.00   2.945E-02 -153.51  1.042E-07 -134.66      1.09009E-02                 0.0000  -180.00   LINEAR
  286.00    0.00   3.386E-02 -150.04  1.116E-07 -132.09      1.44076E-02                 0.0000  -180.00   LINEAR
  288.00    0.00   3.830E-02 -146.12  1.196E-07 -129.09      1.84368E-02                 0.0000  -180.00   LINEAR
  290.00    0.00   4.276E-02 -141.77  1.282E-07 -125.67      2.29744E-02                 0.0000  -180.00   LINEAR
  292.00    0.00   4.719E-02 -136.98  1.370E-07 -121.84      2.79827E-02                 0.0000  -180.00   LINEAR
  294.00    0.00   5.155E-02 -131.77  1.457E-07 -117.61      3.33930E-02                 0.0000     0.00   LINEAR
  296.00    0.00   5.578E-02 -126.13  1.542E-07 -113.00      3.90983E-02                 0.0000     0.00   LINEAR
  298.00    0.00   5.981E-02 -120.09  1.620E-07 -108.03      4.49457E-02                 0.0000     0.00   LINEAR
  300.00    0.00   6.354E-02 -113.64  1.688E-07 -102.73      5.07318E-02                 0.0000     0.00   LINEAR
  302.00    0.00   6.688E-02 -106.80  1.740E-07  -97.12      5.62002E-02                 0.0000     0.00   LINEAR
  304.00    0.00   6.970E-02  -99.57  1.774E-07  -91.23      6.10448E-02                 0.0000     0.00   LINEAR
  306.00    0.00   7.188E-02  -91.96  1.784E-07  -85.12      6.49186E-02                 0.0000     0.00   LINEAR
  308.00    0.00   7.326E-02  -83.97  1.767E-07  -78.83      6.74518E-02                 0.0000     0.00   LINEAR
  310.00    0.00   7.371E-02  -75.63  1.719E-07  -72.44      6.82795E-02                 0.0000     0.00   LINEAR
  312.00    0.00   7.306E-02  -66.92  1.637E-07  -66.06      6.70802E-02                 0.0000     0.00   LINEAR
  314.00    0.00   7.115E-02  -57.86  1.518E-07  -59.87      6.36236E-02                 0.0000     0.00   LINEAR
  316.00    0.00   6.784E-02  -48.43  1.365E-07  -54.17      5.78280E-02                 0.0000     0.00   LINEAR
  318.00    0.00   6.297E-02  -38.63  1.178E-07  -49.49      4.98207E-02                 0.0000     0.00   LINEAR
  320.00    0.00   5.642E-02  -28.43  9.664E-08  -46.93      3.99969E-02                 0.0000     0.00   LINEAR
  322.00    0.00   4.810E-02  -17.73  7.459E-08  -48.95      2.90682E-02                 0.0000     0.00   LINEAR
  324.00    0.00   3.794E-02   -6.33  5.596E-08  -60.83      1.80917E-02                 0.0000     0.00   LINEAR
  326.00    0.00   2.596E-02    6.52  5.021E-08  -85.99      8.46763E-03                 0.0000    -0.00   LINEAR
  328.00    0.00   1.229E-02   25.28  6.345E-08 -107.44      1.89888E-03                 0.0000    -0.00   LINEAR
  330.00    0.00   4.911E-03  161.48  8.759E-08 -114.84      3.03068E-04                 0.0000  -180.00   LINEAR
  332.00    0.00   2.125E-02 -155.77  1.148E-07 -113.99      5.67681E-03                 0.0000  -180.00   LINEAR
  334.00    0.00   3.981E-02 -140.30  1.411E-07 -109.20      1.99159E-02                 0.0000  -180.00   LINEAR
  336.00    0.00   5.958E-02 -127.14  1.643E-07 -102.37      4.46030E-02                 0.0000     0.00   LINEAR
  338.00    0.00   8.018E-02 -114.55  1.829E-07  -94.42      8.07829E-02                 0.0000     0.00   LINEAR
  340.00    0.00   1.012E-01 -102.12  1.955E-07  -85.84      1.28750E-01                 0.0000     0.00   LINEAR
  342.00    0.00   1.223E-01  -89.73  2.014E-07  -76.95      1.87880E-01                 0.0000     0.00   LINEAR
  344.00    0.00   1.429E-01  -77.31  1.998E-07  -68.03      2.56529E-01                 0.0000     0.00   LINEAR
  346.00    0.00   1.625E-01  -64.86  1.907E-07  -59.37      3.32034E-01                 0.0000     0.00   LINEAR
  348.00    0.00   1.808E-01  -52.35  1.746E-07  -51.36      4.10824E-01                 0.0000     0.00   LINEAR
  350.00    0.00   1.972E-01  -39.81  1.523E-07  -44.67      4.88638E-01                 0.0000     0.00   LINEAR
  352.00    0.00   2.113E-01  -27.23  1.258E-07  -40.54      5.60853E-01                 0.0000     0.00   LINEAR
  354.00    0.00   2.226E-01  -14.64  9.835E-08  -41.53      6.22872E-01                 0.0000     0.00   LINEAR
  356.00    0.00   2.310E-01   -2.03  7.680E-08  -52.12      6.70545E-01                 0.0000     0.00   LINEAR
  358.00    0.00   2.361E-01   10.58  7.219E-08  -72.37      7.00571E-01                 0.0000     0.00   LINEAR
  360.00    0.00   2.378E-01   23.17  8.800E-08  -87.87      7.10824E-01                 0.0000    -0.00   LINEAR