 0.00    0.00   1.838E-01   17.43  0.000E+00    0.00      4.24535E-01                 0.0000     0.00   LINEAR
    2.00    0.00   1.824E-01   29.99  0.000E+00    0.00      4.18257E-01                 0.0000     0.00   LINEAR
    4.00    0.00   1.784E-01   42.52  0.000E+00    0.00      3.99886E-01                 0.0000     0.00   LINEAR
    6.00    0.00   1.718E-01   54.99  0.000E+00    0.00      3.70754E-01                 0.0000   180.00   LINEAR
    8.00    0.00   1.628E-01   67.39  0.000E+00    0.00      3.32926E-01                 0.0000   180.00   LINEAR
   10.00    0.00   1.516E-01   79.71  0.000E+00    0.00      2.88992E-01                 0.0000   180.00   LINEAR
   12.00    0.00   1.387E-01   91.91  0.000E+00    0.00      2.41809E-01                 0.0000   180.00   LINEAR
   14.00    0.00   1.243E-01  104.00  0.000E+00    0.00      1.94234E-01                 0.0000   180.00   LINEAR
   16.00    0.00   1.088E-01  115.92  0.000E+00    0.00      1.48880E-01                 0.0000   180.00   LINEAR
   18.00    0.00   9.267E-02  127.67  0.000E+00    0.00      1.07913E-01                 0.0000   180.00   LINEAR
   20.00    0.00   7.617E-02  139.18  0.000E+00    0.00      7.29178E-02                 0.0000   180.00   LINEAR
   22.00    0.00   5.973E-02  150.39  0.000E+00    0.00      4.48377E-02                 0.0000   180.00   LINEAR
   24.00    0.00   4.368E-02  161.14  0.000E+00    0.00      2.39803E-02                 0.0000   180.00   LINEAR
   26.00    0.00   2.833E-02  170.99  0.000E+00    0.00      1.00888E-02                 0.0000   180.00   LINEAR
   28.00    0.00   1.397E-02  177.95  0.000E+00    0.00      2.45393E-03                 0.0000   180.00   LINEAR
   30.00    0.00   2.034E-03  122.68  0.000E+00    0.00      5.19700E-05                 0.0000   180.00   LINEAR
   32.00    0.00   1.159E-02   37.13  0.000E+00    0.00      1.68698E-03                 0.0000     0.00   LINEAR
   34.00    0.00   2.207E-02   42.85  0.000E+00    0.00      6.12295E-03                 0.0000     0.00   LINEAR
   36.00    0.00   3.115E-02   51.46  0.000E+00    0.00      1.21932E-02                 0.0000   180.00   LINEAR
   38.00    0.00   3.876E-02   60.57  0.000E+00    0.00      1.88805E-02                 0.0000   180.00   LINEAR
   40.00    0.00   4.493E-02   69.72  0.000E+00    0.00      2.53657E-02                 0.0000   180.00   LINEAR
   42.00    0.00   4.971E-02   78.72  0.000E+00    0.00      3.10482E-02                 0.0000   180.00   LINEAR
   44.00    0.00   5.318E-02   87.52  0.000E+00    0.00      3.55407E-02                 0.0000   180.00   LINEAR
   46.00    0.00   5.546E-02   96.06  0.000E+00    0.00      3.86478E-02                 0.0000   180.00   LINEAR
   48.00    0.00   5.665E-02  104.32  0.000E+00    0.00      4.03321E-02                 0.0000   180.00   LINEAR
   50.00    0.00   5.689E-02  112.27  0.000E+00    0.00      4.06760E-02                 0.0000   180.00   LINEAR
   52.00    0.00   5.631E-02  119.90  0.000E+00    0.00      3.98433E-02                 0.0000   180.00   LINEAR
   54.00    0.00   5.502E-02  127.20  0.000E+00    0.00      3.80451E-02                 0.0000   180.00   LINEAR
   56.00    0.00   5.316E-02  134.15  0.000E+00    0.00      3.55101E-02                 0.0000   180.00   LINEAR
   58.00    0.00   5.083E-02  140.75  0.000E+00    0.00      3.24632E-02                 0.0000   180.00   LINEAR
   60.00    0.00   4.813E-02  146.98  0.000E+00    0.00      2.91101E-02                 0.0000   180.00   LINEAR
   62.00    0.00   4.516E-02  152.85  0.000E+00    0.00      2.56279E-02                 0.0000   180.00   LINEAR
   64.00    0.00   4.199E-02  158.33  0.000E+00    0.00      2.21610E-02                 0.0000   180.00   LINEAR
   66.00    0.00   3.870E-02  163.44  0.000E+00    0.00      1.88210E-02                 0.0000   180.00   LINEAR
   68.00    0.00   3.533E-02  168.15  0.000E+00    0.00      1.56885E-02                 0.0000   180.00   LINEAR
   70.00    0.00   3.194E-02  172.47  0.000E+00    0.00      1.28173E-02                 0.0000   180.00   LINEAR
   72.00    0.00   2.854E-02  176.38  0.000E+00    0.00      1.02391E-02                 0.0000   180.00   LINEAR
   74.00    0.00   2.518E-02  179.90  0.000E+00    0.00      7.96827E-03                 0.0000   180.00   LINEAR
   76.00    0.00   2.186E-02 -176.99  0.000E+00    0.00      6.00633E-03                 0.0000   180.00   LINEAR
   78.00    0.00   1.860E-02 -174.30  0.000E+00    0.00      4.34631E-03                 0.0000   180.00   LINEAR
   80.00    0.00   1.539E-02 -172.01  0.000E+00    0.00      2.97610E-03                 0.0000   180.00   LINEAR
   82.00    0.00   1.224E-02 -170.13  0.000E+00    0.00      1.88133E-03                 0.0000   180.00   LINEAR
   84.00    0.00   9.130E-03 -168.67  0.000E+00    0.00      1.04758E-03                 0.0000   180.00   LINEAR
   86.00    0.00   6.064E-03 -167.63  0.000E+00    0.00      4.62105E-04                 0.0000   180.00   LINEAR
   88.00    0.00   3.025E-03 -167.01  0.000E+00    0.00      1.14993E-04                 0.0000   180.00   LINEAR
   90.00    0.00   5.302E-18 -166.80  0.000E+00    0.00      3.53299E-34                 0.0000   180.00   LINEAR
   92.00    0.00   3.025E-03   12.99  0.000E+00    0.00      1.14993E-04                 0.0000     0.00   LINEAR
   94.00    0.00   6.064E-03   12.37  0.000E+00    0.00      4.62105E-04                 0.0000     0.00   LINEAR
   96.00    0.00   9.130E-03   11.33  0.000E+00    0.00      1.04758E-03                 0.0000     0.00   LINEAR
   98.00    0.00   1.224E-02    9.87  0.000E+00    0.00      1.88133E-03                 0.0000     0.00   LINEAR
  100.00    0.00   1.539E-02    7.99  0.000E+00    0.00      2.97610E-03                 0.0000     0.00   LINEAR
  102.00    0.00   1.860E-02    5.70  0.000E+00    0.00      4.34631E-03                 0.0000     0.00   LINEAR
  104.00    0.00   2.186E-02    3.01  0.000E+00    0.00      6.00633E-03                 0.0000     0.00   LINEAR
  106.00    0.00   2.518E-02   -0.10  0.000E+00    0.00      7.96827E-03                 0.0000     0.00   LINEAR
  108.00    0.00   2.854E-02   -3.62  0.000E+00    0.00      1.02391E-02                 0.0000     0.00   LINEAR
  110.00    0.00   3.194E-02   -7.53  0.000E+00    0.00      1.28173E-02                 0.0000     0.00   LINEAR
  112.00    0.00   3.533E-02  -11.85  0.000E+00    0.00      1.56885E-02                 0.0000     0.00   LINEAR
  114.00    0.00   3.870E-02  -16.56  0.000E+00    0.00      1.88210E-02                 0.0000     0.00   LINEAR
  116.00    0.00   4.199E-02  -21.67  0.000E+00    0.00      2.21610E-02                 0.0000     0.00   LINEAR
  118.00    0.00   4.516E-02  -27.15  0.000E+00    0.00      2.56279E-02                 0.0000     0.00   LINEAR
  120.00    0.00   4.813E-02  -33.02  0.000E+00    0.00      2.91101E-02                 0.0000     0.00   LINEAR
  122.00    0.00   5.083E-02  -39.25  0.000E+00    0.00      3.24632E-02                 0.0000     0.00   LINEAR
  124.00    0.00   5.316E-02  -45.85  0.000E+00    0.00      3.55101E-02                 0.0000     0.00   LINEAR
  126.00    0.00   5.502E-02  -52.80  0.000E+00    0.00      3.80451E-02                 0.0000     0.00   LINEAR
  128.00    0.00   5.631E-02  -60.10  0.000E+00    0.00      3.98433E-02                 0.0000     0.00   LINEAR
  130.00    0.00   5.689E-02  -67.73  0.000E+00    0.00      4.06760E-02                 0.0000     0.00   LINEAR
  132.00    0.00   5.665E-02  -75.68  0.000E+00    0.00      4.03321E-02                 0.0000     0.00   LINEAR
  134.00    0.00   5.546E-02  -83.94  0.000E+00    0.00      3.86478E-02                 0.0000     0.00   LINEAR
  136.00    0.00   5.318E-02  -92.48  0.000E+00    0.00      3.55407E-02                 0.0000     0.00   LINEAR
  138.00    0.00   4.971E-02 -101.28  0.000E+00    0.00      3.10482E-02                 0.0000     0.00   LINEAR
  140.00    0.00   4.493E-02 -110.28  0.000E+00    0.00      2.53657E-02                 0.0000     0.00   LINEAR
  142.00    0.00   3.876E-02 -119.43  0.000E+00    0.00      1.88805E-02                 0.0000     0.00   LINEAR
  144.00    0.00   3.115E-02 -128.54  0.000E+00    0.00      1.21932E-02                 0.0000     0.00   LINEAR
  146.00    0.00   2.207E-02 -137.15  0.000E+00    0.00      6.12296E-03                 0.0000   180.00   LINEAR
  148.00    0.00   1.159E-02 -142.87  0.000E+00    0.00      1.68698E-03                 0.0000   180.00   LINEAR
  150.00    0.00   2.034E-03  -57.32  0.000E+00    0.00      5.19709E-05                 0.0000     0.00   LINEAR
  152.00    0.00   1.397E-02   -2.05  0.000E+00    0.00      2.45393E-03                 0.0000     0.00   LINEAR
  154.00    0.00   2.833E-02   -9.01  0.000E+00    0.00      1.00888E-02                 0.0000     0.00   LINEAR
  156.00    0.00   4.368E-02  -18.86  0.000E+00    0.00      2.39803E-02                 0.0000     0.00   LINEAR
  158.00    0.00   5.973E-02  -29.61  0.000E+00    0.00      4.48377E-02                 0.0000     0.00   LINEAR
  160.00    0.00   7.617E-02  -40.82  0.000E+00    0.00      7.29178E-02                 0.0000     0.00   LINEAR
  162.00    0.00   9.267E-02  -52.33  0.000E+00    0.00      1.07913E-01                 0.0000     0.00   LINEAR
  164.00    0.00   1.088E-01  -64.08  0.000E+00    0.00      1.48880E-01                 0.0000     0.00   LINEAR
  166.00    0.00   1.243E-01  -76.00  0.000E+00    0.00      1.94234E-01                 0.0000     0.00   LINEAR
  168.00    0.00   1.387E-01  -88.09  0.000E+00    0.00      2.41809E-01                 0.0000     0.00   LINEAR
  170.00    0.00   1.516E-01 -100.29  0.000E+00    0.00      2.88992E-01                 0.0000     0.00   LINEAR
  172.00    0.00   1.628E-01 -112.61  0.000E+00    0.00      3.32926E-01                 0.0000     0.00   LINEAR
  174.00    0.00   1.718E-01 -125.01  0.000E+00    0.00      3.70754E-01                 0.0000     0.00   LINEAR
  176.00    0.00   1.784E-01 -137.48  0.000E+00    0.00      3.99886E-01                 0.0000   180.00   LINEAR
  178.00    0.00   1.824E-01 -150.01  0.000E+00    0.00      4.18257E-01                 0.0000   180.00   LINEAR
  180.00    0.00   1.838E-01 -162.57  0.000E+00    0.00      4.24535E-01                 0.0000   180.00   LINEAR
  182.00    0.00   1.824E-01 -175.15  0.000E+00    0.00      4.18257E-01                 0.0000   180.00   LINEAR
  184.00    0.00   1.784E-01  172.26  0.000E+00    0.00      3.99886E-01                 0.0000   180.00   LINEAR
  186.00    0.00   1.718E-01  159.68  0.000E+00    0.00      3.70754E-01                 0.0000   180.00   LINEAR
  188.00    0.00   1.628E-01  147.12  0.000E+00    0.00      3.32926E-01                 0.0000   180.00   LINEAR
  190.00    0.00   1.516E-01  134.59  0.000E+00    0.00      2.88993E-01                 0.0000   180.00   LINEAR
  192.00    0.00   1.387E-01  122.11  0.000E+00    0.00      2.41809E-01                 0.0000   180.00   LINEAR
  194.00    0.00   1.243E-01  109.69  0.000E+00    0.00      1.94235E-01                 0.0000   180.00   LINEAR
  196.00    0.00   1.088E-01   97.33  0.000E+00    0.00      1.48880E-01                 0.0000   180.00   LINEAR
  198.00    0.00   9.267E-02   85.02  0.000E+00    0.00      1.07913E-01                 0.0000   180.00   LINEAR
  200.00    0.00   7.617E-02   72.75  0.000E+00    0.00      7.29180E-02                 0.0000   180.00   LINEAR
  202.00    0.00   5.973E-02   60.48  0.000E+00    0.00      4.48378E-02                 0.0000   180.00   LINEAR
  204.00    0.00   4.368E-02   48.08  0.000E+00    0.00      2.39804E-02                 0.0000   180.00   LINEAR
  206.00    0.00   2.833E-02   35.14  0.000E+00    0.00      1.00888E-02                 0.0000     0.00   LINEAR
  208.00    0.00   1.397E-02   19.69  0.000E+00    0.00      2.45393E-03                 0.0000     0.00   LINEAR
  210.00    0.00   2.034E-03  -57.57  0.000E+00    0.00      5.19684E-05                 0.0000     0.00   LINEAR
  212.00    0.00   1.159E-02 -164.67  0.000E+00    0.00      1.68699E-03                 0.0000   180.00   LINEAR
  214.00    0.00   2.207E-02  179.95  0.000E+00    0.00      6.12300E-03                 0.0000   180.00   LINEAR
  216.00    0.00   3.115E-02  167.96  0.000E+00    0.00      1.21933E-02                 0.0000   180.00   LINEAR
  218.00    0.00   3.876E-02  156.99  0.000E+00    0.00      1.88806E-02                 0.0000   180.00   LINEAR
  220.00    0.00   4.493E-02  146.59  0.000E+00    0.00      2.53659E-02                 0.0000   180.00   LINEAR
  222.00    0.00   4.971E-02  136.62  0.000E+00    0.00      3.10484E-02                 0.0000   180.00   LINEAR
  224.00    0.00   5.318E-02  127.02  0.000E+00    0.00      3.55409E-02                 0.0000   180.00   LINEAR
  226.00    0.00   5.546E-02  117.78  0.000E+00    0.00      3.86481E-02                 0.0000   180.00   LINEAR
  228.00    0.00   5.665E-02  108.88  0.000E+00    0.00      4.03324E-02                 0.0000   180.00   LINEAR
  230.00    0.00   5.689E-02  100.33  0.000E+00    0.00      4.06762E-02                 0.0000   180.00   LINEAR
  232.00    0.00   5.631E-02   92.14  0.000E+00    0.00      3.98436E-02                 0.0000   180.00   LINEAR
  234.00    0.00   5.502E-02   84.30  0.000E+00    0.00      3.80454E-02                 0.0000   180.00   LINEAR
  236.00    0.00   5.316E-02   76.83  0.000E+00    0.00      3.55103E-02                 0.0000   180.00   LINEAR
  238.00    0.00   5.083E-02   69.73  0.000E+00    0.00      3.24635E-02                 0.0000   180.00   LINEAR
  240.00    0.00   4.813E-02   63.01  0.000E+00    0.00      2.91103E-02                 0.0000   180.00   LINEAR
  242.00    0.00   4.516E-02   56.69  0.000E+00    0.00      2.56281E-02                 0.0000   180.00   LINEAR
  244.00    0.00   4.199E-02   50.75  0.000E+00    0.00      2.21612E-02                 0.0000   180.00   LINEAR
  246.00    0.00   3.870E-02   45.23  0.000E+00    0.00      1.88211E-02                 0.0000   180.00   LINEAR
  248.00    0.00   3.533E-02   40.11  0.000E+00    0.00      1.56886E-02                 0.0000     0.00   LINEAR
  250.00    0.00   3.194E-02   35.42  0.000E+00    0.00      1.28174E-02                 0.0000     0.00   LINEAR
  252.00    0.00   2.854E-02   31.15  0.000E+00    0.00      1.02392E-02                 0.0000     0.00   LINEAR
  254.00    0.00   2.518E-02   27.31  0.000E+00    0.00      7.96833E-03                 0.0000     0.00   LINEAR
  256.00    0.00   2.186E-02   23.91  0.000E+00    0.00      6.00638E-03                 0.0000     0.00   LINEAR
  258.00    0.00   1.860E-02   20.95  0.000E+00    0.00      4.34634E-03                 0.0000     0.00   LINEAR
  260.00    0.00   1.539E-02   18.44  0.000E+00    0.00      2.97612E-03                 0.0000     0.00   LINEAR
  262.00    0.00   1.224E-02   16.38  0.000E+00    0.00      1.88134E-03                 0.0000     0.00   LINEAR
  264.00    0.00   9.130E-03   14.77  0.000E+00    0.00      1.04759E-03                 0.0000     0.00   LINEAR
  266.00    0.00   6.064E-03   13.63  0.000E+00    0.00      4.62109E-04                 0.0000     0.00   LINEAR
  268.00    0.00   3.025E-03   12.94  0.000E+00    0.00      1.14994E-04                 0.0000     0.00   LINEAR
  270.00    0.00   1.591E-17   12.71  0.000E+00    0.00      3.17972E-33                 0.0000     0.00   LINEAR
  272.00    0.00   3.025E-03 -167.06  0.000E+00    0.00      1.14994E-04                 0.0000   180.00   LINEAR
  274.00    0.00   6.064E-03 -166.37  0.000E+00    0.00      4.62109E-04                 0.0000   180.00   LINEAR
  276.00    0.00   9.130E-03 -165.23  0.000E+00    0.00      1.04759E-03                 0.0000   180.00   LINEAR
  278.00    0.00   1.224E-02 -163.62  0.000E+00    0.00      1.88134E-03                 0.0000   180.00   LINEAR
  280.00    0.00   1.539E-02 -161.56  0.000E+00    0.00      2.97612E-03                 0.0000   180.00   LINEAR
  282.00    0.00   1.860E-02 -159.05  0.000E+00    0.00      4.34634E-03                 0.0000   180.00   LINEAR
  284.00    0.00   2.186E-02 -156.09  0.000E+00    0.00      6.00638E-03                 0.0000   180.00   LINEAR
  286.00    0.00   2.518E-02 -152.69  0.000E+00    0.00      7.96833E-03                 0.0000   180.00   LINEAR
  288.00    0.00   2.854E-02 -148.85  0.000E+00    0.00      1.02392E-02                 0.0000   180.00   LINEAR
  290.00    0.00   3.194E-02 -144.58  0.000E+00    0.00      1.28174E-02                 0.0000   180.00   LINEAR
  292.00    0.00   3.533E-02 -139.89  0.000E+00    0.00      1.56886E-02                 0.0000   180.00   LINEAR
  294.00    0.00   3.870E-02 -134.77  0.000E+00    0.00      1.88211E-02                 0.0000     0.00   LINEAR
  296.00    0.00   4.199E-02 -129.25  0.000E+00    0.00      2.21612E-02                 0.0000     0.00   LINEAR
  298.00    0.00   4.516E-02 -123.31  0.000E+00    0.00      2.56281E-02                 0.0000     0.00   LINEAR
  300.00    0.00   4.813E-02 -116.99  0.000E+00    0.00      2.91103E-02                 0.0000     0.00   LINEAR
  302.00    0.00   5.083E-02 -110.27  0.000E+00    0.00      3.24635E-02                 0.0000     0.00   LINEAR
  304.00    0.00   5.316E-02 -103.17  0.000E+00    0.00      3.55103E-02                 0.0000     0.00   LINEAR
  306.00    0.00   5.502E-02  -95.70  0.000E+00    0.00      3.80454E-02                 0.0000     0.00   LINEAR
  308.00    0.00   5.631E-02  -87.86  0.000E+00    0.00      3.98436E-02                 0.0000     0.00   LINEAR
  310.00    0.00   5.689E-02  -79.67  0.000E+00    0.00      4.06762E-02                 0.0000     0.00   LINEAR
  312.00    0.00   5.665E-02  -71.12  0.000E+00    0.00      4.03324E-02                 0.0000     0.00   LINEAR
  314.00    0.00   5.546E-02  -62.22  0.000E+00    0.00      3.86481E-02                 0.0000     0.00   LINEAR
  316.00    0.00   5.318E-02  -52.98  0.000E+00    0.00      3.55409E-02                 0.0000     0.00   LINEAR
  318.00    0.00   4.971E-02  -43.38  0.000E+00    0.00      3.10484E-02                 0.0000     0.00   LINEAR
  320.00    0.00   4.493E-02  -33.41  0.000E+00    0.00      2.53659E-02                 0.0000     0.00   LINEAR
  322.00    0.00   3.876E-02  -23.01  0.000E+00    0.00      1.88806E-02                 0.0000     0.00   LINEAR
  324.00    0.00   3.115E-02  -12.04  0.000E+00    0.00      1.21933E-02                 0.0000     0.00   LINEAR
  326.00    0.00   2.207E-02   -0.05  0.000E+00    0.00      6.12299E-03                 0.0000     0.00   LINEAR
  328.00    0.00   1.159E-02   15.33  0.000E+00    0.00      1.68699E-03                 0.0000     0.00   LINEAR
  330.00    0.00   2.034E-03  122.43  0.000E+00    0.00      5.19676E-05                 0.0000   180.00   LINEAR
  332.00    0.00   1.397E-02 -160.31  0.000E+00    0.00      2.45393E-03                 0.0000   180.00   LINEAR
  334.00    0.00   2.833E-02 -144.86  0.000E+00    0.00      1.00888E-02                 0.0000   180.00   LINEAR
  336.00    0.00   4.368E-02 -131.92  0.000E+00    0.00      2.39804E-02                 0.0000     0.00   LINEAR
  338.00    0.00   5.973E-02 -119.52  0.000E+00    0.00      4.48378E-02                 0.0000     0.00   LINEAR
  340.00    0.00   7.617E-02 -107.25  0.000E+00    0.00      7.29180E-02                 0.0000     0.00   LINEAR
  342.00    0.00   9.267E-02  -94.98  0.000E+00    0.00      1.07913E-01                 0.0000     0.00   LINEAR
  344.00    0.00   1.088E-01  -82.67  0.000E+00    0.00      1.48880E-01                 0.0000     0.00   LINEAR
  346.00    0.00   1.243E-01  -70.31  0.000E+00    0.00      1.94235E-01                 0.0000     0.00   LINEAR
  348.00    0.00   1.387E-01  -57.89  0.000E+00    0.00      2.41809E-01                 0.0000     0.00   LINEAR
  350.00    0.00   1.516E-01  -45.41  0.000E+00    0.00      2.88993E-01                 0.0000     0.00   LINEAR
  352.00    0.00   1.628E-01  -32.88  0.000E+00    0.00      3.32926E-01                 0.0000     0.00   LINEAR
  354.00    0.00   1.718E-01  -20.32  0.000E+00    0.00      3.70754E-01                 0.0000     0.00   LINEAR
  356.00    0.00   1.784E-01   -7.74  0.000E+00    0.00      3.99886E-01                 0.0000     0.00   LINEAR
  358.00    0.00   1.824E-01    4.85  0.000E+00    0.00      4.18257E-01                 0.0000     0.00   LINEAR
  360.00    0.00   1.838E-01   17.43  0.000E+00    0.00      4.24535E-01                 0.0000     0.00   LINEAR